1546152934.76
1546152934.92
1546152934.96
1546152934.99
1546152935.03
1546152935.06
1546152935.09
1546152935.12
1546152935.15
1546152935.19
1546152935.22
1546152935.26
1546152935.29
1546152935.32
1546152935.36
1546152935.39
1546152935.42
1546152935.45
1546152935.49
1546152935.52
1546152935.56
1546152935.59
1546152935.62
1546152935.66
1546152935.69
1546152935.72
1546152935.76
1546152935.79
1546152935.82
1546152935.86
1546152935.89
1546152935.92
1546152935.96
1546152935.99
1546152936.02
1546152936.06
1546152936.09
1546152936.12
1546152936.16
1546152936.19
1546152936.22
1546152936.26
1546152936.29
1546152936.32
1546152936.36
1546152936.39
1546152936.42
1546152936.45
1546152936.49
1546152936.52
1546152936.56
1546152936.59
1546152936.62
1546152936.65
1546152936.69
1546152936.72
1546152936.76
1546152936.79
1546152936.82
1546152936.86
1546152936.89
1546152936.92
1546152936.95
1546152936.99
1546152937.02
1546152937.06
1546152937.09
1546152937.12
1546152937.15
1546152937.19
1546152937.22
1546152937.26
1546152937.29
1546152937.32
1546152937.36
1546152937.39
1546152937.42
1546152937.45
1546152937.49
1546152937.52
1546152937.56
1546152937.59
1546152937.62
1546152937.65
1546152937.69
1546152937.72
1546152937.76
1546152937.79
1546152937.82
1546152937.86
1546152937.89
1546152937.92
1546152937.96
1546152937.99
1546152938.02
1546152938.06
1546152938.09
1546152938.12
1546152938.15
1546152938.19
1546152938.22
1546152938.26
1546152938.29
1546152938.32
1546152938.35
1546152938.39
1546152938.42
1546152938.45
1546152938.49
1546152938.52
1546152938.55
1546152938.59
1546152938.62
1546152938.65
1546152938.69
1546152938.72
1546152938.76
1546152938.79
1546152938.82
1546152938.86
1546152938.89
1546152938.92
1546152938.95
1546152938.99
1546152939.02
1546152939.06
1546152939.09
1546152939.12
1546152939.15
1546152939.19
1546152939.22
1546152939.25
1546152939.29
1546152939.32
1546152939.35
1546152939.39
1546152939.42
1546152939.45
1546152939.49
1546152939.52
1546152939.55
1546152939.59
1546152939.62
1546152939.65
1546152939.69
1546152939.72
1546152939.75
1546152939.79
1546152939.82
1546152939.85
1546152939.89
1546152939.92
1546152939.95
1546152939.99
1546152940.02
1546152940.05
1546152940.09
1546152940.12
1546152940.15
1546152940.19
1546152940.22
1546152940.25
1546152940.29
1546152940.32
1546152940.35
1546152940.39
1546152940.42
1546152940.45
1546152940.49
1546152940.52
1546152940.55
1546152940.59
1546152940.62
1546152940.65
1546152940.69
1546152940.72
1546152940.75
1546152940.79
1546152940.82
1546152940.85
1546152940.89
1546152940.92
1546152940.95
1546152940.99
1546152941.02
1546152941.05
1546152941.09
1546152941.12
1546152941.15
1546152941.19
1546152941.22
1546152941.25
1546152941.29
1546152941.32
1546152941.35
1546152941.39
1546152941.42
1546152941.45
1546152941.49
1546152941.52
1546152941.55
1546152941.59
1546152941.62
1546152941.65
1546152941.69
1546152941.72
1546152941.75
1546152941.79
1546152941.82
1546152941.85
1546152941.89
1546152941.92
1546152941.95
1546152941.99
1546152942.02
1546152942.05
1546152942.09
1546152942.12
1546152942.15
1546152942.19
1546152942.22
1546152942.25
1546152942.29
1546152942.32
1546152942.35
1546152942.39
1546152942.42
1546152942.45
1546152942.49
1546152942.52
1546152942.55
1546152942.59
1546152942.62
1546152942.65
1546152942.69
1546152942.72
1546152942.76
1546152942.79
1546152942.82
1546152942.85
1546152942.89
1546152942.92
1546152942.95
1546152942.99
1546152943.02
1546152943.06
1546152943.09
1546152943.12
1546152943.15
1546152943.19
1546152943.22
1546152943.26
1546152943.29
1546152943.32
1546152943.35
1546152943.39
1546152943.42
1546152943.45
1546152943.49
1546152943.52
1546152943.56
1546152943.59
1546152943.62
1546152943.65
1546152943.69
1546152943.72
1546152943.76
1546152943.79
1546152943.82
1546152943.86
1546152943.89
1546152943.92
1546152943.95
1546152943.99
1546152944.02
1546152944.06
1546152944.09
1546152944.12
1546152944.15
1546152944.19
1546152944.22
1546152944.26
1546152944.29
1546152944.32
1546152944.36
1546152944.39
1546152944.42
1546152944.46
1546152944.49
1546152944.52
1546152944.56
1546152944.59
1546152944.62
1546152944.65
1546152944.69
1546152944.72
1546152944.76
1546152944.79
1546152944.82
1546152944.86
1546152944.89
1546152944.92
1546152944.96
1546152944.99
1546152945.02
1546152945.06
1546152945.09
1546152945.12
1546152945.16
1546152945.19
1546152945.22
1546152945.26
1546152945.29
1546152945.32
1546152945.36
1546152945.39
1546152945.42
1546152945.46
1546152945.49
1546152945.52
1546152945.56
1546152945.59
1546152945.62
1546152945.66
1546152945.69
1546152945.72
1546152945.76
1546152945.79
1546152945.82
1546152945.86
1546152945.89
1546152945.92
1546152945.96
1546152945.99
1546152946.02
1546152946.06
1546152946.09
1546152946.12
1546152946.16
1546152946.19
1546152946.22
1546152946.26
1546152946.29
1546152946.32
1546152946.36
1546152946.39
1546152946.42
1546152946.46
1546152946.49
1546152946.53
1546152946.56
1546152946.59
1546152946.62
1546152946.66
1546152946.69
1546152946.72
1546152946.76
1546152946.79
1546152946.83
1546152946.86
1546152946.89
1546152946.92
1546152946.96
1546152946.99
1546152947.02
1546152947.06
1546152947.09
1546152947.12
1546152947.16
1546152947.19
1546152947.22
1546152947.26
1546152947.29
1546152947.33
1546152947.36
1546152947.39
1546152947.42
1546152947.46
1546152947.49
1546152947.53
1546152947.56
1546152947.59
1546152947.62
1546152947.66
1546152947.69
1546152947.73
1546152947.75
1546152947.79
1546152947.82
1546152947.85
1546152947.88
1546152947.92
1546152947.95
1546152947.98
1546152948.02
1546152948.05
1546152948.08
1546152948.12
1546152948.15
1546152948.18
1546152948.22
1546152948.25
1546152948.29
1546152948.32
1546152948.35
1546152948.38
1546152948.42
1546152948.45
1546152948.48
1546152948.52
1546152948.55
1546152948.58
1546152948.62
1546152948.65
1546152948.68
1546152948.72
1546152948.75
1546152948.78
1546152948.82
1546152948.85
1546152948.88
1546152948.92
1546152948.95
1546152948.98
1546152949.02
1546152949.05
1546152949.09
1546152949.12
1546152949.15
1546152949.18
1546152949.22
1546152949.25
1546152949.28
1546152949.32
1546152949.35
1546152949.38
1546152949.42
1546152949.45
1546152949.48
1546152949.52
1546152949.55
1546152949.58
1546152949.62
1546152949.65
1546152949.68
1546152949.72
1546152949.75
1546152949.78
1546152949.82
1546152949.85
1546152949.88
1546152949.92
1546152949.95
1546152949.98
1546152950.02
1546152950.05
1546152950.08
1546152950.12
1546152950.15
1546152950.18
1546152950.22
1546152950.25
1546152950.28
1546152950.32
1546152950.35
1546152950.38
1546152950.42
1546152950.45
1546152950.48
1546152950.52
1546152950.55
1546152950.58
1546152950.62
1546152950.65
1546152950.68
1546152950.72
1546152950.75
1546152950.78
1546152950.82
1546152950.85
1546152950.88
1546152950.92
1546152950.95
1546152950.98
1546152951.02
1546152951.05
1546152951.08
1546152951.12
1546152951.15
1546152951.18
1546152951.22
1546152951.25
1546152951.28
1546152951.32
1546152951.35
1546152951.38
1546152951.42
1546152951.45
1546152951.48
1546152951.52
1546152951.55
1546152951.58
1546152951.62
1546152951.65
1546152951.68
1546152951.72
1546152951.75
1546152951.78
1546152951.82
1546152951.85
1546152951.88
1546152951.92
1546152951.95
1546152951.98
1546152952.02
1546152952.05
1546152952.08
1546152952.12
1546152952.15
1546152952.18
1546152952.22
1546152952.25
1546152952.28
1546152952.32
1546152952.35
1546152952.38
1546152952.42
1546152952.45
1546152952.48
1546152952.52
1546152952.55
1546152952.58
1546152952.62
1546152952.65
1546152952.68
1546152952.71
1546152952.75
1546152952.78
1546152952.82
1546152952.85
1546152952.88
1546152952.91
1546152952.95
1546152952.98
1546152953.02
1546152953.05
1546152953.08
1546152953.12
1546152953.15
1546152953.18
1546152953.21
1546152953.25
1546152953.28
1546152953.32
1546152953.35
1546152953.38
1546152953.41
1546152953.45
1546152953.48
1546152953.52
1546152953.55
1546152953.58
1546152953.61
1546152953.65
1546152953.68
1546152953.71
1546152953.75
1546152953.78
1546152953.82
1546152953.85
1546152953.88
1546152953.91
1546152953.95
1546152953.98
1546152954.01
1546152954.05
1546152954.08
1546152954.11
1546152954.15
1546152954.18
1546152954.21
1546152954.25
1546152954.28
1546152954.31
1546152954.35
1546152954.38
1546152954.41
1546152954.45
1546152954.48
1546152954.51
1546152954.55
1546152954.58
1546152954.61
1546152954.65
1546152954.68
1546152954.71
1546152954.75
1546152954.78
1546152954.81
1546152954.85
1546152954.88
1546152954.91
1546152954.95
1546152954.98
1546152955.01
1546152955.05
1546152955.08
1546152955.11
1546152955.15
1546152955.18
1546152955.21
1546152955.25
1546152955.28
1546152955.31
1546152955.35
1546152955.38
1546152955.41
1546152955.44
1546152955.48
1546152955.51
1546152955.55
1546152955.58
1546152955.61
1546152955.64
1546152955.68
1546152955.71
1546152955.74
1546152955.78
1546152955.81
1546152955.84
1546152955.88
1546152955.91
1546152955.94
1546152955.98
1546152956.01
1546152956.04
1546152956.08
1546152956.11
1546152956.14
1546152956.18
1546152956.21
1546152956.24
1546152956.28
1546152956.31
1546152956.34
1546152956.38
1546152956.41
1546152956.44
1546152956.48
1546152956.51
1546152956.54
1546152956.58
1546152956.61
1546152956.64
1546152956.68
1546152956.71
1546152956.74
1546152956.78
1546152956.81
1546152956.84
1546152956.88
1546152956.91
1546152956.94
1546152956.98
1546152957.01
1546152957.04
1546152957.08
1546152957.11
1546152957.14
1546152957.18
1546152957.21
1546152957.24
1546152957.28
1546152957.31
1546152957.34
1546152957.38
1546152957.41
1546152957.44
1546152957.48
1546152957.51
1546152957.54
1546152957.58
1546152957.61
1546152957.64
1546152957.68
1546152957.71
1546152957.74
1546152957.78
1546152957.81
1546152957.84
1546152957.88
1546152957.91
1546152957.94
1546152957.98
1546152958.01
1546152958.04
1546152958.08
1546152958.11
1546152958.14
1546152958.18
1546152958.21
1546152958.24
1546152958.28
1546152958.31
1546152958.34
1546152958.38
1546152958.41
1546152958.44
1546152958.48
1546152958.51
1546152958.54
1546152958.58
1546152958.61
1546152958.64
1546152958.68
1546152958.71
1546152958.74
1546152958.78
1546152958.81
1546152958.84
1546152958.88
1546152958.91
1546152958.94
1546152958.98
1546152959.01
1546152959.04
1546152959.08
1546152959.11
1546152959.14
1546152959.18
1546152959.21
1546152959.24
1546152959.28
1546152959.31
1546152959.35
1546152959.38
1546152959.41
1546152959.44
1546152959.48
1546152959.51
1546152959.54
1546152959.58
1546152959.61
1546152959.64
1546152959.68
1546152959.71
1546152959.74
1546152959.78
1546152959.81
1546152959.84
1546152959.88
1546152959.91
1546152959.94
1546152959.98
1546152960.01
1546152960.04
1546152960.08
1546152960.11
1546152960.14
1546152960.18
1546152960.21
1546152960.24
1546152960.28
1546152960.31
1546152960.34
1546152960.38
1546152960.41
1546152960.44
1546152960.48
1546152960.51
1546152960.54
1546152960.58
1546152960.61
1546152960.64
1546152960.68
1546152960.71
1546152960.74
1546152960.78
1546152960.81
1546152960.84
1546152960.88
1546152960.91
1546152960.94
1546152960.97
1546152961.01
1546152961.04
1546152961.08
1546152961.11
1546152961.14
1546152961.18
1546152961.21
1546152961.24
1546152961.28
1546152961.31
1546152961.34
1546152961.38
1546152961.41
1546152961.44
1546152961.47
1546152961.51
1546152961.54
1546152961.58
1546152961.61
1546152961.64
1546152961.68
1546152961.71
1546152961.74
1546152961.78
1546152961.81
1546152961.84
1546152961.88
1546152961.91
1546152961.94
1546152961.98
1546152962.01
1546152962.04
1546152962.08
1546152962.11
1546152962.14
1546152962.18
1546152962.21
1546152962.24
1546152962.28
1546152962.31
1546152962.34
1546152962.38
1546152962.41
1546152962.44
1546152962.48
1546152962.51
1546152962.54
1546152962.58
1546152962.61
1546152962.64
1546152962.68
1546152962.71
1546152962.74
1546152962.78
1546152962.81
1546152962.84
1546152962.88
1546152962.91
1546152962.94
1546152962.98
1546152963.01
1546152963.04
1546152963.08
1546152963.11
1546152963.14
1546152963.18
1546152963.21
1546152963.24
1546152963.28
1546152963.31
1546152963.34
1546152963.38
1546152963.41
1546152963.44
1546152963.48
1546152963.51
1546152963.54
1546152963.58
1546152963.61
1546152963.64
1546152963.68
1546152963.71
1546152963.74
1546152963.78
1546152963.81
1546152963.84
1546152963.88
1546152963.91
1546152963.94
1546152963.98
1546152964.01
1546152964.04
1546152964.08
1546152964.11
1546152964.14
1546152964.18
1546152964.21
1546152964.24
1546152964.28
1546152964.31
1546152964.34
1546152964.38
1546152964.41
1546152964.44
1546152964.48
1546152964.51
1546152964.54
1546152964.58
1546152964.61
1546152964.64
1546152964.68
1546152964.71
1546152964.74
1546152964.78
1546152964.81
1546152964.84
1546152964.88
1546152964.91
1546152964.94
1546152964.98
1546152965.01
1546152965.04
1546152965.08
1546152965.11
1546152965.14
1546152965.18
1546152965.21
1546152965.24
1546152965.28
1546152965.31
1546152965.34
1546152965.38
1546152965.41
1546152965.44
1546152965.47
1546152965.51
1546152965.54
1546152965.58
1546152965.61
1546152965.64
1546152965.67
1546152965.71
1546152965.74
1546152965.78
1546152965.81
1546152965.84
1546152965.88
1546152965.91
1546152965.94
1546152965.98
1546152966.01
1546152966.04
1546152966.08
1546152966.11
1546152966.14
1546152966.17
1546152966.21
1546152966.24
1546152966.27
1546152966.31
1546152966.34
1546152966.38
1546152966.41
1546152966.44
1546152966.47
1546152966.51
1546152966.54
1546152966.58
1546152966.61
1546152966.64
1546152966.67
1546152966.71
1546152966.74
1546152966.78
1546152966.81
1546152966.84
1546152966.88
1546152966.91
1546152966.94
1546152966.98
1546152967.01
1546152967.04
1546152967.08
1546152967.11
1546152967.14
1546152967.17
1546152967.21
1546152967.24
1546152967.28
1546152967.31
1546152967.34
1546152967.38
1546152967.41
1546152967.44
1546152967.47
1546152967.51
1546152967.54
1546152967.58
1546152967.61
1546152967.64
1546152967.67
1546152967.71
1546152967.74
1546152967.78
1546152967.81
1546152967.84
1546152967.88
1546152967.91
1546152967.94
1546152967.98
1546152968.01
1546152968.04
1546152968.08
1546152968.11
1546152968.14
1546152968.18
1546152968.21
1546152968.24
1546152968.28
1546152968.31
1546152968.34
1546152968.38
1546152968.41
1546152968.44
1546152968.48
1546152968.51
1546152968.54
1546152968.58
1546152968.61
1546152968.64
1546152968.68
1546152968.71
1546152968.74
1546152968.78
1546152968.81
1546152968.84
1546152968.88
1546152968.91
1546152968.94
1546152968.98
1546152969.01
1546152969.05
1546152969.08
1546152969.11
1546152969.15
1546152969.18
1546152969.21
1546152969.24
1546152969.28
1546152969.31
1546152969.34
1546152969.38
1546152969.41
1546152969.44
1546152969.48
1546152969.51
1546152969.55
1546152969.58
1546152969.61
1546152969.64
1546152969.68
1546152969.71
1546152969.74
1546152969.78
1546152969.81
1546152969.85
1546152969.88
1546152969.91
1546152969.94
1546152969.98
1546152970.01
1546152970.04
1546152970.08
1546152970.11
1546152970.14
1546152970.18
1546152970.21
1546152970.24
1546152970.28
1546152970.31
1546152970.35
1546152970.38
1546152970.41
1546152970.44
1546152970.48
1546152970.51
1546152970.55
1546152970.58
1546152970.61
1546152970.65
1546152970.68
1546152970.71
1546152970.75
1546152970.78
1546152970.81
1546152970.85
1546152970.88
1546152970.91
1546152970.94
1546152970.98
1546152971.01
1546152971.05
1546152971.08
1546152971.11
1546152971.15
1546152971.18
1546152971.21
1546152971.25
1546152971.28
1546152971.31
1546152971.35
1546152971.38
1546152971.41
1546152971.45
1546152971.48
1546152971.51
1546152971.55
1546152971.58
1546152971.61
1546152971.65
1546152971.68
1546152971.71
1546152971.75
1546152971.78
1546152971.81
1546152971.85
1546152971.88
1546152971.91
1546152971.94
1546152971.97
1546152972.01
1546152972.04
1546152972.07
1546152972.11
1546152972.14
1546152972.17
1546152972.21
1546152972.24
1546152972.27
1546152972.31
1546152972.34
1546152972.37
1546152972.41
1546152972.44
1546152972.47
1546152972.51
1546152972.54
1546152972.57
1546152972.61
1546152972.64
1546152972.67
1546152972.71
1546152972.74
1546152972.77
1546152972.81
1546152972.84
1546152972.87
1546152972.91
1546152972.94
1546152972.97
1546152973.01
1546152973.04
1546152973.07
1546152973.11
1546152973.14
1546152973.17
1546152973.21
1546152973.24
1546152973.27
1546152973.31
1546152973.34
1546152973.37
1546152973.41
1546152973.44
1546152973.47
1546152973.51
1546152973.54
1546152973.57
1546152973.61
1546152973.64
1546152973.67
1546152973.7
1546152973.74
1546152973.77
1546152973.81
1546152973.84
1546152973.87
1546152973.9
1546152973.94
1546152973.97
1546152974.0
1546152974.04
1546152974.07
1546152974.1
1546152974.14
1546152974.17
1546152974.2
1546152974.24
1546152974.27
1546152974.3
1546152974.34
1546152974.37
1546152974.4
1546152974.44
1546152974.47
1546152974.5
1546152974.54
1546152974.57
1546152974.6
1546152974.64
1546152974.67
1546152974.7
1546152974.74
1546152974.77
1546152974.8
1546152974.84
1546152974.87
1546152974.9
1546152974.94
1546152974.97
1546152975.0
1546152975.04
1546152975.07
1546152975.1
1546152975.14
1546152975.17
1546152975.2
1546152975.24
1546152975.27
1546152975.3
1546152975.34
1546152975.37
1546152975.4
1546152975.44
1546152975.47
1546152975.5
1546152975.54
1546152975.57
1546152975.6
1546152975.64
1546152975.67
1546152975.7
1546152975.74
1546152975.77
1546152975.8
1546152975.84
1546152975.87
1546152975.9
1546152975.94
1546152975.97
1546152976.0
1546152976.04
1546152976.07
1546152976.1
1546152976.14
1546152976.17
1546152976.2
1546152976.24
1546152976.27
1546152976.3
1546152976.34
1546152976.37
1546152976.4
1546152976.44
1546152976.47
1546152976.5
1546152976.54
1546152976.57
1546152976.6
1546152976.64
1546152976.67
1546152976.7
1546152976.74
1546152976.77
1546152976.8
1546152976.84
1546152976.87
1546152976.9
1546152976.94
1546152976.97
1546152977.0
1546152977.04
1546152977.07
1546152977.1
1546152977.14
1546152977.17
1546152977.2
1546152977.24
1546152977.27
1546152977.3
1546152977.34
1546152977.37
1546152977.4
1546152977.44
1546152977.47
1546152977.5
1546152977.54
1546152977.57
1546152977.6
1546152977.64
1546152977.67
1546152977.7
1546152977.74
1546152977.77
1546152977.8
1546152977.84
1546152977.87
1546152977.9
1546152977.94
1546152977.97
1546152978.0
1546152978.04
1546152978.07
1546152978.1
1546152978.14
1546152978.17
1546152978.2
1546152978.24
1546152978.27
1546152978.3
1546152978.34
1546152978.37
1546152978.4
1546152978.43
1546152978.47
1546152978.5
1546152978.54
1546152978.57
1546152978.6
1546152978.63
1546152978.67
1546152978.7
1546152978.73
1546152978.77
1546152978.8
1546152978.83
1546152978.87
1546152978.9
1546152978.93
1546152978.97
1546152979.0
1546152979.04
1546152979.07
1546152979.1
1546152979.13
1546152979.17
1546152979.2
1546152979.24
1546152979.27
1546152979.3
1546152979.34
1546152979.37
1546152979.4
1546152979.43
1546152979.47
1546152979.5
1546152979.54
1546152979.57
1546152979.6
1546152979.64
1546152979.67
1546152979.7
1546152979.73
1546152979.77
1546152979.8
1546152979.83
1546152979.87
1546152979.9
1546152979.93
1546152979.97
1546152980.0
1546152980.03
1546152980.07
1546152980.1
1546152980.13
1546152980.17
1546152980.2
1546152980.23
1546152980.27
1546152980.3
1546152980.33
1546152980.37
1546152980.4
1546152980.43
1546152980.47
1546152980.5
1546152980.53
1546152980.57
1546152980.6
1546152980.63
1546152980.67
1546152980.7
1546152980.73
1546152980.77
1546152980.8
1546152980.83
1546152980.87
1546152980.9
1546152980.93
1546152980.97
1546152981.0
1546152981.03
1546152981.07
1546152981.1
1546152981.13
1546152981.17
1546152981.2
1546152981.23
1546152981.27
1546152981.3
1546152981.33
1546152981.37
1546152981.4
1546152981.43
1546152981.47
1546152981.5
1546152981.53
1546152981.57
1546152981.6
1546152981.63
1546152981.67
1546152981.7
1546152981.73
1546152981.77
1546152981.8
1546152981.83
1546152981.87
1546152981.9
1546152981.93
1546152981.97
1546152982.0
1546152982.03
1546152982.07
1546152982.1
1546152982.13
1546152982.17
1546152982.2
1546152982.23
1546152982.27
1546152982.3
1546152982.33
1546152982.37
1546152982.4
1546152982.43
1546152982.47
1546152982.5
1546152982.53
1546152982.57
1546152982.6
1546152982.63
1546152982.67
1546152982.7
1546152982.73
1546152982.77
1546152982.8
1546152982.83
1546152982.87
1546152982.9
1546152982.93
1546152982.97
1546152983.0
1546152983.03
1546152983.07
1546152983.1
1546152983.13
1546152983.17
1546152983.2
1546152983.23
1546152983.27
1546152983.3
1546152983.33
1546152983.37
1546152983.4
1546152983.43
1546152983.47
1546152983.5
1546152983.53
1546152983.57
1546152983.6
1546152983.63
1546152983.67
1546152983.7
1546152983.73
1546152983.77
1546152983.8
1546152983.83
1546152983.87
1546152983.9
1546152983.93
1546152983.97
1546152984.0
1546152984.03
1546152984.07
1546152984.1
1546152984.13
1546152984.17
1546152984.2
1546152984.23
1546152984.27
1546152984.3
1546152984.33
1546152984.37
1546152984.4
1546152984.43
1546152984.47
1546152984.5
1546152984.53
1546152984.57
1546152984.6
1546152984.63
1546152984.67
1546152984.7
1546152984.73
1546152984.77
1546152984.8
1546152984.83
1546152984.87
1546152984.9
1546152984.93
1546152984.97
1546152985.0
1546152985.03
1546152985.07
1546152985.1
1546152985.13
1546152985.16
1546152985.2
1546152985.23
1546152985.27
1546152985.3
1546152985.33
1546152985.37
1546152985.4
1546152985.43
1546152985.46
1546152985.5
1546152985.53
1546152985.57
1546152985.6
1546152985.63
1546152985.66
1546152985.7
1546152985.73
1546152985.77
1546152985.8
1546152985.83
1546152985.87
1546152985.9
1546152985.93
1546152985.96
1546152986.0
1546152986.03
1546152986.07
1546152986.1
1546152986.13
1546152986.16
1546152986.2
1546152986.23
1546152986.27
1546152986.3
1546152986.33
1546152986.37
1546152986.4
1546152986.43
1546152986.46
1546152986.5
1546152986.53
1546152986.56
1546152986.6
1546152986.63
1546152986.66
1546152986.7
1546152986.73
1546152986.76
1546152986.8
1546152986.83
1546152986.86
1546152986.9
1546152986.93
1546152986.96
1546152987.0
1546152987.03
1546152987.06
1546152987.1
1546152987.13
1546152987.16
1546152987.2
1546152987.23
1546152987.26
1546152987.3
1546152987.33
1546152987.36
1546152987.4
1546152987.43
1546152987.46
1546152987.5
1546152987.53
1546152987.57
1546152987.6
1546152987.63
1546152987.66
1546152987.7
1546152987.73
1546152987.76
1546152987.8
1546152987.83
1546152987.86
1546152987.9
1546152987.93
1546152987.96
1546152988.0
1546152988.03
1546152988.06
1546152988.1
1546152988.13
1546152988.16
1546152988.2
1546152988.23
1546152988.26
1546152988.3
1546152988.33
1546152988.36
1546152988.4
1546152988.43
1546152988.46
1546152988.5
1546152988.53
1546152988.56
1546152988.6
1546152988.63
1546152988.66
1546152988.7
1546152988.73
1546152988.76
1546152988.8
1546152988.83
1546152988.86
1546152988.9
1546152988.93
1546152988.96
1546152989.0
1546152989.03
1546152989.06
1546152989.1
1546152989.13
1546152989.16
1546152989.2
1546152989.23
1546152989.26
1546152989.3
1546152989.33
1546152989.36
1546152989.4
1546152989.43
1546152989.46
1546152989.5
1546152989.53
1546152989.56
1546152989.6
1546152989.63
1546152989.66
1546152989.69
1546152989.73
1546152989.76
1546152989.8
1546152989.83
1546152989.86
1546152989.89
1546152989.93
1546152989.96
1546152989.99
1546152990.03
1546152990.06
1546152990.1
1546152990.13
1546152990.16
1546152990.19
1546152990.23
1546152990.26
1546152990.3
1546152990.33
1546152990.36
1546152990.4
1546152990.43
1546152990.46
1546152990.49
1546152990.53
1546152990.56
1546152990.6
1546152990.63
1546152990.66
1546152990.69
1546152990.73
1546152990.76
1546152990.79
1546152990.83
1546152990.86
1546152990.89
1546152990.93
1546152990.96
1546152990.99
1546152991.03
1546152991.06
1546152991.1
1546152991.13
1546152991.16
1546152991.19
1546152991.23
1546152991.26
1546152991.29
1546152991.33
1546152991.36
1546152991.39
1546152991.43
1546152991.46
1546152991.49
1546152991.53
1546152991.56
1546152991.6
1546152991.63
1546152991.66
1546152991.69
1546152991.73
1546152991.76
1546152991.8
1546152991.83
1546152991.86
1546152991.89
1546152991.93
1546152991.96
1546152992.0
1546152992.03
1546152992.06
1546152992.1
1546152992.13
1546152992.16
1546152992.19
1546152992.23
1546152992.26
1546152992.3
1546152992.33
1546152992.36
1546152992.39
1546152992.43
1546152992.46
1546152992.49
1546152992.53
1546152992.56
1546152992.59
1546152992.63
1546152992.66
1546152992.69
1546152992.73
1546152992.76
1546152992.8
1546152992.83
1546152992.86
1546152992.9
1546152992.93
1546152992.96
1546152992.99
1546152993.03
1546152993.06
1546152993.1
1546152993.13
1546152993.16
1546152993.19
1546152993.23
1546152993.26
1546152993.3
1546152993.33
1546152993.36
1546152993.39
1546152993.43
1546152993.46
1546152993.49
1546152993.53
1546152993.56
1546152993.6
1546152993.63
1546152993.66
1546152993.69
1546152993.73
1546152993.76
1546152993.8
1546152993.83
1546152993.86
1546152993.89
1546152993.93
1546152993.96
1546152993.99
1546152994.03
1546152994.06
1546152994.1
1546152994.13
1546152994.16
1546152994.2
1546152994.23
1546152994.26
1546152994.3
1546152994.33
1546152994.36
1546152994.4
1546152994.43
1546152994.46
1546152994.5
1546152994.53
1546152994.56
1546152994.6
1546152994.63
1546152994.66
1546152994.7
1546152994.73
1546152994.76
1546152994.8
1546152994.83
1546152994.86
1546152994.9
1546152994.93
1546152994.96
1546152995.0
1546152995.03
1546152995.06
1546152995.1
1546152995.13
1546152995.16
1546152995.2
1546152995.23
1546152995.26
1546152995.3
1546152995.33
1546152995.36
1546152995.4
1546152995.43
1546152995.46
1546152995.5
1546152995.53
1546152995.56
1546152995.6
1546152995.63
1546152995.66
1546152995.7
1546152995.73
1546152995.76
1546152995.8
1546152995.83
1546152995.86
1546152995.9
1546152995.93
1546152995.96
1546152995.99
1546152996.02
1546152996.06
1546152996.09
1546152996.12
1546152996.16
1546152996.19
1546152996.22
1546152996.26
1546152996.29
1546152996.32
1546152996.36
1546152996.39
1546152996.42
1546152996.46
1546152996.49
1546152996.52
1546152996.56
1546152996.59
1546152996.62
1546152996.66
1546152996.69
1546152996.72
1546152996.76
1546152996.79
1546152996.82
1546152996.86
1546152996.89
1546152996.92
1546152996.96
1546152996.99
1546152997.03
1546152997.06
1546152997.09
1546152997.12
1546152997.16
1546152997.19
1546152997.22
1546152997.26
1546152997.29
1546152997.33
1546152997.36
1546152997.39
1546152997.42
1546152997.46
1546152997.49
1546152997.53
1546152997.56
1546152997.59
1546152997.62
1546152997.66
1546152997.69
1546152997.72
1546152997.76
1546152997.79
1546152997.83
1546152997.86
1546152997.89
1546152997.92
1546152997.96
1546152997.99
1546152998.03
1546152998.06
1546152998.09
1546152998.12
1546152998.16
1546152998.19
1546152998.22
1546152998.26
1546152998.29
1546152998.33
1546152998.36
1546152998.39
1546152998.42
1546152998.46
1546152998.49
1546152998.53
1546152998.56
1546152998.59
1546152998.62
1546152998.66
1546152998.69
1546152998.72
1546152998.76
1546152998.79
1546152998.83
1546152998.86
1546152998.89
1546152998.92
1546152998.96
1546152998.99
1546152999.02
1546152999.06
1546152999.09
1546152999.12
1546152999.16
1546152999.19
1546152999.22
1546152999.26
1546152999.29
1546152999.32
1546152999.36
1546152999.39
1546152999.42
1546152999.46
1546152999.49
1546152999.52
1546152999.56
1546152999.59
1546152999.62
1546152999.66
1546152999.69
1546152999.72
1546152999.76
1546152999.79
1546152999.82
1546152999.86
1546152999.89
1546152999.92
1546152999.96
1546152999.99
1546153000.02
1546153000.06
1546153000.09
1546153000.12
1546153000.16
1546153000.19
1546153000.22
1546153000.26
1546153000.29
1546153000.32
1546153000.36
1546153000.39
1546153000.42
1546153000.46
1546153000.49
1546153000.52
1546153000.56
1546153000.59
1546153000.62
1546153000.66
1546153000.69
1546153000.72
1546153000.76
1546153000.79
1546153000.82
1546153000.86
1546153000.89
1546153000.92
1546153000.96
1546153000.99
1546153001.02
1546153001.06
1546153001.09
1546153001.12
1546153001.16
1546153001.19
1546153001.22
1546153001.26
1546153001.29
1546153001.32
1546153001.36
1546153001.39
1546153001.42
1546153001.46
1546153001.49
1546153001.52
1546153001.56
1546153001.59
1546153001.62
1546153001.66
1546153001.69
1546153001.72
1546153001.76
1546153001.79
1546153001.82
1546153001.86
1546153001.89
1546153001.92
1546153001.96
1546153001.99
1546153002.02
1546153002.06
1546153002.09
1546153002.12
1546153002.16
1546153002.19
1546153002.22
1546153002.26
1546153002.29
1546153002.32
1546153002.36
1546153002.39
1546153002.42
1546153002.46
1546153002.49
1546153002.52
1546153002.56
1546153002.59
1546153002.62
1546153002.65
1546153002.69
1546153002.72
1546153002.76
1546153002.79
1546153002.82
1546153002.86
1546153002.89
1546153002.92
1546153002.95
1546153002.99
1546153003.02
1546153003.06
1546153003.09
1546153003.12
1546153003.16
1546153003.19
1546153003.22
1546153003.26
1546153003.29
1546153003.32
1546153003.36
1546153003.39
1546153003.42
1546153003.45
1546153003.49
1546153003.52
1546153003.56
1546153003.59
1546153003.62
1546153003.65
1546153003.69
1546153003.72
1546153003.76
1546153003.79
1546153003.82
1546153003.86
1546153003.89
1546153003.92
1546153003.96
1546153003.99
1546153004.02
1546153004.06
1546153004.09
1546153004.12
1546153004.16
1546153004.19
1546153004.22
1546153004.26
1546153004.29
1546153004.32
1546153004.36
1546153004.39
1546153004.42
1546153004.45
1546153004.49
1546153004.52
1546153004.56
1546153004.59
1546153004.62
1546153004.66
1546153004.69
1546153004.72
1546153004.76
1546153004.79
1546153004.82
1546153004.86
1546153004.89
1546153004.92
1546153004.95
1546153004.99
1546153005.02
1546153005.05
1546153005.09
1546153005.12
1546153005.15
1546153005.19
1546153005.22
1546153005.26
1546153005.29
1546153005.32
1546153005.36
1546153005.39
1546153005.42
1546153005.45
1546153005.49
1546153005.52
1546153005.55
1546153005.59
1546153005.62
1546153005.65
1546153005.69
1546153005.72
1546153005.75
1546153005.79
1546153005.82
1546153005.85
1546153005.89
1546153005.92
1546153005.95
1546153005.99
1546153006.02
1546153006.05
1546153006.09
1546153006.12
1546153006.15
1546153006.19
1546153006.22
1546153006.25
1546153006.29
1546153006.32
1546153006.35
1546153006.39
1546153006.42
1546153006.45
1546153006.49
1546153006.52
1546153006.55
1546153006.59
1546153006.62
1546153006.65
1546153006.69
1546153006.72
1546153006.75
1546153006.79
1546153006.82
1546153006.85
1546153006.89
1546153006.92
1546153006.95
1546153006.99
1546153007.02
1546153007.05
1546153007.09
1546153007.12
1546153007.15
1546153007.19
1546153007.22
1546153007.25
1546153007.29
1546153007.32
1546153007.35
1546153007.39
1546153007.42
1546153007.45
1546153007.49
1546153007.52
1546153007.55
1546153007.59
1546153007.62
1546153007.65
1546153007.69
1546153007.72
1546153007.75
1546153007.79
1546153007.82
1546153007.85
1546153007.89
1546153007.92
1546153007.95
1546153007.99
1546153008.02
1546153008.05
1546153008.09
1546153008.12
1546153008.15
1546153008.19
1546153008.22
1546153008.25
1546153008.29
1546153008.32
1546153008.35
1546153008.39
1546153008.42
1546153008.45
1546153008.49
1546153008.52
1546153008.55
1546153008.59
1546153008.62
1546153008.65
1546153008.69
1546153008.72
1546153008.75
1546153008.79
1546153008.82
1546153008.86
1546153008.89
1546153008.92
1546153008.95
1546153008.99
1546153009.02
1546153009.05
1546153009.09
1546153009.12
1546153009.15
1546153009.19
1546153009.22
1546153009.25
1546153009.29
1546153009.32
1546153009.35
1546153009.39
1546153009.42
1546153009.45
1546153009.48
1546153009.52
1546153009.55
1546153009.59
1546153009.62
1546153009.65
1546153009.69
1546153009.72
1546153009.75
1546153009.79
1546153009.82
1546153009.85
1546153009.89
1546153009.92
1546153009.95
1546153009.99
1546153010.02
1546153010.05
1546153010.09
1546153010.12
1546153010.15
1546153010.18
1546153010.22
1546153010.25
1546153010.29
1546153010.32
1546153010.35
1546153010.39
1546153010.42
1546153010.45
1546153010.49
1546153010.52
1546153010.55
1546153010.59
1546153010.62
1546153010.65
1546153010.69
1546153010.72
1546153010.75
1546153010.79
1546153010.82
1546153010.85
1546153010.88
1546153010.92
1546153010.95
1546153010.98
1546153011.02
1546153011.05
1546153011.09
1546153011.12
1546153011.15
1546153011.18
1546153011.22
1546153011.25
1546153011.29
1546153011.32
1546153011.35
1546153011.38
1546153011.42
1546153011.45
1546153011.48
1546153011.52
1546153011.55
1546153011.58
1546153011.62
1546153011.65
1546153011.68
1546153011.72
1546153011.75
1546153011.78
1546153011.82
1546153011.85
1546153011.88
1546153011.92
1546153011.95
1546153011.98
1546153012.02
1546153012.05
1546153012.08
1546153012.12
1546153012.15
1546153012.18
1546153012.22
1546153012.25
1546153012.28
1546153012.32
1546153012.35
1546153012.38
1546153012.42
1546153012.45
1546153012.48
1546153012.52
1546153012.55
1546153012.58
1546153012.62
1546153012.65
1546153012.68
1546153012.72
1546153012.75
1546153012.78
1546153012.82
1546153012.85
1546153012.88
1546153012.92
1546153012.95
1546153012.98
1546153013.02
1546153013.05
1546153013.08
1546153013.12
1546153013.15
1546153013.18
1546153013.22
1546153013.25
1546153013.28
1546153013.32
1546153013.35
1546153013.38
1546153013.42
1546153013.45
1546153013.48
1546153013.52
1546153013.55
1546153013.59
1546153013.62
1546153013.65
1546153013.69
1546153013.72
1546153013.75
1546153013.79
1546153013.82
1546153013.85
1546153013.89
1546153013.92
1546153013.95
1546153013.99
1546153014.02
1546153014.05
1546153014.09
1546153014.12
1546153014.15
1546153014.19
1546153014.22
1546153014.25
1546153014.29
1546153014.32
1546153014.35
1546153014.39
1546153014.42
1546153014.45
1546153014.49
1546153014.52
1546153014.55
1546153014.59
1546153014.62
1546153014.65
1546153014.69
1546153014.72
1546153014.75
1546153014.79
1546153014.82
1546153014.85
1546153014.89
1546153014.92
1546153014.95
1546153014.99
1546153015.02
1546153015.05
1546153015.09
1546153015.12
1546153015.15
1546153015.19
1546153015.22
1546153015.26
1546153015.29
1546153015.32
1546153015.35
1546153015.39
1546153015.42
1546153015.45
1546153015.49
1546153015.52
1546153015.55
1546153015.59
1546153015.62
1546153015.65
1546153015.69
1546153015.72
1546153015.76
1546153015.79
1546153015.82
1546153015.86
1546153015.89
1546153015.92
1546153015.96
1546153015.99
1546153016.02
1546153016.06
1546153016.09
1546153016.12
1546153016.16
1546153016.19
1546153016.22
1546153016.26
1546153016.29
1546153016.32
1546153016.36
1546153016.39
1546153016.42
1546153016.46
1546153016.49
1546153016.52
1546153016.56
1546153016.59
1546153016.62
1546153016.66
1546153016.69
1546153016.72
1546153016.76
1546153016.79
1546153016.82
1546153016.86
1546153016.89
1546153016.92
1546153016.96
1546153016.99
1546153017.02
1546153017.06
1546153017.09
1546153017.12
1546153017.16
1546153017.19
1546153017.22
1546153017.26
1546153017.29
1546153017.32
1546153017.36
1546153017.39
1546153017.42
1546153017.46
1546153017.49
1546153017.52
1546153017.56
1546153017.59
1546153017.62
1546153017.66
1546153017.69
1546153017.72
1546153017.76
1546153017.79
1546153017.83
1546153017.86
1546153017.89
1546153017.92
1546153017.96
1546153017.99
1546153018.03
1546153018.06
1546153018.09
1546153018.12
1546153018.16
1546153018.19
1546153018.23
1546153018.26
1546153018.29
1546153018.33
1546153018.36
1546153018.39
1546153018.42
1546153018.46
1546153018.49
1546153018.53
1546153018.56
1546153018.59
1546153018.62
1546153018.66
1546153018.69
1546153018.72
1546153018.76
1546153018.79
1546153018.83
1546153018.86
1546153018.89
1546153018.93
1546153018.96
1546153018.99
1546153019.03
1546153019.06
1546153019.09
1546153019.13
1546153019.16
1546153019.19
1546153019.22
1546153019.26
1546153019.29
1546153019.33
1546153019.36
1546153019.39
1546153019.43
1546153019.46
1546153019.49
1546153019.53
1546153019.56
1546153019.59
1546153019.63
1546153019.66
1546153019.69
1546153019.73
1546153019.76
1546153019.79
1546153019.82
1546153019.85
1546153019.89
1546153019.92
1546153019.95
1546153019.98
1546153020.02
1546153020.05
1546153020.09
1546153020.12
1546153020.15
1546153020.18
1546153020.22
1546153020.25
1546153020.28
1546153020.32
1546153020.35
1546153020.38
1546153020.42
1546153020.45
1546153020.48
1546153020.52
1546153020.55
1546153020.59
1546153020.62
1546153020.65
1546153020.68
1546153020.72
1546153020.75
1546153020.79
1546153020.82
1546153020.85
1546153020.88
1546153020.92
1546153020.95
1546153020.98
1546153021.02
1546153021.05
1546153021.08
1546153021.12
1546153021.15
1546153021.18
1546153021.22
1546153021.25
1546153021.28
1546153021.32
1546153021.35
1546153021.38
1546153021.42
1546153021.45
1546153021.48
1546153021.52
1546153021.55
1546153021.58
1546153021.62
1546153021.65
1546153021.68
1546153021.72
1546153021.75
1546153021.78
1546153021.82
1546153021.85
1546153021.88
1546153021.92
1546153021.95
1546153021.98
1546153022.02
1546153022.05
1546153022.08
1546153022.12
1546153022.15
1546153022.18
1546153022.22
1546153022.25
1546153022.28
1546153022.32
1546153022.35
1546153022.38
1546153022.41
1546153022.45
1546153022.48
1546153022.52
1546153022.55
1546153022.58
1546153022.62
1546153022.65
1546153022.68
1546153022.72
1546153022.75
1546153022.78
1546153022.82
1546153022.85
1546153022.88
1546153022.92
1546153022.95
1546153022.98
1546153023.02
1546153023.05
1546153023.08
1546153023.12
1546153023.15
1546153023.18
1546153023.22
1546153023.25
1546153023.28
1546153023.32
1546153023.35
1546153023.38
1546153023.42
1546153023.45
1546153023.48
1546153023.52
1546153023.55
1546153023.58
1546153023.62
1546153023.65
1546153023.68
1546153023.72
1546153023.75
1546153023.78
1546153023.82
1546153023.85
1546153023.88
1546153023.91
1546153023.95
1546153023.98
1546153024.02
1546153024.05
1546153024.08
1546153024.12
1546153024.15
1546153024.18
1546153024.21
1546153024.25
1546153024.28
1546153024.32
1546153024.35
1546153024.38
1546153024.41
1546153024.45
1546153024.48
1546153024.52
1546153024.55
1546153024.58
1546153024.62
1546153024.65
1546153024.68
1546153024.71
1546153024.75
1546153024.78
1546153024.82
1546153024.85
1546153024.88
1546153024.91
1546153024.95
1546153024.98
1546153025.02
1546153025.05
1546153025.08
1546153025.12
1546153025.15
1546153025.18
1546153025.21
1546153025.25
1546153025.28
1546153025.31
1546153025.35
1546153025.38
1546153025.41
1546153025.45
1546153025.48
1546153025.51
1546153025.55
1546153025.58
1546153025.61
1546153025.65
1546153025.68
1546153025.71
1546153025.75
1546153025.78
1546153025.81
1546153025.85
1546153025.88
1546153025.91
1546153025.95
1546153025.98
1546153026.01
1546153026.05
1546153026.08
1546153026.11
1546153026.15
1546153026.18
1546153026.21
1546153026.25
1546153026.28
1546153026.31
1546153026.35
1546153026.38
1546153026.41
1546153026.44
1546153026.48
1546153026.51
1546153026.55
1546153026.58
1546153026.61
1546153026.64
1546153026.68
1546153026.71
1546153026.74
1546153026.78
1546153026.81
1546153026.85
1546153026.88
1546153026.91
1546153026.95
1546153026.98
1546153027.01
1546153027.05
1546153027.08
1546153027.11
1546153027.14
1546153027.18
1546153027.21
1546153027.24
1546153027.28
1546153027.31
1546153027.34
1546153027.38
1546153027.41
1546153027.44
1546153027.48
1546153027.51
1546153027.54
1546153027.58
1546153027.61
1546153027.64
1546153027.68
1546153027.71
1546153027.74
1546153027.78
1546153027.81
1546153027.84
1546153027.88
1546153027.91
1546153027.94
1546153027.98
1546153028.01
1546153028.04
1546153028.08
1546153028.11
1546153028.14
1546153028.18
1546153028.21
1546153028.24
1546153028.28
1546153028.31
1546153028.34
1546153028.38
1546153028.41
1546153028.44
1546153028.48
1546153028.51
1546153028.54
1546153028.58
1546153028.61
1546153028.64
1546153028.68
1546153028.71
1546153028.74
1546153028.78
1546153028.81
1546153028.84
1546153028.88
1546153028.91
1546153028.94
1546153028.98
1546153029.01
1546153029.04
1546153029.08
1546153029.11
1546153029.14
1546153029.17
1546153029.21
1546153029.24
1546153029.28
1546153029.31
1546153029.34
1546153029.38
1546153029.41
1546153029.44
1546153029.48
1546153029.51
1546153029.54
1546153029.58
1546153029.61
1546153029.64
1546153029.67
1546153029.71
1546153029.74
1546153029.78
1546153029.81
1546153029.84
1546153029.88
1546153029.91
1546153029.94
1546153029.98
1546153030.01
1546153030.04
1546153030.08
1546153030.11
1546153030.14
1546153030.17
1546153030.21
1546153030.24
1546153030.28
1546153030.31
1546153030.34
1546153030.38
1546153030.41
1546153030.44
1546153030.47
1546153030.51
1546153030.54
1546153030.58
1546153030.61
1546153030.64
1546153030.68
1546153030.71
1546153030.74
1546153030.78
1546153030.81
1546153030.84
1546153030.88
1546153030.91
1546153030.94
1546153030.97
1546153031.01
1546153031.04
1546153031.08
1546153031.11
1546153031.14
1546153031.17
1546153031.21
1546153031.24
1546153031.28
1546153031.31
1546153031.34
1546153031.38
1546153031.41
1546153031.44
1546153031.47
1546153031.51
1546153031.54
1546153031.58
1546153031.61
1546153031.64
1546153031.67
1546153031.71
1546153031.74
1546153031.78
1546153031.81
1546153031.84
1546153031.88
1546153031.91
1546153031.94
1546153031.97
1546153032.01
1546153032.04
1546153032.08
1546153032.11
1546153032.14
1546153032.17
1546153032.21
1546153032.24
1546153032.28
1546153032.31
1546153032.34
1546153032.38
1546153032.41
1546153032.44
1546153032.47
1546153032.51
1546153032.54
1546153032.58
1546153032.61
1546153032.64
1546153032.68
1546153032.71
1546153032.74
1546153032.78
1546153032.81
1546153032.84
1546153032.88
1546153032.91
1546153032.94
1546153032.98
1546153033.01
1546153033.04
1546153033.08
1546153033.11
1546153033.14
1546153033.18
1546153033.21
1546153033.24
1546153033.28
1546153033.31
1546153033.34
1546153033.38
1546153033.41
1546153033.44
1546153033.47
1546153033.51
1546153033.54
1546153033.58
1546153033.61
1546153033.64
1546153033.67
1546153033.71
1546153033.74
1546153033.78
1546153033.81
1546153033.84
1546153033.88
1546153033.91
1546153033.94
1546153033.97
1546153034.01
1546153034.04
1546153034.08
1546153034.11
1546153034.14
1546153034.17
1546153034.21
1546153034.24
1546153034.27
1546153034.31
1546153034.34
1546153034.38
1546153034.41
1546153034.44
1546153034.47
1546153034.51
1546153034.54
1546153034.57
1546153034.61
1546153034.64
1546153034.67
1546153034.71
1546153034.74
1546153034.78
