1546229914.07
1546229914.21
1546229914.25
1546229914.28
1546229914.31
1546229914.34
1546229914.37
1546229914.39
1546229914.43
1546229914.46
1546229914.49
1546229914.53
1546229914.56
1546229914.6
1546229914.63
1546229914.66
1546229914.69
1546229914.73
1546229914.76
1546229914.79
1546229914.83
1546229914.86
1546229914.89
1546229914.93
1546229914.96
1546229914.99
1546229915.03
1546229915.06
1546229915.09
1546229915.13
1546229915.16
1546229915.19
1546229915.23
1546229915.26
1546229915.29
1546229915.33
1546229915.36
1546229915.39
1546229915.43
1546229915.46
1546229915.49
1546229915.53
1546229915.56
1546229915.59
1546229915.63
1546229915.66
1546229915.69
1546229915.73
1546229915.76
1546229915.79
1546229915.83
1546229915.86
1546229915.89
1546229915.93
1546229915.96
1546229915.99
1546229916.03
1546229916.06
1546229916.09
1546229916.13
1546229916.16
1546229916.19
1546229916.23
1546229916.26
1546229916.29
1546229916.33
1546229916.36
1546229916.39
1546229916.42
1546229916.46
1546229916.49
1546229916.53
1546229916.56
1546229916.59
1546229916.62
1546229916.66
1546229916.69
1546229916.72
1546229916.76
1546229916.79
1546229916.83
1546229916.86
1546229916.89
1546229916.92
1546229916.96
1546229916.99
1546229917.03
1546229917.06
1546229917.09
1546229917.13
1546229917.16
1546229917.19
1546229917.23
1546229917.26
1546229917.29
1546229917.33
1546229917.36
1546229917.39
1546229917.42
1546229917.46
1546229917.49
1546229917.53
1546229917.56
1546229917.59
1546229917.62
1546229917.66
1546229917.69
1546229917.72
1546229917.76
1546229917.79
1546229917.83
1546229917.86
1546229917.89
1546229917.92
1546229917.96
1546229917.99
1546229918.03
1546229918.06
1546229918.09
1546229918.13
1546229918.16
1546229918.19
1546229918.23
1546229918.26
1546229918.29
1546229918.33
1546229918.36
1546229918.39
1546229918.42
1546229918.46
1546229918.49
1546229918.53
1546229918.56
1546229918.59
1546229918.62
1546229918.66
1546229918.69
1546229918.73
1546229918.76
1546229918.79
1546229918.83
1546229918.86
1546229918.89
1546229918.93
1546229918.96
1546229918.99
1546229919.03
1546229919.06
1546229919.09
1546229919.13
1546229919.16
1546229919.19
1546229919.23
1546229919.26
1546229919.29
1546229919.33
1546229919.36
1546229919.39
1546229919.42
1546229919.46
1546229919.49
1546229919.53
1546229919.56
1546229919.59
1546229919.63
1546229919.66
1546229919.69
1546229919.73
1546229919.76
1546229919.79
1546229919.83
1546229919.86
1546229919.89
1546229919.92
1546229919.96
1546229919.99
1546229920.03
1546229920.06
1546229920.09
1546229920.12
1546229920.16
1546229920.19
1546229920.22
1546229920.26
1546229920.29
1546229920.33
1546229920.36
1546229920.39
1546229920.42
1546229920.46
1546229920.49
1546229920.53
1546229920.56
1546229920.59
1546229920.63
1546229920.66
1546229920.69
1546229920.73
1546229920.76
1546229920.79
1546229920.83
1546229920.86
1546229920.89
1546229920.93
1546229920.96
1546229920.99
1546229921.03
1546229921.06
1546229921.09
1546229921.13
1546229921.16
1546229921.19
1546229921.23
1546229921.26
1546229921.29
1546229921.33
1546229921.36
1546229921.39
1546229921.43
1546229921.46
1546229921.49
1546229921.53
1546229921.56
1546229921.59
1546229921.63
1546229921.66
1546229921.69
1546229921.73
1546229921.76
1546229921.79
1546229921.83
1546229921.86
1546229921.89
1546229921.93
1546229921.96
1546229921.99
1546229922.03
1546229922.06
1546229922.1
1546229922.13
1546229922.16
1546229922.19
1546229922.23
1546229922.26
1546229922.29
1546229922.33
1546229922.36
1546229922.39
1546229922.43
1546229922.46
1546229922.49
1546229922.53
1546229922.56
1546229922.59
1546229922.63
1546229922.66
1546229922.69
1546229922.73
1546229922.76
1546229922.79
1546229922.83
1546229922.86
1546229922.89
1546229922.93
1546229922.96
1546229922.99
1546229923.03
1546229923.06
1546229923.1
1546229923.13
1546229923.16
1546229923.19
1546229923.23
1546229923.26
1546229923.3
1546229923.33
1546229923.36
1546229923.39
1546229923.43
1546229923.46
1546229923.49
1546229923.53
1546229923.56
1546229923.6
1546229923.63
1546229923.66
1546229923.7
1546229923.73
1546229923.76
1546229923.8
1546229923.83
1546229923.86
1546229923.9
1546229923.93
1546229923.96
1546229924.0
1546229924.03
1546229924.06
1546229924.1
1546229924.13
1546229924.16
1546229924.2
1546229924.23
1546229924.26
1546229924.3
1546229924.33
1546229924.36
1546229924.4
1546229924.43
1546229924.46
1546229924.5
1546229924.53
1546229924.56
1546229924.6
1546229924.63
1546229924.66
1546229924.7
1546229924.73
1546229924.77
1546229924.8
1546229924.83
1546229924.87
1546229924.9
1546229924.93
1546229924.97
1546229925.0
1546229925.03
1546229925.07
1546229925.1
1546229925.13
1546229925.17
1546229925.2
1546229925.23
1546229925.27
1546229925.3
1546229925.33
1546229925.37
1546229925.4
1546229925.43
1546229925.47
1546229925.5
1546229925.53
1546229925.57
1546229925.6
1546229925.63
1546229925.67
1546229925.7
1546229925.73
1546229925.77
1546229925.8
1546229925.83
1546229925.87
1546229925.9
1546229925.93
1546229925.97
1546229926.0
1546229926.03
1546229926.07
1546229926.1
1546229926.13
1546229926.17
1546229926.2
1546229926.23
1546229926.27
1546229926.3
1546229926.33
1546229926.37
1546229926.4
1546229926.43
1546229926.47
1546229926.5
1546229926.53
1546229926.57
1546229926.6
1546229926.63
1546229926.67
1546229926.7
1546229926.73
1546229926.77
1546229926.8
1546229926.83
1546229926.86
1546229926.89
1546229926.93
1546229926.96
1546229926.99
1546229927.03
1546229927.06
1546229927.1
1546229927.13
1546229927.16
1546229927.19
1546229927.23
1546229927.26
1546229927.3
1546229927.33
1546229927.36
1546229927.39
1546229927.43
1546229927.46
1546229927.49
1546229927.53
1546229927.56
1546229927.59
1546229927.63
1546229927.66
1546229927.69
1546229927.73
1546229927.76
1546229927.8
1546229927.83
1546229927.86
1546229927.89
1546229927.93
1546229927.96
1546229927.99
1546229928.03
1546229928.06
1546229928.09
1546229928.13
1546229928.16
1546229928.19
1546229928.23
1546229928.26
1546229928.3
1546229928.33
1546229928.36
1546229928.39
1546229928.43
1546229928.46
1546229928.49
1546229928.53
1546229928.56
1546229928.59
1546229928.63
1546229928.66
1546229928.69
1546229928.73
1546229928.76
1546229928.8
1546229928.83
1546229928.86
1546229928.89
1546229928.93
1546229928.96
1546229928.99
1546229929.03
1546229929.06
1546229929.09
1546229929.13
1546229929.16
1546229929.19
1546229929.23
1546229929.26
1546229929.29
1546229929.33
1546229929.36
1546229929.39
1546229929.43
1546229929.46
1546229929.49
1546229929.53
1546229929.56
1546229929.59
1546229929.63
1546229929.66
1546229929.69
1546229929.73
1546229929.76
1546229929.79
1546229929.83
1546229929.86
1546229929.89
1546229929.93
1546229929.96
1546229929.99
1546229930.03
1546229930.06
1546229930.09
1546229930.13
1546229930.16
1546229930.19
1546229930.23
1546229930.26
1546229930.29
1546229930.33
1546229930.36
1546229930.39
1546229930.43
1546229930.46
1546229930.49
1546229930.53
1546229930.56
1546229930.59
1546229930.63
1546229930.66
1546229930.69
1546229930.73
1546229930.76
1546229930.79
1546229930.83
1546229930.86
1546229930.89
1546229930.93
1546229930.96
1546229930.99
1546229931.03
1546229931.06
1546229931.09
1546229931.13
1546229931.16
1546229931.19
1546229931.23
1546229931.26
1546229931.29
1546229931.33
1546229931.36
1546229931.39
1546229931.43
1546229931.46
1546229931.49
1546229931.53
1546229931.56
1546229931.59
1546229931.62
1546229931.66
1546229931.69
1546229931.72
1546229931.76
1546229931.79
1546229931.83
1546229931.86
1546229931.89
1546229931.93
1546229931.96
1546229931.99
1546229932.03
1546229932.06
1546229932.09
1546229932.13
1546229932.16
1546229932.19
1546229932.23
1546229932.26
1546229932.29
1546229932.33
1546229932.36
1546229932.39
1546229932.43
1546229932.46
1546229932.49
1546229932.53
1546229932.56
1546229932.59
1546229932.63
1546229932.66
1546229932.69
1546229932.73
1546229932.76
1546229932.79
1546229932.83
1546229932.86
1546229932.89
1546229932.93
1546229932.96
1546229932.99
1546229933.03
1546229933.06
1546229933.09
1546229933.13
1546229933.16
1546229933.19
1546229933.23
1546229933.26
1546229933.29
1546229933.33
1546229933.36
1546229933.39
1546229933.43
1546229933.46
1546229933.49
1546229933.53
1546229933.56
1546229933.59
1546229933.63
1546229933.66
1546229933.69
1546229933.73
1546229933.76
1546229933.79
1546229933.83
1546229933.86
1546229933.89
1546229933.93
1546229933.96
1546229933.99
1546229934.03
1546229934.06
1546229934.09
1546229934.13
1546229934.16
1546229934.19
1546229934.23
1546229934.26
1546229934.29
1546229934.33
1546229934.36
1546229934.39
1546229934.43
1546229934.46
1546229934.49
1546229934.53
1546229934.56
1546229934.59
1546229934.63
1546229934.66
1546229934.69
1546229934.73
1546229934.76
1546229934.79
1546229934.83
1546229934.86
1546229934.89
1546229934.93
1546229934.96
1546229934.99
1546229935.03
1546229935.06
1546229935.09
1546229935.13
1546229935.16
1546229935.19
1546229935.23
1546229935.26
1546229935.29
1546229935.33
1546229935.36
1546229935.39
1546229935.43
1546229935.46
1546229935.49
1546229935.53
1546229935.56
1546229935.59
1546229935.63
1546229935.66
1546229935.69
1546229935.73
1546229935.76
1546229935.79
1546229935.83
1546229935.86
1546229935.89
1546229935.93
1546229935.96
1546229935.99
1546229936.03
1546229936.06
1546229936.09
1546229936.13
1546229936.16
1546229936.19
1546229936.23
1546229936.26
1546229936.29
1546229936.33
1546229936.36
1546229936.39
1546229936.43
1546229936.46
1546229936.49
1546229936.53
1546229936.56
1546229936.59
1546229936.63
1546229936.66
1546229936.69
1546229936.73
1546229936.76
1546229936.79
1546229936.83
1546229936.86
1546229936.89
1546229936.93
1546229936.96
1546229936.99
1546229937.03
1546229937.06
1546229937.09
1546229937.13
1546229937.16
1546229937.19
1546229937.23
1546229937.26
1546229937.29
1546229937.33
1546229937.36
1546229937.39
1546229937.43
1546229937.46
1546229937.49
1546229937.53
1546229937.56
1546229937.59
1546229937.63
1546229937.66
1546229937.69
1546229937.73
1546229937.76
1546229937.79
1546229937.83
1546229937.86
1546229937.89
1546229937.93
1546229937.96
1546229937.99
1546229938.03
1546229938.06
1546229938.09
1546229938.13
1546229938.16
1546229938.19
1546229938.23
1546229938.26
1546229938.29
1546229938.33
1546229938.36
1546229938.39
1546229938.43
1546229938.46
1546229938.49
1546229938.53
1546229938.56
1546229938.59
1546229938.63
1546229938.66
1546229938.69
1546229938.73
1546229938.76
1546229938.79
1546229938.83
1546229938.86
1546229938.89
1546229938.93
1546229938.96
1546229938.99
1546229939.03
1546229939.06
1546229939.09
1546229939.13
1546229939.16
1546229939.19
1546229939.23
1546229939.26
1546229939.29
1546229939.33
1546229939.36
1546229939.39
1546229939.43
1546229939.46
1546229939.49
1546229939.53
1546229939.56
1546229939.6
1546229939.63
1546229939.66
1546229939.69
1546229939.73
1546229939.76
1546229939.79
1546229939.83
1546229939.86
1546229939.89
1546229939.93
1546229939.96
1546229939.99
1546229940.03
1546229940.06
1546229940.09
1546229940.13
1546229940.16
1546229940.19
1546229940.23
1546229940.26
1546229940.29
1546229940.33
1546229940.36
1546229940.39
1546229940.43
1546229940.46
1546229940.49
1546229940.53
1546229940.56
1546229940.59
1546229940.63
1546229940.66
1546229940.69
1546229940.73
1546229940.76
1546229940.79
1546229940.83
1546229940.86
1546229940.89
1546229940.93
1546229940.96
1546229940.99
1546229941.03
1546229941.06
1546229941.09
1546229941.13
1546229941.16
1546229941.19
1546229941.23
1546229941.26
1546229941.29
1546229941.33
1546229941.36
1546229941.39
1546229941.43
1546229941.46
1546229941.49
1546229941.53
1546229941.56
1546229941.59
1546229941.63
1546229941.66
1546229941.69
1546229941.73
1546229941.76
1546229941.79
1546229941.83
1546229941.86
1546229941.89
1546229941.93
1546229941.96
1546229941.99
1546229942.03
1546229942.06
1546229942.09
1546229942.13
1546229942.16
1546229942.19
1546229942.23
1546229942.26
1546229942.29
1546229942.33
1546229942.36
1546229942.39
1546229942.43
1546229942.46
1546229942.49
1546229942.53
1546229942.56
1546229942.59
1546229942.63
1546229942.66
1546229942.69
1546229942.73
1546229942.76
1546229942.79
1546229942.83
1546229942.86
1546229942.89
1546229942.93
1546229942.96
1546229942.99
1546229943.03
1546229943.06
1546229943.09
1546229943.13
1546229943.16
1546229943.19
1546229943.23
1546229943.26
1546229943.29
1546229943.33
1546229943.36
1546229943.39
1546229943.43
1546229943.46
1546229943.49
1546229943.53
1546229943.56
1546229943.59
1546229943.63
1546229943.66
1546229943.69
1546229943.73
1546229943.76
1546229943.79
1546229943.83
1546229943.86
1546229943.89
1546229943.93
1546229943.96
1546229943.99
1546229944.03
1546229944.06
1546229944.09
1546229944.13
1546229944.16
1546229944.19
1546229944.23
1546229944.26
1546229944.29
1546229944.33
1546229944.36
1546229944.39
1546229944.43
1546229944.46
1546229944.49
1546229944.53
1546229944.56
1546229944.59
1546229944.63
1546229944.66
1546229944.69
1546229944.72
1546229944.76
1546229944.79
1546229944.83
1546229944.86
1546229944.89
1546229944.93
1546229944.96
1546229944.99
1546229945.03
1546229945.06
1546229945.09
1546229945.12
1546229945.16
1546229945.19
1546229945.22
1546229945.26
1546229945.29
1546229945.33
1546229945.36
1546229945.39
1546229945.43
1546229945.46
1546229945.49
1546229945.53
1546229945.56
1546229945.59
1546229945.62
1546229945.66
1546229945.69
1546229945.73
1546229945.76
1546229945.79
1546229945.83
1546229945.86
1546229945.89
1546229945.93
1546229945.96
1546229945.99
1546229946.03
1546229946.06
1546229946.09
1546229946.13
1546229946.16
1546229946.19
1546229946.23
1546229946.26
1546229946.29
1546229946.33
1546229946.36
1546229946.39
1546229946.43
1546229946.46
1546229946.49
1546229946.53
1546229946.56
1546229946.59
1546229946.63
1546229946.66
1546229946.69
1546229946.73
1546229946.76
1546229946.79
1546229946.83
1546229946.86
1546229946.89
1546229946.93
1546229946.96
1546229946.99
1546229947.03
1546229947.06
1546229947.1
1546229947.13
1546229947.16
1546229947.19
1546229947.23
1546229947.26
1546229947.3
1546229947.33
1546229947.36
1546229947.39
1546229947.43
1546229947.46
1546229947.49
1546229947.53
1546229947.56
1546229947.6
1546229947.63
1546229947.66
1546229947.7
1546229947.73
1546229947.76
1546229947.8
1546229947.83
1546229947.86
1546229947.9
1546229947.93
1546229947.96
1546229948.0
1546229948.03
1546229948.06
1546229948.1
1546229948.13
1546229948.16
1546229948.2
1546229948.23
1546229948.26
1546229948.3
1546229948.33
1546229948.37
1546229948.4
1546229948.43
1546229948.46
1546229948.5
1546229948.53
1546229948.57
1546229948.6
1546229948.63
1546229948.66
1546229948.7
1546229948.73
1546229948.76
1546229948.8
1546229948.83
1546229948.86
1546229948.9
1546229948.93
1546229948.96
1546229949.0
1546229949.03
1546229949.07
1546229949.1
1546229949.13
1546229949.16
1546229949.2
1546229949.23
1546229949.27
1546229949.3
1546229949.33
1546229949.37
1546229949.4
1546229949.43
1546229949.46
1546229949.5
1546229949.53
1546229949.57
1546229949.6
1546229949.63
1546229949.67
1546229949.7
1546229949.73
1546229949.77
1546229949.8
1546229949.83
1546229949.87
1546229949.9
1546229949.93
1546229949.97
1546229950.0
1546229950.03
1546229950.07
1546229950.1
1546229950.13
1546229950.17
1546229950.2
1546229950.23
1546229950.27
1546229950.3
1546229950.33
1546229950.37
1546229950.4
1546229950.43
1546229950.47
1546229950.5
1546229950.53
1546229950.57
1546229950.6
1546229950.63
1546229950.66
1546229950.69
1546229950.73
1546229950.76
1546229950.79
1546229950.83
1546229950.86
1546229950.89
1546229950.93
1546229950.96
1546229950.99
1546229951.03
1546229951.06
1546229951.09
1546229951.12
1546229951.16
1546229951.19
1546229951.22
1546229951.26
1546229951.29
1546229951.33
1546229951.36
1546229951.39
1546229951.43
1546229951.46
1546229951.49
1546229951.53
1546229951.56
1546229951.59
1546229951.63
1546229951.66
1546229951.69
1546229951.73
1546229951.76
1546229951.79
1546229951.83
1546229951.86
1546229951.89
1546229951.92
1546229951.96
1546229951.99
1546229952.03
1546229952.06
1546229952.09
1546229952.13
1546229952.16
1546229952.19
1546229952.23
1546229952.26
1546229952.29
1546229952.33
1546229952.36
1546229952.39
1546229952.43
1546229952.46
1546229952.49
1546229952.53
1546229952.56
1546229952.59
1546229952.63
1546229952.66
1546229952.69
1546229952.73
1546229952.76
1546229952.79
1546229952.83
1546229952.86
1546229952.89
1546229952.93
1546229952.96
1546229952.99
1546229953.03
1546229953.06
1546229953.09
1546229953.13
1546229953.16
1546229953.19
1546229953.22
1546229953.26
1546229953.29
1546229953.33
1546229953.36
1546229953.39
1546229953.43
1546229953.46
1546229953.49
1546229953.53
1546229953.56
1546229953.59
1546229953.62
1546229953.66
1546229953.69
1546229953.72
1546229953.76
1546229953.79
1546229953.83
1546229953.86
1546229953.89
1546229953.92
1546229953.96
1546229953.99
1546229954.03
1546229954.06
1546229954.09
1546229954.12
1546229954.16
1546229954.19
1546229954.22
1546229954.26
1546229954.29
1546229954.33
1546229954.36
1546229954.39
1546229954.42
1546229954.46
1546229954.49
1546229954.53
1546229954.56
1546229954.59
1546229954.63
1546229954.66
1546229954.69
1546229954.72
1546229954.76
1546229954.79
1546229954.83
1546229954.86
1546229954.89
1546229954.93
1546229954.96
1546229954.99
1546229955.03
1546229955.06
1546229955.09
1546229955.13
1546229955.16
1546229955.19
1546229955.23
1546229955.26
1546229955.29
1546229955.33
1546229955.36
1546229955.39
1546229955.43
1546229955.46
1546229955.49
1546229955.53
1546229955.56
1546229955.59
1546229955.63
1546229955.66
1546229955.69
1546229955.73
1546229955.76
1546229955.79
1546229955.83
1546229955.86
1546229955.89
1546229955.93
1546229955.96
1546229955.99
1546229956.03
1546229956.06
1546229956.09
1546229956.13
1546229956.16
1546229956.19
1546229956.23
1546229956.26
1546229956.29
1546229956.33
1546229956.36
1546229956.39
1546229956.42
1546229956.46
1546229956.49
1546229956.53
1546229956.56
1546229956.59
1546229956.62
1546229956.66
1546229956.69
1546229956.73
1546229956.76
1546229956.79
1546229956.82
1546229956.86
1546229956.89
1546229956.92
1546229956.96
1546229956.99
1546229957.03
1546229957.06
1546229957.09
1546229957.12
1546229957.16
1546229957.19
1546229957.23
1546229957.26
1546229957.29
1546229957.32
1546229957.36
1546229957.39
1546229957.42
1546229957.46
1546229957.49
1546229957.53
1546229957.56
1546229957.59
1546229957.62
1546229957.66
1546229957.69
1546229957.72
1546229957.76
1546229957.79
1546229957.83
1546229957.86
1546229957.89
1546229957.92
1546229957.96
1546229957.99
1546229958.03
1546229958.06
1546229958.09
1546229958.12
1546229958.16
1546229958.19
1546229958.22
1546229958.26
1546229958.29
1546229958.33
1546229958.36
1546229958.39
1546229958.42
1546229958.46
1546229958.49
1546229958.52
1546229958.56
1546229958.59
1546229958.62
1546229958.66
1546229958.69
1546229958.72
1546229958.76
1546229958.79
1546229958.83
1546229958.86
1546229958.89
1546229958.93
1546229958.96
1546229958.99
1546229959.03
1546229959.06
1546229959.09
1546229959.13
1546229959.16
1546229959.19
1546229959.23
1546229959.26
1546229959.29
1546229959.33
1546229959.36
1546229959.39
1546229959.43
1546229959.46
1546229959.49
1546229959.53
1546229959.56
1546229959.59
1546229959.63
1546229959.66
1546229959.69
1546229959.73
1546229959.76
1546229959.79
1546229959.83
1546229959.86
1546229959.89
1546229959.93
1546229959.96
1546229959.99
1546229960.03
1546229960.06
1546229960.09
1546229960.13
1546229960.16
1546229960.19
1546229960.23
1546229960.26
1546229960.29
1546229960.33
1546229960.36
1546229960.39
1546229960.43
1546229960.46
1546229960.49
1546229960.53
1546229960.56
1546229960.59
1546229960.63
1546229960.66
1546229960.69
1546229960.73
1546229960.76
1546229960.79
1546229960.83
1546229960.86
1546229960.89
1546229960.93
1546229960.96
1546229960.99
1546229961.03
1546229961.06
1546229961.09
1546229961.13
1546229961.16
1546229961.19
1546229961.23
1546229961.26
1546229961.29
1546229961.33
1546229961.36
1546229961.39
1546229961.43
1546229961.46
1546229961.49
1546229961.53
1546229961.56
1546229961.59
1546229961.63
1546229961.66
1546229961.69
1546229961.72
1546229961.76
1546229961.79
1546229961.83
1546229961.86
1546229961.89
1546229961.92
1546229961.96
1546229961.99
1546229962.03
1546229962.06
1546229962.09
1546229962.12
1546229962.16
1546229962.19
1546229962.22
1546229962.26
1546229962.29
1546229962.33
1546229962.36
1546229962.39
1546229962.42
1546229962.46
1546229962.49
1546229962.53
1546229962.56
1546229962.59
1546229962.63
1546229962.66
1546229962.69
1546229962.72
1546229962.76
1546229962.79
1546229962.82
1546229962.86
1546229962.89
1546229962.92
1546229962.96
1546229962.99
1546229963.02
1546229963.06
1546229963.09
1546229963.12
1546229963.16
1546229963.19
1546229963.22
1546229963.26
1546229963.29
1546229963.32
1546229963.36
1546229963.39
1546229963.42
1546229963.46
1546229963.49
1546229963.53
1546229963.56
1546229963.59
1546229963.62
1546229963.66
1546229963.69
1546229963.72
1546229963.76
1546229963.79
1546229963.83
1546229963.86
1546229963.89
1546229963.92
1546229963.96
1546229963.99
1546229964.03
1546229964.06
1546229964.09
1546229964.12
1546229964.16
1546229964.19
1546229964.23
1546229964.26
1546229964.29
1546229964.33
1546229964.36
1546229964.39
1546229964.42
1546229964.46
1546229964.49
1546229964.52
1546229964.56
1546229964.59
1546229964.62
1546229964.66
1546229964.69
1546229964.72
1546229964.76
1546229964.79
1546229964.83
1546229964.86
1546229964.89
1546229964.92
1546229964.96
1546229964.99
1546229965.03
1546229965.06
1546229965.09
1546229965.13
1546229965.16
1546229965.19
1546229965.23
1546229965.26
1546229965.29
1546229965.32
1546229965.36
1546229965.39
1546229965.42
1546229965.46
1546229965.49
1546229965.52
1546229965.56
1546229965.59
1546229965.62
1546229965.66
1546229965.69
1546229965.72
1546229965.76
1546229965.79
1546229965.82
1546229965.86
1546229965.89
1546229965.92
1546229965.96
1546229965.99
1546229966.02
1546229966.06
1546229966.09
1546229966.12
1546229966.16
1546229966.19
1546229966.22
1546229966.26
1546229966.29
1546229966.32
1546229966.36
1546229966.39
1546229966.42
1546229966.46
1546229966.49
1546229966.52
1546229966.56
1546229966.59
1546229966.62
1546229966.66
1546229966.69
1546229966.72
1546229966.76
1546229966.79
1546229966.82
1546229966.86
1546229966.89
1546229966.92
1546229966.96
1546229966.99
1546229967.02
1546229967.06
1546229967.09
1546229967.12
1546229967.16
1546229967.19
1546229967.22
1546229967.26
1546229967.29
1546229967.32
1546229967.36
1546229967.39
1546229967.42
1546229967.46
1546229967.49
1546229967.52
1546229967.56
1546229967.59
1546229967.62
1546229967.65
1546229967.69
1546229967.72
1546229967.76
1546229967.79
1546229967.82
1546229967.86
1546229967.89
1546229967.92
1546229967.96
1546229967.99
1546229968.02
1546229968.06
1546229968.09
1546229968.12
1546229968.15
1546229968.19
1546229968.22
1546229968.26
1546229968.29
1546229968.32
1546229968.36
1546229968.39
1546229968.42
1546229968.46
1546229968.49
1546229968.52
1546229968.56
1546229968.59
1546229968.62
1546229968.66
1546229968.69
1546229968.72
1546229968.76
1546229968.79
1546229968.82
1546229968.86
1546229968.89
1546229968.92
1546229968.95
1546229968.99
1546229969.02
1546229969.06
1546229969.09
1546229969.12
1546229969.16
1546229969.19
1546229969.22
1546229969.26
1546229969.29
1546229969.32
1546229969.36
1546229969.39
1546229969.42
1546229969.46
1546229969.49
1546229969.52
1546229969.56
1546229969.59
1546229969.62
1546229969.66
1546229969.69
1546229969.72
1546229969.76
1546229969.79
1546229969.82
1546229969.86
1546229969.89
1546229969.92
1546229969.96
1546229969.99
1546229970.02
1546229970.06
1546229970.09
1546229970.12
1546229970.16
1546229970.19
1546229970.22
1546229970.26
1546229970.29
1546229970.32
1546229970.36
1546229970.39
1546229970.42
1546229970.46
1546229970.49
1546229970.53
1546229970.56
1546229970.59
1546229970.62
1546229970.66
1546229970.69
1546229970.72
1546229970.76
1546229970.79
1546229970.83
1546229970.86
1546229970.89
1546229970.93
1546229970.96
1546229970.99
1546229971.03
1546229971.06
1546229971.09
1546229971.13
1546229971.16
1546229971.19
1546229971.23
1546229971.26
1546229971.29
1546229971.33
1546229971.36
1546229971.39
1546229971.43
1546229971.46
1546229971.49
1546229971.53
1546229971.56
1546229971.59
1546229971.63
1546229971.66
1546229971.69
1546229971.73
1546229971.76
1546229971.8
1546229971.83
1546229971.86
1546229971.89
1546229971.93
1546229971.96
1546229972.0
1546229972.03
1546229972.06
1546229972.09
1546229972.13
1546229972.16
1546229972.19
1546229972.23
1546229972.26
1546229972.3
1546229972.33
1546229972.36
1546229972.39
1546229972.43
1546229972.46
1546229972.49
1546229972.53
1546229972.56
1546229972.6
1546229972.63
1546229972.66
1546229972.69
1546229972.73
1546229972.76
1546229972.8
1546229972.83
1546229972.86
1546229972.89
1546229972.93
1546229972.96
1546229973.0
1546229973.03
1546229973.06
1546229973.1
1546229973.13
1546229973.16
1546229973.2
1546229973.23
1546229973.26
1546229973.3
1546229973.33
1546229973.37
1546229973.4
1546229973.43
1546229973.46
1546229973.5
1546229973.53
1546229973.57
1546229973.6
1546229973.63
1546229973.66
1546229973.7
1546229973.73
1546229973.76
1546229973.8
1546229973.83
1546229973.87
1546229973.9
1546229973.93
1546229973.96
1546229974.0
1546229974.03
1546229974.07
1546229974.1
1546229974.13
1546229974.16
1546229974.2
1546229974.23
1546229974.26
1546229974.29
1546229974.33
1546229974.36
1546229974.39
1546229974.42
1546229974.46
1546229974.49
1546229974.53
1546229974.56
1546229974.59
1546229974.62
1546229974.66
1546229974.69
1546229974.72
1546229974.76
1546229974.79
1546229974.82
1546229974.86
1546229974.89
1546229974.92
1546229974.96
1546229974.99
1546229975.03
1546229975.06
1546229975.09
1546229975.12
1546229975.16
1546229975.19
1546229975.22
1546229975.26
1546229975.29
1546229975.33
1546229975.36
1546229975.39
1546229975.42
1546229975.46
1546229975.49
1546229975.53
1546229975.56
1546229975.59
1546229975.62
1546229975.66
1546229975.69
1546229975.72
1546229975.76
1546229975.79
1546229975.82
1546229975.86
1546229975.89
1546229975.92
1546229975.96
1546229975.99
1546229976.03
1546229976.06
1546229976.09
1546229976.12
1546229976.16
1546229976.19
1546229976.22
1546229976.26
1546229976.29
1546229976.33
1546229976.36
1546229976.39
1546229976.42
1546229976.46
1546229976.49
1546229976.53
1546229976.56
1546229976.59
1546229976.62
1546229976.66
1546229976.69
1546229976.73
1546229976.76
1546229976.79
1546229976.83
1546229976.86
1546229976.89
1546229976.93
1546229976.96
1546229976.99
1546229977.03
1546229977.06
1546229977.09
1546229977.13
1546229977.16
1546229977.19
1546229977.23
1546229977.26
1546229977.29
1546229977.33
1546229977.36
1546229977.39
1546229977.43
1546229977.46
1546229977.49
1546229977.53
1546229977.56
1546229977.59
1546229977.63
1546229977.66
1546229977.69
1546229977.73
1546229977.76
1546229977.79
1546229977.83
1546229977.86
1546229977.89
1546229977.93
1546229977.96
1546229977.99
1546229978.03
1546229978.06
1546229978.09
1546229978.13
1546229978.16
1546229978.19
1546229978.23
1546229978.26
1546229978.29
1546229978.33
1546229978.36
1546229978.39
1546229978.43
1546229978.46
1546229978.49
1546229978.53
1546229978.56
1546229978.59
1546229978.63
1546229978.66
1546229978.69
1546229978.73
1546229978.76
1546229978.79
1546229978.83
1546229978.86
1546229978.89
1546229978.93
1546229978.96
1546229978.99
1546229979.03
1546229979.06
1546229979.09
1546229979.13
1546229979.16
1546229979.19
1546229979.23
1546229979.26
1546229979.29
1546229979.33
1546229979.36
1546229979.39
1546229979.43
1546229979.46
1546229979.49
1546229979.53
1546229979.56
1546229979.59
1546229979.63
1546229979.66
1546229979.69
1546229979.73
1546229979.76
1546229979.79
1546229979.83
1546229979.86
1546229979.89
1546229979.92
1546229979.96
1546229979.99
1546229980.03
1546229980.06
1546229980.09
1546229980.13
1546229980.16
1546229980.19
1546229980.23
1546229980.26
1546229980.29
1546229980.33
1546229980.36
1546229980.39
1546229980.43
1546229980.46
1546229980.49
1546229980.53
1546229980.56
1546229980.59
1546229980.63
1546229980.66
1546229980.69
1546229980.73
1546229980.76
1546229980.79
1546229980.83
1546229980.86
1546229980.89
1546229980.93
1546229980.96
1546229980.99
1546229981.03
1546229981.06
1546229981.09
1546229981.13
1546229981.16
1546229981.19
1546229981.23
1546229981.26
1546229981.29
1546229981.33
1546229981.36
1546229981.39
1546229981.43
1546229981.46
1546229981.49
1546229981.53
1546229981.56
1546229981.59
1546229981.63
1546229981.66
1546229981.69
1546229981.73
1546229981.76
1546229981.79
1546229981.83
1546229981.86
1546229981.89
1546229981.93
1546229981.96
1546229981.99
1546229982.03
1546229982.06
1546229982.09
1546229982.13
1546229982.16
1546229982.19
1546229982.23
1546229982.26
1546229982.29
1546229982.33
1546229982.36
1546229982.39
1546229982.43
1546229982.46
1546229982.49
1546229982.53
1546229982.56
1546229982.59
1546229982.63
1546229982.66
1546229982.69
1546229982.73
1546229982.76
1546229982.79
1546229982.83
1546229982.86
1546229982.89
1546229982.93
1546229982.96
1546229982.99
1546229983.03
1546229983.06
1546229983.09
1546229983.13
1546229983.16
1546229983.19
1546229983.23
1546229983.26
1546229983.29
1546229983.33
1546229983.36
1546229983.39
1546229983.43
1546229983.46
1546229983.49
1546229983.53
1546229983.56
1546229983.59
1546229983.62
1546229983.66
1546229983.69
1546229983.72
1546229983.76
1546229983.79
1546229983.83
1546229983.86
1546229983.89
1546229983.93
1546229983.96
1546229983.99
1546229984.03
1546229984.06
1546229984.09
1546229984.13
1546229984.16
1546229984.19
1546229984.23
1546229984.26
1546229984.29
1546229984.33
1546229984.36
1546229984.39
1546229984.42
1546229984.46
1546229984.49
1546229984.53
1546229984.56
1546229984.59
1546229984.62
1546229984.66
1546229984.69
1546229984.73
1546229984.76
1546229984.79
1546229984.83
1546229984.86
1546229984.89
1546229984.92
1546229984.96
1546229984.99
1546229985.03
1546229985.06
1546229985.09
1546229985.13
1546229985.16
1546229985.19
1546229985.23
1546229985.26
1546229985.29
1546229985.33
1546229985.36
1546229985.39
1546229985.43
1546229985.46
1546229985.49
1546229985.53
1546229985.56
1546229985.59
1546229985.62
1546229985.66
1546229985.69
1546229985.72
1546229985.76
1546229985.79
1546229985.83
1546229985.86
1546229985.89
1546229985.93
1546229985.96
1546229985.99
1546229986.03
1546229986.06
1546229986.09
1546229986.12
1546229986.16
1546229986.19
1546229986.23
1546229986.26
1546229986.29
1546229986.33
1546229986.36
1546229986.39
1546229986.42
1546229986.46
1546229986.49
1546229986.53
1546229986.56
1546229986.59
1546229986.62
1546229986.66
1546229986.69
1546229986.72
1546229986.76
1546229986.79
1546229986.83
1546229986.86
1546229986.89
1546229986.92
1546229986.96
1546229986.99
1546229987.03
1546229987.06
1546229987.09
1546229987.12
1546229987.16
1546229987.19
1546229987.23
1546229987.26
1546229987.29
1546229987.33
1546229987.36
1546229987.39
1546229987.43
1546229987.46
1546229987.49
1546229987.53
1546229987.56
1546229987.59
1546229987.62
1546229987.66
1546229987.69
1546229987.72
1546229987.76
1546229987.79
1546229987.83
1546229987.86
1546229987.89
1546229987.92
1546229987.96
1546229987.99
1546229988.03
1546229988.06
1546229988.09
1546229988.12
1546229988.16
1546229988.19
1546229988.22
1546229988.26
1546229988.29
1546229988.33
1546229988.36
1546229988.39
1546229988.42
1546229988.46
1546229988.49
1546229988.53
1546229988.56
1546229988.59
1546229988.62
1546229988.66
1546229988.69
1546229988.72
1546229988.76
1546229988.79
1546229988.83
1546229988.86
1546229988.89
1546229988.92
1546229988.96
1546229988.99
1546229989.03
1546229989.06
1546229989.09
1546229989.12
1546229989.16
1546229989.19
1546229989.22
1546229989.26
1546229989.29
1546229989.33
1546229989.36
1546229989.39
1546229989.43
1546229989.46
1546229989.49
1546229989.53
1546229989.56
1546229989.59
1546229989.62
1546229989.66
1546229989.69
1546229989.72
1546229989.76
1546229989.79
1546229989.83
1546229989.86
1546229989.89
1546229989.93
1546229989.96
1546229989.99
1546229990.03
1546229990.06
1546229990.09
1546229990.12
1546229990.16
1546229990.19
1546229990.22
1546229990.26
1546229990.29
1546229990.33
1546229990.36
1546229990.39
1546229990.42
1546229990.46
1546229990.49
1546229990.53
1546229990.56
1546229990.59
1546229990.62
1546229990.66
1546229990.69
1546229990.72
1546229990.76
1546229990.79
1546229990.83
1546229990.86
1546229990.89
1546229990.93
1546229990.96
1546229990.99
1546229991.03
1546229991.06
1546229991.09
1546229991.13
1546229991.16
1546229991.19
1546229991.23
1546229991.26
1546229991.29
1546229991.33
1546229991.36
1546229991.39
1546229991.43
1546229991.46
1546229991.49
1546229991.53
1546229991.56
1546229991.59
1546229991.63
1546229991.66
1546229991.69
1546229991.73
1546229991.76
1546229991.79
1546229991.83
1546229991.86
1546229991.89
1546229991.93
1546229991.96
1546229991.99
1546229992.03
1546229992.06
1546229992.09
1546229992.13
1546229992.16
1546229992.19
1546229992.23
1546229992.26
1546229992.29
1546229992.33
1546229992.36
1546229992.39
1546229992.43
1546229992.46
1546229992.49
1546229992.53
1546229992.56
1546229992.6
1546229992.63
1546229992.66
1546229992.69
1546229992.73
1546229992.76
1546229992.79
1546229992.83
1546229992.86
1546229992.89
1546229992.93
1546229992.96
1546229992.99
1546229993.03
1546229993.06
1546229993.1
1546229993.13
1546229993.16
1546229993.19
1546229993.23
1546229993.26
1546229993.29
1546229993.33
1546229993.36
1546229993.39
1546229993.43
1546229993.46
1546229993.49
1546229993.53
1546229993.56
1546229993.6
1546229993.63
1546229993.66
1546229993.7
1546229993.73
1546229993.76
1546229993.8
1546229993.83
1546229993.86
1546229993.89
1546229993.93
1546229993.96
1546229994.0
1546229994.03
1546229994.06
1546229994.1
1546229994.13
1546229994.16
1546229994.2
1546229994.23
1546229994.26
1546229994.3
1546229994.33
1546229994.36
1546229994.4
1546229994.43
1546229994.46
1546229994.5
1546229994.53
1546229994.56
1546229994.6
1546229994.63
1546229994.66
1546229994.7
1546229994.73
1546229994.76
1546229994.8
1546229994.83
1546229994.86
1546229994.9
1546229994.93
1546229994.96
1546229995.0
1546229995.03
1546229995.06
1546229995.1
1546229995.13
1546229995.16
1546229995.2
1546229995.23
1546229995.27
1546229995.3
1546229995.33
1546229995.36
1546229995.4
1546229995.43
1546229995.46
1546229995.5
1546229995.53
1546229995.56
1546229995.6
1546229995.63
1546229995.66
1546229995.7
1546229995.73
1546229995.76
1546229995.8
1546229995.83
1546229995.86
1546229995.9
1546229995.93
1546229995.96
1546229996.0
1546229996.03
1546229996.07
1546229996.1
1546229996.13
1546229996.17
1546229996.2
1546229996.23
1546229996.27
1546229996.3
1546229996.33
1546229996.37
1546229996.4
1546229996.43
1546229996.46
1546229996.5
1546229996.53
1546229996.57
1546229996.6
1546229996.63
1546229996.66
1546229996.7
1546229996.73
1546229996.77
1546229996.8
1546229996.83
1546229996.87
1546229996.9
1546229996.93
1546229996.96
1546229997.0
1546229997.03
1546229997.07
1546229997.1
1546229997.13
1546229997.16
1546229997.2
1546229997.23
1546229997.27
1546229997.3
1546229997.33
1546229997.37
1546229997.4
1546229997.43
1546229997.46
1546229997.5
1546229997.53
1546229997.57
1546229997.6
1546229997.63
1546229997.67
1546229997.7
1546229997.73
1546229997.76
1546229997.79
1546229997.83
1546229997.86
1546229997.89
1546229997.93
1546229997.96
1546229997.99
1546229998.03
1546229998.06
1546229998.09
1546229998.13
1546229998.16
1546229998.19
1546229998.22
1546229998.26
1546229998.29
1546229998.33
1546229998.36
1546229998.39
1546229998.43
1546229998.46
1546229998.49
1546229998.53
1546229998.56
1546229998.59
1546229998.62
1546229998.66
1546229998.69
1546229998.72
1546229998.76
1546229998.79
1546229998.83
1546229998.86
1546229998.89
1546229998.93
1546229998.96
1546229998.99
1546229999.03
1546229999.06
1546229999.09
1546229999.12
1546229999.16
1546229999.19
1546229999.22
1546229999.26
1546229999.29
1546229999.33
1546229999.36
1546229999.39
1546229999.42
1546229999.46
1546229999.49
1546229999.53
1546229999.56
1546229999.59
1546229999.62
1546229999.66
1546229999.69
1546229999.72
1546229999.76
1546229999.79
1546229999.83
1546229999.86
1546229999.89
1546229999.92
1546229999.96
1546229999.99
1546230000.03
1546230000.06
1546230000.09
1546230000.12
1546230000.16
1546230000.19
1546230000.22
1546230000.26
1546230000.29
1546230000.33
1546230000.36
1546230000.39
1546230000.42
1546230000.46
1546230000.49
1546230000.53
1546230000.56
1546230000.59
1546230000.62
1546230000.66
1546230000.69
1546230000.72
1546230000.76
1546230000.79
1546230000.83
1546230000.86
1546230000.89
1546230000.92
1546230000.96
1546230000.99
1546230001.02
1546230001.06
1546230001.09
1546230001.12
1546230001.16
1546230001.19
1546230001.22
1546230001.26
1546230001.29
1546230001.32
1546230001.36
1546230001.39
1546230001.42
1546230001.46
1546230001.49
1546230001.52
1546230001.56
1546230001.59
1546230001.62
1546230001.66
1546230001.69
1546230001.72
1546230001.76
1546230001.79
1546230001.82
1546230001.86
1546230001.89
1546230001.92
1546230001.96
1546230001.99
1546230002.02
1546230002.06
1546230002.09
1546230002.12
1546230002.16
1546230002.19
1546230002.22
1546230002.26
1546230002.29
1546230002.33
1546230002.36
1546230002.39
1546230002.42
1546230002.46
1546230002.49
1546230002.53
1546230002.56
1546230002.59
1546230002.62
1546230002.66
1546230002.69
1546230002.73
1546230002.76
1546230002.79
1546230002.83
1546230002.86
1546230002.89
1546230002.92
1546230002.96
1546230002.99
1546230003.03
1546230003.06
1546230003.09
1546230003.13
1546230003.16
1546230003.19
1546230003.23
1546230003.26
1546230003.29
1546230003.33
1546230003.36
1546230003.39
1546230003.43
1546230003.46
1546230003.49
1546230003.53
1546230003.56
1546230003.59
1546230003.63
1546230003.66
1546230003.69
1546230003.73
1546230003.76
1546230003.79
1546230003.83
1546230003.86
1546230003.89
1546230003.93
1546230003.96
1546230003.99
1546230004.03
1546230004.06
1546230004.09
1546230004.13
1546230004.16
1546230004.19
1546230004.23
1546230004.26
1546230004.29
1546230004.33
1546230004.36
1546230004.39
1546230004.43
1546230004.46
1546230004.49
1546230004.53
1546230004.56
1546230004.59
1546230004.63
1546230004.66
1546230004.69
1546230004.73
1546230004.76
1546230004.79
1546230004.83
1546230004.86
1546230004.89
1546230004.93
1546230004.96
1546230004.99
1546230005.03
1546230005.06
1546230005.09
1546230005.13
1546230005.16
1546230005.19
1546230005.23
1546230005.26
1546230005.29
1546230005.33
1546230005.36
1546230005.39
1546230005.43
1546230005.46
1546230005.49
1546230005.53
1546230005.56
1546230005.6
1546230005.63
1546230005.66
1546230005.69
1546230005.73
1546230005.76
1546230005.8
1546230005.83
1546230005.86
1546230005.89
1546230005.93
1546230005.96
1546230005.99
1546230006.03
1546230006.06
1546230006.09
1546230006.13
1546230006.16
1546230006.19
1546230006.23
1546230006.26
1546230006.3
1546230006.33
1546230006.36
1546230006.39
1546230006.43
1546230006.46
1546230006.49
1546230006.53
1546230006.56
1546230006.6
1546230006.63
1546230006.66
1546230006.69
1546230006.73
1546230006.76
1546230006.8
1546230006.83
1546230006.86
1546230006.89
1546230006.93
1546230006.96
1546230007.0
1546230007.03
1546230007.06
1546230007.1
1546230007.13
1546230007.16
1546230007.2
1546230007.23
1546230007.26
1546230007.3
1546230007.33
1546230007.36
1546230007.4
1546230007.43
1546230007.46
1546230007.5
1546230007.53
1546230007.56
1546230007.6
1546230007.63
1546230007.66
1546230007.69
1546230007.73
1546230007.76
1546230007.8
1546230007.83
1546230007.86
1546230007.9
1546230007.93
1546230007.96
1546230007.99
1546230008.03
1546230008.06
1546230008.1
1546230008.13
1546230008.16
1546230008.2
1546230008.23
1546230008.26
1546230008.3
1546230008.33
1546230008.36
1546230008.4
1546230008.43
1546230008.46
1546230008.5
1546230008.53
1546230008.56
1546230008.6
1546230008.63
1546230008.66
1546230008.7
1546230008.73
1546230008.76
1546230008.8
1546230008.83
1546230008.86
1546230008.9
1546230008.93
1546230008.96
1546230009.0
1546230009.03
1546230009.06
1546230009.1
1546230009.13
1546230009.16
1546230009.19
1546230009.23
1546230009.26
1546230009.3
1546230009.33
1546230009.36
1546230009.4
1546230009.43
1546230009.46
1546230009.5
1546230009.53
1546230009.56
1546230009.6
1546230009.63
1546230009.66
1546230009.7
1546230009.73
1546230009.76
1546230009.8
1546230009.83
1546230009.86
1546230009.9
1546230009.93
1546230009.96
1546230010.0
1546230010.03
1546230010.06
1546230010.1
1546230010.13
1546230010.16
1546230010.19
1546230010.23
1546230010.26
1546230010.29
1546230010.33
1546230010.36
1546230010.39
1546230010.43
1546230010.46
1546230010.49
1546230010.53
1546230010.56
1546230010.6
1546230010.63
1546230010.66
1546230010.69
1546230010.73
1546230010.76
1546230010.79
1546230010.83
1546230010.86
1546230010.89
1546230010.93
1546230010.96
1546230010.99
1546230011.03
1546230011.06
1546230011.09
1546230011.13
1546230011.16
1546230011.19
1546230011.23
1546230011.26
1546230011.29
1546230011.33
1546230011.36
1546230011.39
1546230011.43
1546230011.46
1546230011.49
1546230011.53
1546230011.56
1546230011.6
1546230011.63
1546230011.66
1546230011.69
1546230011.73
1546230011.76
1546230011.79
1546230011.83
1546230011.86
1546230011.89
1546230011.93
1546230011.96
1546230011.99
1546230012.03
1546230012.06
1546230012.09
1546230012.13
1546230012.16
1546230012.19
1546230012.23
1546230012.26
1546230012.3
1546230012.33
1546230012.36
1546230012.39
1546230012.43
1546230012.46
1546230012.49
1546230012.53
1546230012.56
1546230012.6
1546230012.63
1546230012.66
1546230012.69
1546230012.73
1546230012.76
1546230012.79
1546230012.83
1546230012.86
1546230012.89
1546230012.93
1546230012.96
1546230012.99
1546230013.03
1546230013.06
1546230013.1
1546230013.13
1546230013.16
1546230013.19
1546230013.23
1546230013.26
1546230013.3
1546230013.33
1546230013.36
1546230013.39
1546230013.43
1546230013.46
1546230013.49
1546230013.53
1546230013.56
1546230013.6
1546230013.63
1546230013.66
1546230013.69
1546230013.73
1546230013.76
1546230013.8
1546230013.83
1546230013.86
1546230013.89
1546230013.93
1546230013.96
1546230014.0
1546230014.03
1546230014.06
1546230014.1
1546230014.13
1546230014.16
1546230014.2
1546230014.23
1546230014.26
1546230014.3
1546230014.33
1546230014.36
1546230014.4
1546230014.43
1546230014.46
1546230014.49
1546230014.53
1546230014.56
1546230014.6
1546230014.63
1546230014.66
1546230014.7
1546230014.73
1546230014.76
1546230014.8
1546230014.83
1546230014.86
1546230014.9
1546230014.93
1546230014.96
1546230015.0
1546230015.03
1546230015.06
1546230015.1
1546230015.13
1546230015.16
1546230015.2
1546230015.23
1546230015.26
1546230015.3
1546230015.33
1546230015.36
1546230015.4
1546230015.43
1546230015.46
1546230015.5
1546230015.53
1546230015.56
1546230015.6
1546230015.63
1546230015.66
1546230015.7
1546230015.73
1546230015.76
1546230015.8
1546230015.83
1546230015.86
1546230015.9
1546230015.93
1546230015.96
1546230016.0
1546230016.03
1546230016.06
1546230016.1
1546230016.13
1546230016.16
1546230016.2
1546230016.23
1546230016.26
1546230016.3
1546230016.33
1546230016.36
1546230016.4
1546230016.43
1546230016.46
1546230016.5
1546230016.53
1546230016.56
1546230016.6
1546230016.63
1546230016.66
1546230016.7
1546230016.73
1546230016.77
1546230016.8
1546230016.83
1546230016.87
1546230016.9
1546230016.93
1546230016.96
1546230017.0
1546230017.03
1546230017.07
1546230017.1
1546230017.13
1546230017.16
1546230017.2
1546230017.23
1546230017.27
1546230017.3
1546230017.33
1546230017.37
1546230017.4
1546230017.43
1546230017.47
1546230017.5
1546230017.53
1546230017.57
1546230017.6
1546230017.63
1546230017.67
1546230017.7
1546230017.73
1546230017.77
1546230017.8
1546230017.83
1546230017.87
1546230017.9
1546230017.93
1546230017.97
1546230018.0
1546230018.03
1546230018.07
1546230018.1
1546230018.13
1546230018.17
1546230018.2
1546230018.23
1546230018.27
1546230018.3
1546230018.33
1546230018.37
1546230018.4
1546230018.43
1546230018.47
1546230018.5
1546230018.53
1546230018.57
1546230018.6
1546230018.63
1546230018.67
1546230018.7
1546230018.73
1546230018.77
1546230018.8
1546230018.84
1546230018.87
1546230018.9
1546230018.93
1546230018.97
1546230019.0
1546230019.03
1546230019.07
1546230019.1
1546230019.13
1546230019.17
1546230019.2
1546230019.23
1546230019.27
1546230019.3
1546230019.34
1546230019.37
1546230019.4
1546230019.43
1546230019.47
1546230019.5
1546230019.54
1546230019.57
1546230019.6
1546230019.64
1546230019.67
1546230019.7
1546230019.73
1546230019.77
1546230019.8
1546230019.84
1546230019.87
1546230019.9
1546230019.94
1546230019.97
1546230020.0
1546230020.04
1546230020.07
1546230020.1
1546230020.14
1546230020.17
1546230020.2
1546230020.24
1546230020.27
1546230020.31
1546230020.34
1546230020.37
1546230020.4
1546230020.44
1546230020.47
1546230020.51
1546230020.54
1546230020.57
1546230020.6
1546230020.64
1546230020.67
1546230020.7
1546230020.74
1546230020.77
1546230020.81
1546230020.84
1546230020.87
1546230020.9
1546230020.94
1546230020.97
1546230021.01
1546230021.04
1546230021.07
1546230021.11
1546230021.13
1546230021.16
1546230021.2
1546230021.23
1546230021.26
1546230021.3
1546230021.33
1546230021.36
1546230021.4
1546230021.43
1546230021.46
1546230021.5
1546230021.53
1546230021.56
1546230021.6
1546230021.63
1546230021.66
1546230021.7
1546230021.73
1546230021.76
1546230021.8
1546230021.83
1546230021.86
1546230021.89
1546230021.93
1546230021.96
1546230022.0
1546230022.03
1546230022.06
1546230022.1
1546230022.13
1546230022.16
1546230022.2
1546230022.23
1546230022.26
1546230022.3
1546230022.33
1546230022.36
1546230022.4
1546230022.43
1546230022.46
1546230022.5
1546230022.53
1546230022.56
1546230022.6
1546230022.63
1546230022.66
1546230022.69
1546230022.73
1546230022.76
1546230022.8
1546230022.83
1546230022.86
1546230022.89
1546230022.93
1546230022.96
1546230023.0
1546230023.03
1546230023.06
1546230023.1
1546230023.13
1546230023.16
1546230023.19
1546230023.23
1546230023.26
1546230023.3
1546230023.33
1546230023.36
1546230023.4
1546230023.43
1546230023.46
1546230023.5
1546230023.53
1546230023.56
1546230023.6
1546230023.63
1546230023.66
1546230023.7
1546230023.73
1546230023.76
1546230023.8
1546230023.83
1546230023.86
1546230023.89
1546230023.93
1546230023.96
1546230023.99
1546230024.03
1546230024.06
1546230024.1
1546230024.13
1546230024.16
1546230024.19
1546230024.23
1546230024.26
1546230024.29
1546230024.33
1546230024.36
1546230024.4
1546230024.43
1546230024.46
1546230024.5
1546230024.53
1546230024.56
1546230024.6
1546230024.63
1546230024.66
1546230024.69
1546230024.73
1546230024.76
1546230024.8
1546230024.83
1546230024.86
1546230024.9
1546230024.93
1546230024.96
1546230024.99
1546230025.03
1546230025.06
1546230025.1
1546230025.13
1546230025.16
1546230025.19
1546230025.23
1546230025.26
1546230025.3
1546230025.33
1546230025.36
1546230025.4
1546230025.43
1546230025.46
1546230025.5
1546230025.53
1546230025.56
1546230025.6
1546230025.63
1546230025.66
1546230025.7
1546230025.73
1546230025.76
1546230025.8
1546230025.83
1546230025.86
1546230025.9
1546230025.93
1546230025.96
1546230026.0
1546230026.03
1546230026.06
1546230026.1
1546230026.13
1546230026.16
1546230026.2
1546230026.23
1546230026.26
1546230026.3
1546230026.33
1546230026.36
1546230026.4
1546230026.43
1546230026.46
1546230026.5
1546230026.53
1546230026.56
1546230026.6
1546230026.63
1546230026.66
1546230026.7
1546230026.73
1546230026.76
1546230026.8
1546230026.83
1546230026.86
1546230026.9
1546230026.93
1546230026.96
1546230027.0
1546230027.03
1546230027.06
1546230027.1
1546230027.13
1546230027.16
1546230027.2
1546230027.23
1546230027.26
1546230027.3
1546230027.33
1546230027.36
1546230027.4
1546230027.43
1546230027.46
1546230027.5
1546230027.53
1546230027.56
1546230027.6
1546230027.63
1546230027.66
1546230027.7
1546230027.73
1546230027.76
1546230027.8
1546230027.83
1546230027.86
1546230027.9
1546230027.93
1546230027.96
1546230028.0
1546230028.03
1546230028.06
1546230028.1
1546230028.13
1546230028.16
1546230028.2
1546230028.23
1546230028.26
1546230028.3
1546230028.33
1546230028.36
1546230028.4
1546230028.43
1546230028.46
1546230028.5
1546230028.53
1546230028.56
1546230028.6
1546230028.63
1546230028.66
1546230028.7
1546230028.73
1546230028.76
1546230028.8
1546230028.83
1546230028.86
1546230028.9
1546230028.93
1546230028.96
1546230029.0
1546230029.03
1546230029.07
1546230029.1
1546230029.13
1546230029.16
1546230029.2
1546230029.23
1546230029.26
1546230029.3
1546230029.33
1546230029.37
1546230029.4
1546230029.43
1546230029.46
1546230029.5
1546230029.53
1546230029.57
1546230029.6
1546230029.63
1546230029.66
1546230029.7
1546230029.73
1546230029.77
1546230029.8
1546230029.83
1546230029.87
1546230029.9
1546230029.93
1546230029.96
1546230030.0
1546230030.03
1546230030.06
1546230030.1
1546230030.13
1546230030.16
1546230030.2
1546230030.23
1546230030.27
1546230030.3
1546230030.33
1546230030.36
1546230030.4
1546230030.43
1546230030.46
1546230030.5
1546230030.53
1546230030.56
1546230030.6
1546230030.63
1546230030.66
1546230030.7
1546230030.73
1546230030.76
1546230030.8
1546230030.83
1546230030.86
1546230030.9
1546230030.93
1546230030.96
1546230031.0
1546230031.03
1546230031.06
1546230031.1
1546230031.13
1546230031.16
1546230031.2
1546230031.23
1546230031.26
1546230031.3
1546230031.33
1546230031.36
1546230031.4
1546230031.43
1546230031.46
1546230031.5
1546230031.53
1546230031.56
1546230031.6
1546230031.63
1546230031.66
1546230031.7
1546230031.73
1546230031.76
1546230031.8
1546230031.83
1546230031.87
1546230031.9
1546230031.93
1546230031.97
1546230032.0
1546230032.03
1546230032.07
1546230032.1
1546230032.13
1546230032.17
1546230032.2
1546230032.23
1546230032.27
1546230032.3
1546230032.33
1546230032.37
1546230032.4
1546230032.43
1546230032.46
1546230032.5
1546230032.53
1546230032.57
1546230032.6
1546230032.63
1546230032.66
1546230032.7
1546230032.73
1546230032.76
1546230032.8
1546230032.83
1546230032.86
1546230032.9
1546230032.93
1546230032.96
1546230033.0
1546230033.03
1546230033.07
1546230033.1
1546230033.13
1546230033.16
1546230033.2
1546230033.23
1546230033.27
1546230033.3
1546230033.33
1546230033.37
1546230033.4
1546230033.43
1546230033.46
1546230033.5
1546230033.53
1546230033.57
1546230033.6
1546230033.63
1546230033.67
1546230033.7
1546230033.73
1546230033.77
1546230033.8
1546230033.83
1546230033.87
1546230033.9
1546230033.93
1546230033.97
1546230034.0
1546230034.03
1546230034.07
1546230034.1
1546230034.13
1546230034.16
1546230034.2
1546230034.23
1546230034.27
1546230034.3
1546230034.33
1546230034.36
1546230034.4
1546230034.43
1546230034.46
1546230034.5
1546230034.53
1546230034.56
1546230034.6
1546230034.63
1546230034.66
1546230034.7
1546230034.73
1546230034.76
1546230034.8
1546230034.83
1546230034.86
1546230034.9
1546230034.93
1546230034.96
1546230035.0
1546230035.03
1546230035.06
1546230035.1
1546230035.13
1546230035.16
1546230035.2
1546230035.23
1546230035.26
1546230035.3
1546230035.33
1546230035.36
1546230035.4
1546230035.43
1546230035.46
1546230035.5
1546230035.53
1546230035.56
1546230035.6
1546230035.63
1546230035.66
1546230035.7
1546230035.73
1546230035.76
1546230035.8
1546230035.83
1546230035.86
1546230035.9
1546230035.93
1546230035.96
1546230036.0
1546230036.03
1546230036.06
1546230036.1
1546230036.13
1546230036.16
1546230036.2
1546230036.23
1546230036.26
1546230036.3
1546230036.33
1546230036.36
1546230036.4
1546230036.43
1546230036.46
1546230036.49
1546230036.53
1546230036.56
1546230036.6
1546230036.63
1546230036.66
1546230036.7
1546230036.73
1546230036.76
1546230036.8
1546230036.83
1546230036.86
1546230036.9
1546230036.93
1546230036.96
1546230037.0
1546230037.03
1546230037.06
1546230037.1
1546230037.13
1546230037.16
1546230037.2
1546230037.23
1546230037.26
1546230037.3
1546230037.33
1546230037.36
1546230037.4
1546230037.43
1546230037.46
1546230037.5
1546230037.53
1546230037.56
1546230037.6
1546230037.63
1546230037.66
1546230037.7
1546230037.73
1546230037.76
1546230037.8
1546230037.83
1546230037.86
1546230037.89
1546230037.93
1546230037.96
1546230037.99
1546230038.03
1546230038.06
1546230038.1
1546230038.13
1546230038.16
1546230038.19
1546230038.23
1546230038.26
1546230038.3
1546230038.33
1546230038.36
1546230038.4
1546230038.43
1546230038.46
1546230038.49
1546230038.53
1546230038.56
1546230038.6
1546230038.63
1546230038.66
1546230038.7
1546230038.73
1546230038.76
1546230038.8
1546230038.83
1546230038.86
1546230038.9
1546230038.93
1546230038.96
1546230039.0
1546230039.03
1546230039.06
1546230039.1
1546230039.13
1546230039.16
1546230039.2
1546230039.23
1546230039.26
1546230039.3
1546230039.33
1546230039.36
1546230039.4
1546230039.43
1546230039.46
1546230039.5
1546230039.53
1546230039.56
1546230039.6
1546230039.63
1546230039.66
1546230039.7
1546230039.73
1546230039.76
1546230039.8
1546230039.83
1546230039.86
1546230039.9
1546230039.93
1546230039.96
1546230040.0
1546230040.03
1546230040.06
1546230040.1
1546230040.13
1546230040.16
1546230040.2
1546230040.23
1546230040.26
1546230040.3
1546230040.33
1546230040.36
1546230040.4
1546230040.43
1546230040.46
1546230040.5
1546230040.53
1546230040.57
1546230040.6
1546230040.63
1546230040.67
1546230040.7
1546230040.73
1546230040.77
1546230040.8
1546230040.83
1546230040.87
1546230040.9
1546230040.93
1546230040.96
1546230041.0
1546230041.03
1546230041.07
1546230041.1
1546230041.13
1546230041.16
1546230041.2
1546230041.23
1546230041.27
1546230041.3
1546230041.33
1546230041.36
1546230041.4
1546230041.43
1546230041.46
1546230041.5
1546230041.53
1546230041.57
1546230041.6
1546230041.63
1546230041.67
1546230041.7
1546230041.73
1546230041.77
1546230041.8
1546230041.83
1546230041.87
1546230041.9
1546230041.93
1546230041.97
1546230042.0
1546230042.03
1546230042.07
1546230042.1
1546230042.13
1546230042.17
1546230042.2
1546230042.23
1546230042.27
1546230042.3
1546230042.33
1546230042.37
1546230042.4
1546230042.43
1546230042.47
1546230042.5
1546230042.53
1546230042.57
1546230042.6
1546230042.63
1546230042.67
1546230042.7
1546230042.73
1546230042.77
1546230042.8
1546230042.83
1546230042.87
1546230042.9
1546230042.93
1546230042.97
1546230043.0
1546230043.04
1546230043.07
1546230043.1
1546230043.13
1546230043.17
1546230043.2
1546230043.23
1546230043.27
1546230043.3
1546230043.33
