1546223211.18
1546223211.32
1546223211.36
1546223211.39
1546223211.42
1546223211.45
1546223211.48
1546223211.51
1546223211.54
1546223211.57
1546223211.61
1546223211.64
1546223211.67
1546223211.71
1546223211.74
1546223211.77
1546223211.81
1546223211.84
1546223211.87
1546223211.91
1546223211.94
1546223211.97
1546223212.01
1546223212.04
1546223212.07
1546223212.11
1546223212.14
1546223212.17
1546223212.21
1546223212.24
1546223212.27
1546223212.31
1546223212.34
1546223212.37
1546223212.41
1546223212.44
1546223212.47
1546223212.51
1546223212.54
1546223212.58
1546223212.61
1546223212.64
1546223212.67
1546223212.71
1546223212.74
1546223212.78
1546223212.81
1546223212.84
1546223212.88
1546223212.91
1546223212.94
1546223212.97
1546223213.01
1546223213.04
1546223213.08
1546223213.11
1546223213.14
1546223213.17
1546223213.21
1546223213.24
1546223213.28
1546223213.31
1546223213.34
1546223213.38
1546223213.41
1546223213.44
1546223213.47
1546223213.51
1546223213.54
1546223213.58
1546223213.61
1546223213.64
1546223213.68
1546223213.71
1546223213.74
1546223213.78
1546223213.81
1546223213.84
1546223213.88
1546223213.91
1546223213.94
1546223213.97
1546223214.01
1546223214.04
1546223214.08
1546223214.11
1546223214.14
1546223214.17
1546223214.21
1546223214.24
1546223214.28
1546223214.31
1546223214.34
1546223214.37
1546223214.41
1546223214.44
1546223214.47
1546223214.51
1546223214.54
1546223214.58
1546223214.61
1546223214.64
1546223214.67
1546223214.71
1546223214.74
1546223214.78
1546223214.81
1546223214.84
1546223214.88
1546223214.91
1546223214.94
1546223214.97
1546223215.01
1546223215.04
1546223215.07
1546223215.11
1546223215.14
1546223215.17
1546223215.21
1546223215.24
1546223215.27
1546223215.31
1546223215.34
1546223215.38
1546223215.41
1546223215.44
1546223215.47
1546223215.51
1546223215.54
1546223215.58
1546223215.61
1546223215.64
1546223215.67
1546223215.71
1546223215.74
1546223215.78
1546223215.81
1546223215.84
1546223215.88
1546223215.91
1546223215.94
1546223215.97
1546223216.01
1546223216.04
1546223216.08
1546223216.11
1546223216.14
1546223216.17
1546223216.21
1546223216.24
1546223216.28
1546223216.31
1546223216.34
1546223216.37
1546223216.41
1546223216.44
1546223216.47
1546223216.51
1546223216.54
1546223216.57
1546223216.61
1546223216.64
1546223216.67
1546223216.71
1546223216.74
1546223216.78
1546223216.81
1546223216.84
1546223216.87
1546223216.91
1546223216.94
1546223216.97
1546223217.01
1546223217.04
1546223217.07
1546223217.11
1546223217.14
1546223217.17
1546223217.21
1546223217.24
1546223217.27
1546223217.31
1546223217.34
1546223217.37
1546223217.41
1546223217.44
1546223217.47
1546223217.51
1546223217.54
1546223217.58
1546223217.61
1546223217.64
1546223217.67
1546223217.71
1546223217.74
1546223217.77
1546223217.81
1546223217.84
1546223217.88
1546223217.91
1546223217.94
1546223217.97
1546223218.01
1546223218.04
1546223218.08
1546223218.11
1546223218.14
1546223218.17
1546223218.21
1546223218.24
1546223218.28
1546223218.31
1546223218.34
1546223218.38
1546223218.41
1546223218.44
1546223218.47
1546223218.51
1546223218.54
1546223218.57
1546223218.61
1546223218.64
1546223218.67
1546223218.71
1546223218.74
1546223218.77
1546223218.81
1546223218.84
1546223218.88
1546223218.91
1546223218.94
1546223218.97
1546223219.01
1546223219.04
1546223219.08
1546223219.11
1546223219.14
1546223219.17
1546223219.21
1546223219.24
1546223219.28
1546223219.31
1546223219.34
1546223219.38
1546223219.41
1546223219.44
1546223219.48
1546223219.51
1546223219.54
1546223219.58
1546223219.61
1546223219.64
1546223219.68
1546223219.71
1546223219.74
1546223219.78
1546223219.81
1546223219.84
1546223219.88
1546223219.91
1546223219.94
1546223219.98
1546223220.01
1546223220.04
1546223220.08
1546223220.11
1546223220.14
1546223220.18
1546223220.21
1546223220.24
1546223220.28
1546223220.31
1546223220.34
1546223220.38
1546223220.41
1546223220.44
1546223220.48
1546223220.51
1546223220.54
1546223220.58
1546223220.61
1546223220.64
1546223220.68
1546223220.71
1546223220.74
1546223220.78
1546223220.81
1546223220.84
1546223220.88
1546223220.91
1546223220.94
1546223220.98
1546223221.01
1546223221.04
1546223221.08
1546223221.11
1546223221.14
1546223221.18
1546223221.21
1546223221.24
1546223221.28
1546223221.31
1546223221.34
1546223221.38
1546223221.41
1546223221.44
1546223221.48
1546223221.51
1546223221.54
1546223221.58
1546223221.61
1546223221.64
1546223221.68
1546223221.71
1546223221.74
1546223221.78
1546223221.81
1546223221.85
1546223221.88
1546223221.91
1546223221.94
1546223221.98
1546223222.01
1546223222.05
1546223222.08
1546223222.11
1546223222.14
1546223222.18
1546223222.21
1546223222.25
1546223222.28
1546223222.31
1546223222.35
1546223222.38
1546223222.41
1546223222.45
1546223222.48
1546223222.51
1546223222.55
1546223222.58
1546223222.61
1546223222.65
1546223222.68
1546223222.71
1546223222.75
1546223222.78
1546223222.81
1546223222.85
1546223222.88
1546223222.91
1546223222.95
1546223222.98
1546223223.01
1546223223.05
1546223223.08
1546223223.12
1546223223.15
1546223223.18
1546223223.21
1546223223.25
1546223223.28
1546223223.32
1546223223.35
1546223223.38
1546223223.42
1546223223.45
1546223223.48
1546223223.52
1546223223.55
1546223223.58
1546223223.61
1546223223.65
1546223223.68
1546223223.71
1546223223.75
1546223223.78
1546223223.82
1546223223.85
1546223223.88
1546223223.91
1546223223.95
1546223223.98
1546223224.01
1546223224.04
1546223224.08
1546223224.11
1546223224.14
1546223224.17
1546223224.21
1546223224.24
1546223224.28
1546223224.31
1546223224.34
1546223224.38
1546223224.41
1546223224.44
1546223224.47
1546223224.51
1546223224.54
1546223224.57
1546223224.61
1546223224.64
1546223224.67
1546223224.71
1546223224.74
1546223224.77
1546223224.81
1546223224.84
1546223224.87
1546223224.91
1546223224.94
1546223224.97
1546223225.01
1546223225.04
1546223225.07
1546223225.11
1546223225.14
1546223225.17
1546223225.21
1546223225.24
1546223225.27
1546223225.31
1546223225.34
1546223225.37
1546223225.41
1546223225.44
1546223225.47
1546223225.51
1546223225.54
1546223225.57
1546223225.61
1546223225.64
1546223225.67
1546223225.71
1546223225.74
1546223225.77
1546223225.81
1546223225.84
1546223225.87
1546223225.91
1546223225.94
1546223225.97
1546223226.01
1546223226.04
1546223226.07
1546223226.11
1546223226.14
1546223226.17
1546223226.21
1546223226.24
1546223226.27
1546223226.31
1546223226.34
1546223226.37
1546223226.41
1546223226.44
1546223226.47
1546223226.51
1546223226.54
1546223226.57
1546223226.61
1546223226.64
1546223226.67
1546223226.7
1546223226.74
1546223226.77
1546223226.81
1546223226.84
1546223226.87
1546223226.9
1546223226.94
1546223226.97
1546223227.01
1546223227.04
1546223227.07
1546223227.1
1546223227.14
1546223227.17
1546223227.2
1546223227.24
1546223227.27
1546223227.31
1546223227.34
1546223227.37
1546223227.4
1546223227.44
1546223227.47
1546223227.5
1546223227.54
1546223227.57
1546223227.61
1546223227.64
1546223227.67
1546223227.7
1546223227.74
1546223227.77
1546223227.81
1546223227.84
1546223227.87
1546223227.9
1546223227.94
1546223227.97
1546223228.0
1546223228.04
1546223228.07
1546223228.11
1546223228.14
1546223228.17
1546223228.2
1546223228.24
1546223228.27
1546223228.3
1546223228.34
1546223228.37
1546223228.4
1546223228.44
1546223228.47
1546223228.5
1546223228.54
1546223228.57
1546223228.6
1546223228.64
1546223228.67
1546223228.7
1546223228.74
1546223228.77
1546223228.81
1546223228.84
1546223228.87
1546223228.9
1546223228.94
1546223228.97
1546223229.0
1546223229.04
1546223229.07
1546223229.1
1546223229.14
1546223229.17
1546223229.2
1546223229.24
1546223229.27
1546223229.3
1546223229.34
1546223229.37
1546223229.4
1546223229.44
1546223229.47
1546223229.5
1546223229.54
1546223229.57
1546223229.6
1546223229.64
1546223229.67
1546223229.7
1546223229.74
1546223229.77
1546223229.8
1546223229.84
1546223229.87
1546223229.9
1546223229.94
1546223229.97
1546223230.0
1546223230.04
1546223230.07
1546223230.1
1546223230.14
1546223230.17
1546223230.2
1546223230.24
1546223230.27
1546223230.3
1546223230.34
1546223230.37
1546223230.4
1546223230.44
1546223230.47
1546223230.5
1546223230.54
1546223230.57
1546223230.6
1546223230.64
1546223230.67
1546223230.7
1546223230.74
1546223230.77
1546223230.81
1546223230.84
1546223230.87
1546223230.9
1546223230.94
1546223230.97
1546223231.0
1546223231.04
1546223231.07
1546223231.1
1546223231.14
1546223231.17
1546223231.2
1546223231.24
1546223231.27
1546223231.31
1546223231.34
1546223231.37
1546223231.4
1546223231.44
1546223231.47
1546223231.51
1546223231.54
1546223231.57
1546223231.61
1546223231.64
1546223231.67
1546223231.7
1546223231.74
1546223231.77
1546223231.81
1546223231.84
1546223231.87
1546223231.9
1546223231.94
1546223231.97
1546223232.0
1546223232.04
1546223232.07
1546223232.1
1546223232.14
1546223232.17
1546223232.2
1546223232.24
1546223232.27
1546223232.31
1546223232.34
1546223232.37
1546223232.4
1546223232.44
1546223232.47
1546223232.5
1546223232.54
1546223232.57
1546223232.61
1546223232.64
1546223232.67
1546223232.7
1546223232.74
1546223232.77
1546223232.81
1546223232.84
1546223232.87
1546223232.9
1546223232.94
1546223232.97
1546223233.01
1546223233.04
1546223233.07
1546223233.11
1546223233.14
1546223233.17
1546223233.2
1546223233.24
1546223233.27
1546223233.31
1546223233.34
1546223233.37
1546223233.4
1546223233.44
1546223233.47
1546223233.51
1546223233.54
1546223233.57
1546223233.61
1546223233.64
1546223233.67
1546223233.7
1546223233.74
1546223233.77
1546223233.81
1546223233.84
1546223233.87
1546223233.9
1546223233.94
1546223233.97
1546223234.01
1546223234.04
1546223234.07
1546223234.11
1546223234.14
1546223234.17
1546223234.2
1546223234.24
1546223234.27
1546223234.3
1546223234.34
1546223234.37
1546223234.4
1546223234.44
1546223234.47
1546223234.51
1546223234.54
1546223234.57
1546223234.61
1546223234.64
1546223234.67
1546223234.7
1546223234.74
1546223234.77
1546223234.81
1546223234.84
1546223234.87
1546223234.9
1546223234.94
1546223234.97
1546223235.01
1546223235.04
1546223235.07
1546223235.11
1546223235.14
1546223235.17
1546223235.21
1546223235.24
1546223235.27
1546223235.31
1546223235.34
1546223235.37
1546223235.41
1546223235.44
1546223235.47
1546223235.51
1546223235.54
1546223235.57
1546223235.61
1546223235.64
1546223235.67
1546223235.7
1546223235.74
1546223235.77
1546223235.81
1546223235.84
1546223235.87
1546223235.91
1546223235.94
1546223235.97
1546223236.01
1546223236.04
1546223236.07
1546223236.11
1546223236.14
1546223236.17
1546223236.21
1546223236.24
1546223236.27
1546223236.31
1546223236.34
1546223236.37
1546223236.41
1546223236.44
1546223236.47
1546223236.51
1546223236.54
1546223236.57
1546223236.61
1546223236.64
1546223236.67
1546223236.71
1546223236.74
1546223236.77
1546223236.81
1546223236.84
1546223236.87
1546223236.91
1546223236.94
1546223236.97
1546223237.01
1546223237.04
1546223237.07
1546223237.11
1546223237.14
1546223237.17
1546223237.21
1546223237.24
1546223237.27
1546223237.31
1546223237.34
1546223237.37
1546223237.4
1546223237.44
1546223237.47
1546223237.51
1546223237.54
1546223237.57
1546223237.61
1546223237.64
1546223237.67
1546223237.7
1546223237.74
1546223237.77
1546223237.81
1546223237.84
1546223237.87
1546223237.9
1546223237.94
1546223237.97
1546223238.01
1546223238.04
1546223238.07
1546223238.1
1546223238.14
1546223238.17
1546223238.2
1546223238.24
1546223238.27
1546223238.3
1546223238.34
1546223238.37
1546223238.4
1546223238.44
1546223238.47
1546223238.5
1546223238.54
1546223238.57
1546223238.6
1546223238.64
1546223238.67
1546223238.7
1546223238.74
1546223238.77
1546223238.8
1546223238.84
1546223238.87
1546223238.9
1546223238.94
1546223238.97
1546223239.0
1546223239.04
1546223239.07
1546223239.1
1546223239.14
1546223239.17
1546223239.2
1546223239.24
1546223239.27
1546223239.31
1546223239.34
1546223239.37
1546223239.4
1546223239.44
1546223239.47
1546223239.5
1546223239.54
1546223239.57
1546223239.6
1546223239.64
1546223239.67
1546223239.7
1546223239.74
1546223239.77
1546223239.8
1546223239.84
1546223239.87
1546223239.9
1546223239.94
1546223239.97
1546223240.0
1546223240.04
1546223240.07
1546223240.1
1546223240.14
1546223240.17
1546223240.2
1546223240.24
1546223240.27
1546223240.3
1546223240.34
1546223240.37
1546223240.4
1546223240.44
1546223240.47
1546223240.5
1546223240.54
1546223240.57
1546223240.6
1546223240.64
1546223240.67
1546223240.7
1546223240.74
1546223240.77
1546223240.8
1546223240.84
1546223240.87
1546223240.9
1546223240.94
1546223240.97
1546223241.0
1546223241.04
1546223241.07
1546223241.1
1546223241.14
1546223241.17
1546223241.2
1546223241.24
1546223241.27
1546223241.3
1546223241.34
1546223241.37
1546223241.4
1546223241.44
1546223241.47
1546223241.5
1546223241.54
1546223241.57
1546223241.6
1546223241.64
1546223241.67
1546223241.7
1546223241.74
1546223241.77
1546223241.8
1546223241.84
1546223241.87
1546223241.9
1546223241.94
1546223241.97
1546223242.0
1546223242.04
1546223242.07
1546223242.1
1546223242.14
1546223242.17
1546223242.2
1546223242.24
1546223242.27
1546223242.3
1546223242.34
1546223242.37
1546223242.4
1546223242.44
1546223242.47
1546223242.5
1546223242.54
1546223242.57
1546223242.6
1546223242.64
1546223242.67
1546223242.7
1546223242.74
1546223242.77
1546223242.8
1546223242.84
1546223242.87
1546223242.9
1546223242.94
1546223242.97
1546223243.0
1546223243.04
1546223243.07
1546223243.1
1546223243.14
1546223243.17
1546223243.2
1546223243.24
1546223243.27
1546223243.3
1546223243.34
1546223243.37
1546223243.4
1546223243.44
1546223243.47
1546223243.5
1546223243.54
1546223243.57
1546223243.6
1546223243.64
1546223243.67
1546223243.7
1546223243.74
1546223243.77
1546223243.81
1546223243.84
1546223243.87
1546223243.9
1546223243.94
1546223243.97
1546223244.0
1546223244.04
1546223244.07
1546223244.1
1546223244.14
1546223244.17
1546223244.2
1546223244.24
1546223244.27
1546223244.3
1546223244.34
1546223244.37
1546223244.4
1546223244.44
1546223244.47
1546223244.51
1546223244.54
1546223244.57
1546223244.6
1546223244.64
1546223244.67
1546223244.7
1546223244.74
1546223244.77
1546223244.8
1546223244.84
1546223244.87
1546223244.9
1546223244.94
1546223244.97
1546223245.0
1546223245.04
1546223245.07
1546223245.11
1546223245.14
1546223245.17
1546223245.2
1546223245.24
1546223245.27
1546223245.3
1546223245.34
1546223245.37
1546223245.4
1546223245.44
1546223245.47
1546223245.51
1546223245.54
1546223245.57
1546223245.61
1546223245.64
1546223245.67
1546223245.7
1546223245.74
1546223245.77
1546223245.81
1546223245.84
1546223245.87
1546223245.91
1546223245.94
1546223245.97
1546223246.01
1546223246.04
1546223246.07
1546223246.11
1546223246.14
1546223246.17
1546223246.21
1546223246.24
1546223246.27
1546223246.31
1546223246.34
1546223246.37
1546223246.41
1546223246.44
1546223246.47
1546223246.51
1546223246.54
1546223246.57
1546223246.61
1546223246.64
1546223246.67
1546223246.71
1546223246.74
1546223246.77
1546223246.81
1546223246.84
1546223246.87
1546223246.91
1546223246.94
1546223246.97
1546223247.01
1546223247.04
1546223247.07
1546223247.11
1546223247.14
1546223247.17
1546223247.21
1546223247.24
1546223247.27
1546223247.31
1546223247.34
1546223247.37
1546223247.41
1546223247.44
1546223247.47
1546223247.51
1546223247.54
1546223247.57
1546223247.61
1546223247.64
1546223247.67
1546223247.71
1546223247.74
1546223247.77
1546223247.81
1546223247.84
1546223247.88
1546223247.91
1546223247.93
1546223247.97
1546223248.0
1546223248.03
1546223248.07
1546223248.1
1546223248.13
1546223248.17
1546223248.2
1546223248.23
1546223248.27
1546223248.3
1546223248.33
1546223248.37
1546223248.4
1546223248.43
1546223248.47
1546223248.5
1546223248.53
1546223248.57
1546223248.6
1546223248.63
1546223248.67
1546223248.7
1546223248.73
1546223248.77
1546223248.8
1546223248.83
1546223248.87
1546223248.9
1546223248.93
1546223248.97
1546223249.0
1546223249.03
1546223249.07
1546223249.1
1546223249.13
1546223249.17
1546223249.2
1546223249.23
1546223249.27
1546223249.3
1546223249.33
1546223249.37
1546223249.4
1546223249.43
1546223249.47
1546223249.5
1546223249.53
1546223249.57
1546223249.6
1546223249.63
1546223249.67
1546223249.7
1546223249.73
1546223249.77
1546223249.8
1546223249.83
1546223249.87
1546223249.9
1546223249.93
1546223249.97
1546223250.0
1546223250.03
1546223250.07
1546223250.1
1546223250.13
1546223250.17
1546223250.2
1546223250.23
1546223250.27
1546223250.3
1546223250.33
1546223250.37
1546223250.4
1546223250.43
1546223250.47
1546223250.5
1546223250.53
1546223250.57
1546223250.6
1546223250.63
1546223250.67
1546223250.7
1546223250.73
1546223250.77
1546223250.8
1546223250.83
1546223250.87
1546223250.9
1546223250.93
1546223250.96
1546223251.0
1546223251.03
1546223251.07
1546223251.1
1546223251.13
1546223251.16
1546223251.2
1546223251.23
1546223251.27
1546223251.3
1546223251.33
1546223251.37
1546223251.4
1546223251.43
1546223251.46
1546223251.5
1546223251.53
1546223251.56
1546223251.6
1546223251.63
1546223251.66
1546223251.7
1546223251.73
1546223251.76
1546223251.8
1546223251.83
1546223251.86
1546223251.9
1546223251.93
1546223251.96
1546223252.0
1546223252.03
1546223252.07
1546223252.1
1546223252.13
1546223252.16
1546223252.2
1546223252.23
1546223252.27
1546223252.3
1546223252.33
1546223252.37
1546223252.4
1546223252.43
1546223252.47
1546223252.5
1546223252.53
1546223252.57
1546223252.6
1546223252.63
1546223252.66
1546223252.7
1546223252.73
1546223252.77
1546223252.8
1546223252.83
1546223252.87
1546223252.9
1546223252.93
1546223252.97
1546223253.0
1546223253.03
1546223253.07
1546223253.1
1546223253.13
1546223253.17
1546223253.2
1546223253.23
1546223253.27
1546223253.3
1546223253.33
1546223253.37
1546223253.4
1546223253.43
1546223253.47
1546223253.5
1546223253.53
1546223253.57
1546223253.6
1546223253.63
1546223253.67
1546223253.7
1546223253.73
1546223253.77
1546223253.8
1546223253.83
1546223253.87
1546223253.9
1546223253.93
1546223253.97
1546223254.0
1546223254.03
1546223254.07
1546223254.1
1546223254.13
1546223254.16
1546223254.2
1546223254.23
1546223254.27
1546223254.3
1546223254.33
1546223254.37
1546223254.4
1546223254.43
1546223254.47
1546223254.5
1546223254.53
1546223254.57
1546223254.6
1546223254.63
1546223254.67
1546223254.7
1546223254.73
1546223254.77
1546223254.8
1546223254.83
1546223254.87
1546223254.9
1546223254.93
1546223254.97
1546223255.0
1546223255.03
1546223255.07
1546223255.1
1546223255.13
1546223255.17
1546223255.2
1546223255.23
1546223255.27
1546223255.3
1546223255.33
1546223255.37
1546223255.4
1546223255.43
1546223255.47
1546223255.5
1546223255.53
1546223255.57
1546223255.6
1546223255.63
1546223255.67
1546223255.7
1546223255.73
1546223255.77
1546223255.8
1546223255.83
1546223255.87
1546223255.9
1546223255.93
1546223255.97
1546223256.0
1546223256.03
1546223256.07
1546223256.1
1546223256.13
1546223256.17
1546223256.2
1546223256.23
1546223256.27
1546223256.3
1546223256.33
1546223256.37
1546223256.4
1546223256.43
1546223256.47
1546223256.5
1546223256.53
1546223256.57
1546223256.6
1546223256.63
1546223256.67
1546223256.7
1546223256.73
1546223256.77
1546223256.8
1546223256.83
1546223256.87
1546223256.9
1546223256.93
1546223256.96
1546223257.0
1546223257.03
1546223257.07
1546223257.1
1546223257.13
1546223257.16
1546223257.2
1546223257.23
1546223257.27
1546223257.3
1546223257.33
1546223257.37
1546223257.4
1546223257.43
1546223257.46
1546223257.5
1546223257.53
1546223257.57
1546223257.6
1546223257.63
1546223257.66
1546223257.7
1546223257.73
1546223257.77
1546223257.8
1546223257.83
1546223257.87
1546223257.9
1546223257.93
1546223257.97
1546223258.0
1546223258.03
1546223258.07
1546223258.1
1546223258.13
1546223258.16
1546223258.2
1546223258.23
1546223258.27
1546223258.3
1546223258.33
1546223258.37
1546223258.4
1546223258.43
1546223258.46
1546223258.5
1546223258.53
1546223258.57
1546223258.6
1546223258.63
1546223258.66
1546223258.7
1546223258.73
1546223258.77
1546223258.8
1546223258.83
1546223258.87
1546223258.9
1546223258.93
1546223258.96
1546223259.0
1546223259.03
1546223259.07
1546223259.1
1546223259.13
1546223259.16
1546223259.2
1546223259.23
1546223259.27
1546223259.3
1546223259.33
1546223259.37
1546223259.4
1546223259.43
1546223259.46
1546223259.5
1546223259.53
1546223259.57
1546223259.6
1546223259.63
1546223259.67
1546223259.7
1546223259.73
1546223259.77
1546223259.8
1546223259.83
1546223259.87
1546223259.9
1546223259.93
1546223259.97
1546223260.0
1546223260.03
1546223260.07
1546223260.1
1546223260.13
1546223260.17
1546223260.2
1546223260.23
1546223260.27
1546223260.3
1546223260.33
1546223260.37
1546223260.4
1546223260.43
1546223260.46
1546223260.5
1546223260.53
1546223260.57
1546223260.6
1546223260.63
1546223260.67
1546223260.7
1546223260.73
1546223260.76
1546223260.8
1546223260.83
1546223260.86
1546223260.9
1546223260.93
1546223260.96
1546223261.0
1546223261.03
1546223261.07
1546223261.1
1546223261.13
1546223261.16
1546223261.2
1546223261.23
1546223261.26
1546223261.3
1546223261.33
1546223261.37
1546223261.4
1546223261.43
1546223261.46
1546223261.5
1546223261.53
1546223261.57
1546223261.6
1546223261.63
1546223261.66
1546223261.7
1546223261.73
1546223261.77
1546223261.8
1546223261.83
1546223261.87
1546223261.9
1546223261.93
1546223261.97
1546223262.0
1546223262.03
1546223262.07
1546223262.1
1546223262.13
1546223262.16
1546223262.2
1546223262.23
1546223262.26
1546223262.3
1546223262.33
1546223262.36
1546223262.4
1546223262.43
1546223262.46
1546223262.5
1546223262.53
1546223262.56
1546223262.6
1546223262.63
1546223262.66
1546223262.7
1546223262.73
1546223262.76
1546223262.8
1546223262.83
1546223262.86
1546223262.9
1546223262.93
1546223262.96
1546223263.0
1546223263.03
1546223263.06
1546223263.1
1546223263.13
1546223263.16
1546223263.2
1546223263.23
1546223263.26
1546223263.3
1546223263.33
1546223263.36
1546223263.4
1546223263.43
1546223263.46
1546223263.5
1546223263.53
1546223263.56
1546223263.6
1546223263.63
1546223263.66
1546223263.7
1546223263.73
1546223263.76
1546223263.8
1546223263.83
1546223263.86
1546223263.9
1546223263.93
1546223263.96
1546223264.0
1546223264.03
1546223264.06
1546223264.1
1546223264.13
1546223264.16
1546223264.19
1546223264.23
1546223264.26
1546223264.3
1546223264.33
1546223264.36
1546223264.39
1546223264.43
1546223264.46
1546223264.5
1546223264.53
1546223264.56
1546223264.6
1546223264.63
1546223264.66
1546223264.7
1546223264.73
1546223264.76
1546223264.8
1546223264.83
1546223264.86
1546223264.9
1546223264.93
1546223264.96
1546223265.0
1546223265.03
1546223265.06
1546223265.1
1546223265.13
1546223265.16
1546223265.2
1546223265.23
1546223265.26
1546223265.3
1546223265.33
1546223265.36
1546223265.4
1546223265.43
1546223265.46
1546223265.5
1546223265.53
1546223265.56
1546223265.6
1546223265.63
1546223265.66
1546223265.7
1546223265.73
1546223265.76
1546223265.8
1546223265.83
1546223265.86
1546223265.9
1546223265.93
1546223265.96
1546223266.0
1546223266.03
1546223266.06
1546223266.1
1546223266.13
1546223266.16
1546223266.2
1546223266.23
1546223266.26
1546223266.3
1546223266.33
1546223266.36
1546223266.4
1546223266.43
1546223266.46
1546223266.5
1546223266.53
1546223266.56
1546223266.6
1546223266.63
1546223266.66
1546223266.7
1546223266.73
1546223266.76
1546223266.8
1546223266.83
1546223266.86
1546223266.9
1546223266.93
1546223266.96
1546223267.0
1546223267.03
1546223267.06
1546223267.1
1546223267.13
1546223267.16
1546223267.2
1546223267.23
1546223267.26
1546223267.3
1546223267.33
1546223267.36
1546223267.4
1546223267.43
1546223267.46
1546223267.5
1546223267.53
1546223267.56
1546223267.6
1546223267.63
1546223267.66
1546223267.7
1546223267.73
1546223267.77
1546223267.8
1546223267.83
1546223267.86
1546223267.9
1546223267.93
1546223267.96
1546223268.0
1546223268.03
1546223268.07
1546223268.1
1546223268.13
1546223268.16
1546223268.2
1546223268.23
1546223268.27
1546223268.3
1546223268.33
1546223268.36
1546223268.4
1546223268.43
1546223268.46
1546223268.5
1546223268.53
1546223268.56
1546223268.6
1546223268.63
1546223268.66
1546223268.7
1546223268.73
1546223268.77
1546223268.8
1546223268.83
1546223268.87
1546223268.9
1546223268.93
1546223268.96
1546223269.0
1546223269.03
1546223269.07
1546223269.1
1546223269.13
1546223269.16
1546223269.2
1546223269.23
1546223269.26
1546223269.3
1546223269.33
1546223269.37
1546223269.4
1546223269.43
1546223269.46
1546223269.5
1546223269.53
1546223269.57
1546223269.6
1546223269.63
1546223269.66
1546223269.7
1546223269.73
1546223269.76
1546223269.8
1546223269.83
1546223269.86
1546223269.9
1546223269.93
1546223269.96
1546223270.0
1546223270.03
1546223270.07
1546223270.1
1546223270.13
1546223270.16
1546223270.2
1546223270.23
1546223270.26
1546223270.3
1546223270.33
1546223270.36
1546223270.4
1546223270.43
1546223270.46
1546223270.5
1546223270.53
1546223270.57
1546223270.6
1546223270.63
1546223270.66
1546223270.7
1546223270.73
1546223270.77
1546223270.8
1546223270.83
1546223270.87
1546223270.9
1546223270.93
1546223270.97
1546223271.0
1546223271.03
1546223271.07
1546223271.1
1546223271.13
1546223271.17
1546223271.2
1546223271.23
1546223271.27
1546223271.3
1546223271.33
1546223271.37
1546223271.4
1546223271.43
1546223271.47
1546223271.5
1546223271.53
1546223271.57
1546223271.6
1546223271.63
1546223271.67
1546223271.7
1546223271.73
1546223271.76
1546223271.79
1546223271.83
1546223271.86
1546223271.89
1546223271.93
1546223271.96
1546223271.99
1546223272.03
1546223272.06
1546223272.09
1546223272.13
1546223272.16
1546223272.19
1546223272.23
1546223272.26
1546223272.29
1546223272.33
1546223272.36
1546223272.39
1546223272.43
1546223272.46
1546223272.49
1546223272.53
1546223272.56
1546223272.59
1546223272.63
1546223272.66
1546223272.69
1546223272.73
1546223272.76
1546223272.79
1546223272.83
1546223272.86
1546223272.89
1546223272.93
1546223272.96
1546223272.99
1546223273.03
1546223273.06
1546223273.09
1546223273.13
1546223273.16
1546223273.19
1546223273.23
1546223273.26
1546223273.29
1546223273.33
1546223273.36
1546223273.39
1546223273.43
1546223273.46
1546223273.49
1546223273.53
1546223273.56
1546223273.59
1546223273.63
1546223273.66
1546223273.69
1546223273.73
1546223273.76
1546223273.79
1546223273.83
1546223273.86
1546223273.89
1546223273.93
1546223273.96
1546223273.99
1546223274.03
1546223274.06
1546223274.09
1546223274.13
1546223274.16
1546223274.19
1546223274.23
1546223274.26
1546223274.29
1546223274.33
1546223274.36
1546223274.39
1546223274.43
1546223274.46
1546223274.49
1546223274.53
1546223274.56
1546223274.59
1546223274.63
1546223274.66
1546223274.69
1546223274.73
1546223274.76
1546223274.8
1546223274.83
1546223274.86
1546223274.89
1546223274.93
1546223274.96
1546223274.99
1546223275.03
1546223275.06
1546223275.09
1546223275.13
1546223275.16
1546223275.19
1546223275.23
1546223275.26
1546223275.29
1546223275.33
1546223275.36
1546223275.39
1546223275.43
1546223275.46
1546223275.49
1546223275.53
1546223275.56
1546223275.59
1546223275.63
1546223275.66
1546223275.69
1546223275.73
1546223275.76
1546223275.79
1546223275.83
1546223275.86
1546223275.89
1546223275.93
1546223275.96
1546223275.99
1546223276.03
1546223276.06
1546223276.1
1546223276.13
1546223276.16
1546223276.19
1546223276.23
1546223276.26
1546223276.29
1546223276.33
1546223276.36
1546223276.39
1546223276.43
1546223276.46
1546223276.49
1546223276.53
1546223276.56
1546223276.59
1546223276.63
1546223276.66
1546223276.69
1546223276.73
1546223276.76
1546223276.79
1546223276.83
1546223276.86
1546223276.89
1546223276.93
1546223276.96
1546223276.99
1546223277.03
1546223277.06
1546223277.09
1546223277.13
1546223277.16
1546223277.19
1546223277.23
1546223277.26
1546223277.29
1546223277.33
1546223277.36
1546223277.39
1546223277.43
1546223277.46
1546223277.49
1546223277.53
1546223277.56
1546223277.59
1546223277.63
1546223277.66
1546223277.69
1546223277.73
1546223277.76
1546223277.79
1546223277.83
1546223277.86
1546223277.89
1546223277.93
1546223277.96
1546223277.99
1546223278.03
1546223278.06
1546223278.09
1546223278.13
1546223278.16
1546223278.19
1546223278.23
1546223278.26
1546223278.29
1546223278.33
1546223278.36
1546223278.39
1546223278.43
1546223278.46
1546223278.49
1546223278.53
1546223278.56
1546223278.59
1546223278.63
1546223278.66
1546223278.69
1546223278.73
1546223278.76
1546223278.79
1546223278.83
1546223278.86
1546223278.89
1546223278.93
1546223278.96
1546223278.99
1546223279.03
1546223279.06
1546223279.09
1546223279.13
1546223279.16
1546223279.19
1546223279.23
1546223279.26
1546223279.29
1546223279.33
1546223279.36
1546223279.39
1546223279.43
1546223279.46
1546223279.49
1546223279.53
1546223279.56
1546223279.59
1546223279.63
1546223279.66
1546223279.69
1546223279.73
1546223279.76
1546223279.79
1546223279.83
1546223279.86
1546223279.89
1546223279.93
1546223279.96
1546223279.99
1546223280.03
1546223280.06
1546223280.09
1546223280.13
1546223280.16
1546223280.19
1546223280.23
1546223280.26
1546223280.29
1546223280.33
1546223280.36
1546223280.39
1546223280.43
1546223280.46
1546223280.49
1546223280.53
1546223280.56
1546223280.59
1546223280.63
1546223280.66
1546223280.69
1546223280.73
1546223280.76
1546223280.79
1546223280.83
1546223280.86
1546223280.89
1546223280.93
1546223280.96
1546223280.99
1546223281.03
1546223281.06
1546223281.09
1546223281.13
1546223281.16
1546223281.19
1546223281.23
1546223281.26
1546223281.29
1546223281.33
1546223281.36
1546223281.39
1546223281.43
1546223281.46
1546223281.49
1546223281.53
1546223281.56
1546223281.6
1546223281.63
1546223281.66
1546223281.69
1546223281.73
1546223281.76
1546223281.79
1546223281.83
1546223281.86
1546223281.89
1546223281.93
1546223281.96
1546223281.99
1546223282.03
1546223282.06
1546223282.09
1546223282.13
1546223282.16
1546223282.19
1546223282.23
1546223282.26
1546223282.29
1546223282.33
1546223282.36
1546223282.39
1546223282.43
1546223282.46
1546223282.49
1546223282.53
1546223282.56
1546223282.59
1546223282.62
1546223282.66
1546223282.69
1546223282.73
1546223282.76
1546223282.79
1546223282.83
1546223282.86
1546223282.89
1546223282.93
1546223282.96
1546223282.99
1546223283.03
1546223283.06
1546223283.09
1546223283.13
1546223283.16
1546223283.19
1546223283.23
1546223283.26
1546223283.29
1546223283.33
1546223283.36
1546223283.39
1546223283.42
1546223283.46
1546223283.49
1546223283.53
1546223283.56
1546223283.59
1546223283.62
1546223283.66
1546223283.69
1546223283.72
1546223283.76
1546223283.79
1546223283.83
1546223283.86
1546223283.89
1546223283.92
1546223283.96
1546223283.99
1546223284.03
1546223284.06
1546223284.09
1546223284.12
1546223284.16
1546223284.19
1546223284.22
1546223284.26
1546223284.29
1546223284.33
1546223284.36
1546223284.39
1546223284.42
1546223284.46
1546223284.49
1546223284.53
1546223284.56
1546223284.59
1546223284.62
1546223284.66
1546223284.69
1546223284.72
1546223284.76
1546223284.79
1546223284.82
1546223284.86
1546223284.89
1546223284.92
1546223284.96
1546223284.99
1546223285.02
1546223285.06
1546223285.09
1546223285.12
1546223285.16
1546223285.19
1546223285.22
1546223285.26
1546223285.29
1546223285.32
1546223285.36
1546223285.39
1546223285.42
1546223285.46
1546223285.49
1546223285.52
1546223285.56
1546223285.59
1546223285.62
1546223285.66
1546223285.69
1546223285.72
1546223285.76
1546223285.79
1546223285.82
1546223285.86
1546223285.89
1546223285.92
1546223285.96
1546223285.99
1546223286.02
1546223286.06
1546223286.09
1546223286.12
1546223286.16
1546223286.19
1546223286.22
1546223286.26
1546223286.29
1546223286.32
1546223286.36
1546223286.39
1546223286.42
1546223286.46
1546223286.49
1546223286.52
1546223286.56
1546223286.59
1546223286.62
1546223286.66
1546223286.69
1546223286.72
1546223286.76
1546223286.79
1546223286.82
1546223286.86
1546223286.89
1546223286.92
1546223286.96
1546223286.99
1546223287.02
1546223287.06
1546223287.09
1546223287.12
1546223287.16
1546223287.19
1546223287.22
1546223287.26
1546223287.29
1546223287.32
1546223287.36
1546223287.39
1546223287.42
1546223287.46
1546223287.49
1546223287.52
1546223287.56
1546223287.59
1546223287.62
1546223287.65
1546223287.69
1546223287.72
1546223287.76
1546223287.79
1546223287.82
1546223287.86
1546223287.89
1546223287.92
1546223287.96
1546223287.99
1546223288.02
1546223288.06
1546223288.09
1546223288.12
1546223288.15
1546223288.19
1546223288.22
1546223288.26
1546223288.29
1546223288.32
1546223288.36
1546223288.39
1546223288.42
1546223288.45
1546223288.49
1546223288.52
1546223288.55
1546223288.59
1546223288.62
1546223288.65
1546223288.69
1546223288.72
1546223288.75
1546223288.79
1546223288.82
1546223288.86
1546223288.89
1546223288.92
1546223288.95
1546223288.99
1546223289.02
1546223289.05
1546223289.09
1546223289.12
1546223289.15
1546223289.19
1546223289.22
1546223289.25
1546223289.29
1546223289.32
1546223289.35
1546223289.39
1546223289.42
1546223289.45
1546223289.49
1546223289.52
1546223289.56
1546223289.59
1546223289.62
1546223289.65
1546223289.69
1546223289.72
1546223289.76
1546223289.79
1546223289.82
1546223289.85
1546223289.89
1546223289.92
1546223289.95
1546223289.99
1546223290.02
1546223290.05
1546223290.09
1546223290.12
1546223290.15
1546223290.19
1546223290.22
1546223290.25
1546223290.29
1546223290.32
1546223290.35
1546223290.39
1546223290.42
1546223290.45
1546223290.49
1546223290.52
1546223290.55
1546223290.59
1546223290.62
1546223290.65
1546223290.69
1546223290.72
1546223290.75
1546223290.79
1546223290.82
1546223290.86
1546223290.89
1546223290.92
1546223290.95
1546223290.99
1546223291.02
1546223291.05
1546223291.09
1546223291.12
1546223291.15
1546223291.19
1546223291.22
1546223291.25
1546223291.29
1546223291.32
1546223291.36
1546223291.39
1546223291.42
1546223291.45
1546223291.49
1546223291.52
1546223291.56
1546223291.59
1546223291.62
1546223291.65
1546223291.69
1546223291.72
1546223291.76
1546223291.79
1546223291.82
1546223291.86
1546223291.89
1546223291.92
1546223291.95
1546223291.99
1546223292.02
1546223292.06
1546223292.09
1546223292.12
1546223292.16
1546223292.19
1546223292.22
1546223292.26
1546223292.29
1546223292.32
1546223292.36
1546223292.39
1546223292.42
1546223292.46
1546223292.49
1546223292.52
1546223292.56
1546223292.59
1546223292.62
1546223292.66
1546223292.69
1546223292.72
1546223292.76
1546223292.79
1546223292.82
1546223292.86
1546223292.89
1546223292.92
1546223292.96
1546223292.99
1546223293.02
1546223293.06
1546223293.09
1546223293.12
1546223293.16
1546223293.19
1546223293.22
1546223293.26
1546223293.29
1546223293.32
1546223293.36
1546223293.39
1546223293.42
1546223293.46
1546223293.49
1546223293.52
1546223293.56
1546223293.59
1546223293.62
1546223293.66
1546223293.69
1546223293.72
1546223293.76
1546223293.79
1546223293.82
1546223293.86
1546223293.89
1546223293.92
1546223293.96
1546223293.99
1546223294.03
1546223294.06
1546223294.09
1546223294.13
1546223294.16
1546223294.19
1546223294.23
1546223294.26
1546223294.29
1546223294.33
1546223294.36
1546223294.39
1546223294.43
1546223294.46
1546223294.49
1546223294.53
1546223294.56
1546223294.59
1546223294.63
1546223294.66
1546223294.69
1546223294.73
1546223294.76
1546223294.79
1546223294.83
1546223294.86
1546223294.89
1546223294.93
1546223294.96
1546223294.99
1546223295.03
1546223295.06
1546223295.09
1546223295.13
1546223295.16
1546223295.19
1546223295.23
1546223295.26
1546223295.29
1546223295.33
1546223295.36
1546223295.39
1546223295.42
1546223295.45
1546223295.49
1546223295.52
1546223295.55
1546223295.59
1546223295.62
1546223295.65
1546223295.68
1546223295.72
1546223295.75
1546223295.79
1546223295.82
1546223295.85
1546223295.88
1546223295.92
1546223295.95
1546223295.99
1546223296.02
1546223296.05
1546223296.09
1546223296.12
1546223296.15
1546223296.19
1546223296.22
1546223296.25
1546223296.29
1546223296.32
1546223296.35
1546223296.39
1546223296.42
1546223296.45
1546223296.49
1546223296.52
1546223296.55
1546223296.59
1546223296.62
1546223296.65
1546223296.69
1546223296.72
1546223296.75
1546223296.79
1546223296.82
1546223296.85
1546223296.89
1546223296.92
1546223296.95
1546223296.99
1546223297.02
1546223297.05
1546223297.09
1546223297.12
1546223297.15
1546223297.19
1546223297.22
1546223297.25
1546223297.29
1546223297.32
1546223297.35
1546223297.39
1546223297.42
1546223297.45
1546223297.48
1546223297.52
1546223297.55
1546223297.59
1546223297.62
1546223297.65
1546223297.68
1546223297.72
1546223297.75
1546223297.79
1546223297.82
1546223297.85
1546223297.89
1546223297.92
1546223297.95
1546223297.99
1546223298.02
1546223298.05
1546223298.09
1546223298.12
1546223298.15
1546223298.19
1546223298.22
1546223298.25
1546223298.29
1546223298.32
1546223298.35
1546223298.39
1546223298.42
1546223298.45
1546223298.48
1546223298.52
1546223298.55
1546223298.59
1546223298.62
1546223298.65
1546223298.69
1546223298.72
1546223298.75
1546223298.79
1546223298.82
1546223298.85
1546223298.88
1546223298.92
1546223298.95
1546223298.98
1546223299.02
1546223299.05
1546223299.09
1546223299.12
1546223299.15
1546223299.19
1546223299.22
1546223299.25
1546223299.29
1546223299.32
1546223299.35
1546223299.38
1546223299.42
1546223299.45
1546223299.48
1546223299.52
1546223299.55
1546223299.58
1546223299.62
1546223299.65
1546223299.68
1546223299.72
1546223299.75
1546223299.78
1546223299.82
1546223299.85
1546223299.88
1546223299.92
1546223299.95
1546223299.98
1546223300.02
1546223300.05
1546223300.09
1546223300.12
1546223300.15
1546223300.18
1546223300.22
1546223300.25
1546223300.29
1546223300.32
1546223300.35
1546223300.38
1546223300.42
1546223300.45
1546223300.49
1546223300.52
1546223300.55
1546223300.59
1546223300.62
1546223300.65
1546223300.68
1546223300.72
1546223300.75
1546223300.79
1546223300.82
1546223300.85
1546223300.89
1546223300.92
1546223300.95
1546223300.98
1546223301.02
1546223301.05
1546223301.09
1546223301.12
1546223301.15
1546223301.18
1546223301.22
1546223301.25
1546223301.29
1546223301.32
1546223301.35
1546223301.38
1546223301.42
1546223301.45
1546223301.48
1546223301.52
1546223301.55
1546223301.58
1546223301.62
1546223301.65
1546223301.68
1546223301.72
1546223301.75
1546223301.78
1546223301.82
1546223301.85
1546223301.88
1546223301.92
1546223301.95
1546223301.98
1546223302.02
1546223302.05
1546223302.08
1546223302.12
1546223302.15
1546223302.18
1546223302.22
1546223302.25
1546223302.28
1546223302.32
1546223302.35
1546223302.38
1546223302.42
1546223302.45
1546223302.48
1546223302.52
1546223302.55
1546223302.58
1546223302.62
1546223302.65
1546223302.68
1546223302.72
1546223302.75
1546223302.78
1546223302.82
1546223302.85
1546223302.88
1546223302.92
1546223302.95
1546223302.98
1546223303.02
1546223303.05
1546223303.08
1546223303.12
1546223303.15
1546223303.18
1546223303.22
1546223303.25
1546223303.28
1546223303.32
1546223303.35
1546223303.38
1546223303.42
1546223303.45
1546223303.48
1546223303.52
1546223303.55
1546223303.58
1546223303.62
1546223303.65
1546223303.68
1546223303.72
1546223303.75
1546223303.78
1546223303.82
1546223303.85
1546223303.88
1546223303.92
1546223303.95
1546223303.98
1546223304.02
1546223304.05
1546223304.08
1546223304.12
1546223304.15
1546223304.18
1546223304.22
1546223304.25
1546223304.28
1546223304.32
1546223304.35
1546223304.38
1546223304.42
1546223304.45
1546223304.48
1546223304.52
1546223304.55
1546223304.58
1546223304.62
1546223304.65
1546223304.68
1546223304.72
1546223304.75
1546223304.78
1546223304.82
1546223304.85
1546223304.88
1546223304.92
1546223304.95
1546223304.98
1546223305.02
1546223305.05
1546223305.08
1546223305.12
1546223305.15
1546223305.18
1546223305.22
1546223305.25
1546223305.28
1546223305.32
1546223305.35
1546223305.38
1546223305.42
1546223305.45
1546223305.48
1546223305.52
1546223305.55
1546223305.58
1546223305.62
1546223305.65
1546223305.68
1546223305.72
1546223305.75
1546223305.78
1546223305.82
1546223305.85
1546223305.88
1546223305.91
1546223305.95
1546223305.98
1546223306.02
1546223306.05
1546223306.08
1546223306.12
1546223306.15
1546223306.18
1546223306.21
1546223306.25
1546223306.28
1546223306.32
1546223306.35
1546223306.38
1546223306.42
1546223306.45
1546223306.48
1546223306.52
1546223306.55
1546223306.58
1546223306.62
1546223306.65
1546223306.68
1546223306.71
1546223306.75
1546223306.78
1546223306.82
1546223306.85
1546223306.88
1546223306.92
1546223306.95
1546223306.98
1546223307.02
1546223307.05
1546223307.08
1546223307.12
1546223307.15
1546223307.18
1546223307.22
1546223307.25
1546223307.28
1546223307.32
1546223307.35
1546223307.38
1546223307.41
1546223307.45
1546223307.48
1546223307.52
1546223307.55
1546223307.58
1546223307.62
1546223307.65
1546223307.68
1546223307.71
1546223307.75
1546223307.78
1546223307.82
1546223307.85
1546223307.88
1546223307.91
1546223307.95
1546223307.98
1546223308.02
1546223308.05
1546223308.08
1546223308.11
1546223308.15
1546223308.18
1546223308.21
1546223308.25
1546223308.28
1546223308.31
1546223308.35
1546223308.38
1546223308.41
1546223308.45
1546223308.48
1546223308.51
1546223308.55
1546223308.58
1546223308.61
1546223308.65
1546223308.68
1546223308.71
1546223308.75
1546223308.78
1546223308.81
1546223308.85
1546223308.88
1546223308.91
1546223308.95
1546223308.98
1546223309.02
1546223309.05
1546223309.08
1546223309.12
1546223309.15
1546223309.18
1546223309.21
1546223309.25
1546223309.28
1546223309.32
1546223309.35
1546223309.38
1546223309.41
1546223309.45
1546223309.48
1546223309.52
1546223309.55
1546223309.58
1546223309.62
1546223309.65
1546223309.68
1546223309.72
1546223309.75
1546223309.78
1546223309.82
1546223309.85
1546223309.88
1546223309.91
1546223309.95
1546223309.98
1546223310.01
1546223310.05
1546223310.08
1546223310.11
1546223310.15
1546223310.18
1546223310.21
1546223310.25
1546223310.28
1546223310.31
1546223310.35
1546223310.38
1546223310.41
1546223310.45
1546223310.48
1546223310.51
1546223310.55
1546223310.58
1546223310.61
1546223310.65
1546223310.68
1546223310.71
1546223310.75
1546223310.78
1546223310.81
1546223310.85
1546223310.88
1546223310.91
1546223310.94
1546223310.98
1546223311.01
1546223311.05
1546223311.08
1546223311.11
1546223311.15
1546223311.18
1546223311.21
1546223311.24
1546223311.28
1546223311.31
1546223311.35
1546223311.38
1546223311.41
1546223311.44
1546223311.48
1546223311.51
1546223311.55
1546223311.58
1546223311.61
1546223311.64
1546223311.68
1546223311.71
1546223311.74
1546223311.78
1546223311.81
1546223311.85
1546223311.88
1546223311.91
1546223311.95
1546223311.98
1546223312.01
1546223312.05
1546223312.08
1546223312.11
1546223312.15
1546223312.18
1546223312.21
1546223312.24
1546223312.28
1546223312.31
1546223312.34
1546223312.38
1546223312.41
1546223312.44
1546223312.48
1546223312.51
1546223312.55
1546223312.58
1546223312.61
1546223312.65
1546223312.68
1546223312.71
1546223312.74
1546223312.78
1546223312.81
1546223312.85
1546223312.88
1546223312.91
1546223312.94
1546223312.98
1546223313.01
1546223313.04
1546223313.08
1546223313.11
1546223313.14
1546223313.18
1546223313.21
1546223313.24
1546223313.28
1546223313.31
1546223313.35
1546223313.38
1546223313.41
1546223313.44
1546223313.48
1546223313.51
1546223313.55
1546223313.58
1546223313.61
1546223313.64
1546223313.68
1546223313.71
1546223313.74
1546223313.78
1546223313.81
1546223313.85
1546223313.88
1546223313.91
1546223313.95
1546223313.98
1546223314.01
1546223314.05
1546223314.08
1546223314.11
1546223314.15
1546223314.18
1546223314.21
1546223314.25
1546223314.28
1546223314.31
1546223314.35
1546223314.38
1546223314.41
1546223314.45
1546223314.48
1546223314.51
1546223314.55
1546223314.58
1546223314.61
1546223314.65
1546223314.68
1546223314.71
1546223314.75
1546223314.78
1546223314.81
1546223314.85
1546223314.88
1546223314.91
1546223314.95
1546223314.98
1546223315.01
1546223315.05
1546223315.08
1546223315.11
1546223315.14
1546223315.18
1546223315.21
1546223315.24
1546223315.28
1546223315.31
1546223315.35
1546223315.38
1546223315.41
1546223315.45
1546223315.48
1546223315.52
1546223315.55
1546223315.58
1546223315.61
1546223315.65
1546223315.68
1546223315.71
1546223315.75
1546223315.78
1546223315.81
1546223315.85
1546223315.88
1546223315.91
1546223315.95
1546223315.98
1546223316.01
1546223316.05
1546223316.08
1546223316.11
1546223316.15
1546223316.18
1546223316.21
1546223316.25
1546223316.28
1546223316.31
1546223316.35
1546223316.38
1546223316.41
1546223316.45
1546223316.48
1546223316.51
1546223316.55
1546223316.58
1546223316.62
1546223316.65
1546223316.68
1546223316.71
1546223316.75
1546223316.78
1546223316.81
1546223316.85
1546223316.88
1546223316.91
1546223316.95
1546223316.98
1546223317.01
1546223317.05
1546223317.08
1546223317.11
1546223317.15
1546223317.18
1546223317.21
1546223317.25
1546223317.28
1546223317.31
1546223317.35
1546223317.38
1546223317.41
1546223317.45
1546223317.48
1546223317.51
1546223317.55
1546223317.58
1546223317.61
1546223317.65
1546223317.68
1546223317.71
1546223317.75
1546223317.78
1546223317.81
1546223317.85
1546223317.88
1546223317.91
1546223317.95
1546223317.98
1546223318.01
1546223318.05
1546223318.08
1546223318.11
1546223318.15
1546223318.18
1546223318.21
1546223318.25
1546223318.28
1546223318.31
1546223318.35
1546223318.38
1546223318.41
1546223318.45
1546223318.48
1546223318.51
1546223318.55
1546223318.58
1546223318.61
1546223318.65
1546223318.68
1546223318.71
1546223318.75
1546223318.78
1546223318.81
1546223318.85
1546223318.88
1546223318.91
1546223318.94
1546223318.97
1546223319.01
1546223319.04
1546223319.07
1546223319.11
1546223319.14
1546223319.17
1546223319.21
1546223319.24
1546223319.27
1546223319.31
1546223319.34
1546223319.37
1546223319.41
1546223319.44
1546223319.47
1546223319.51
1546223319.54
1546223319.57
1546223319.61
1546223319.64
1546223319.67
1546223319.71
1546223319.74
1546223319.77
1546223319.81
1546223319.84
1546223319.87
1546223319.91
1546223319.94
1546223319.97
1546223320.01
1546223320.04
1546223320.07
1546223320.11
1546223320.14
1546223320.17
1546223320.21
1546223320.24
1546223320.27
1546223320.31
1546223320.34
1546223320.37
1546223320.41
1546223320.44
1546223320.47
1546223320.51
1546223320.54
1546223320.57
1546223320.61
1546223320.64
1546223320.67
1546223320.71
1546223320.74
1546223320.77
1546223320.81
1546223320.84
1546223320.87
1546223320.91
1546223320.94
1546223320.97
1546223321.01
1546223321.04
1546223321.07
1546223321.11
1546223321.14
1546223321.17
1546223321.21
1546223321.24
1546223321.27
1546223321.31
1546223321.34
1546223321.37
1546223321.41
1546223321.44
1546223321.47
1546223321.51
1546223321.54
1546223321.57
1546223321.61
1546223321.64
1546223321.67
1546223321.71
1546223321.74
1546223321.77
1546223321.81
1546223321.84
1546223321.87
1546223321.91
1546223321.94
1546223321.97
1546223322.01
1546223322.04
1546223322.07
1546223322.11
1546223322.14
1546223322.17
1546223322.21
1546223322.24
1546223322.27
1546223322.31
1546223322.34
1546223322.37
1546223322.41
1546223322.44
1546223322.47
1546223322.51
1546223322.54
1546223322.57
1546223322.61
1546223322.64
1546223322.67
1546223322.71
1546223322.74
1546223322.77
1546223322.81
1546223322.84
1546223322.87
1546223322.91
1546223322.94
1546223322.97
1546223323.01
1546223323.04
1546223323.07
1546223323.11
1546223323.14
1546223323.17
1546223323.21
1546223323.24
1546223323.27
1546223323.31
1546223323.34
1546223323.37
1546223323.41
1546223323.44
1546223323.47
1546223323.51
1546223323.54
1546223323.57
1546223323.61
1546223323.64
1546223323.67
1546223323.71
1546223323.74
1546223323.77
1546223323.81
1546223323.84
1546223323.87
1546223323.9
1546223323.94
1546223323.97
1546223324.01
1546223324.04
1546223324.07
1546223324.11
1546223324.14
1546223324.17
1546223324.2
1546223324.24
1546223324.27
1546223324.3
1546223324.34
1546223324.37
1546223324.4
1546223324.44
1546223324.47
1546223324.5
1546223324.54
1546223324.57
1546223324.61
1546223324.64
1546223324.67
1546223324.7
1546223324.74
1546223324.77
1546223324.81
1546223324.84
1546223324.87
1546223324.9
1546223324.94
1546223324.97
1546223325.01
1546223325.04
1546223325.07
1546223325.11
1546223325.14
1546223325.17
1546223325.2
1546223325.24
1546223325.27
1546223325.31
1546223325.34
1546223325.37
1546223325.4
1546223325.44
1546223325.47
1546223325.51
1546223325.54
1546223325.57
1546223325.61
1546223325.64
1546223325.67
1546223325.71
1546223325.74
1546223325.77
1546223325.81
1546223325.84
1546223325.87
1546223325.91
1546223325.94
1546223325.97
1546223326.01
1546223326.04
1546223326.07
1546223326.11
1546223326.14
1546223326.17
1546223326.2
1546223326.24
1546223326.27
1546223326.31
1546223326.34
1546223326.37
1546223326.41
1546223326.44
1546223326.47
1546223326.51
1546223326.54
1546223326.57
1546223326.61
1546223326.64
1546223326.67
1546223326.71
1546223326.74
1546223326.77
1546223326.81
1546223326.84
1546223326.87
1546223326.91
1546223326.94
1546223326.97
1546223327.01
1546223327.04
1546223327.07
1546223327.11
1546223327.14
1546223327.17
1546223327.21
1546223327.24
1546223327.27
1546223327.31
1546223327.34
1546223327.37
1546223327.41
1546223327.44
1546223327.47
1546223327.51
1546223327.54
1546223327.57
1546223327.61
1546223327.64
1546223327.67
1546223327.7
1546223327.74
1546223327.77
1546223327.81
1546223327.84
1546223327.87
1546223327.9
1546223327.94
1546223327.97
1546223328.01
1546223328.04
1546223328.07
1546223328.11
1546223328.14
1546223328.17
1546223328.2
1546223328.24
1546223328.27
1546223328.31
1546223328.34
1546223328.37
1546223328.4
1546223328.44
1546223328.47
1546223328.51
1546223328.54
1546223328.57
1546223328.61
1546223328.64
1546223328.67
1546223328.71
1546223328.74
1546223328.77
1546223328.81
1546223328.84
1546223328.87
1546223328.9
1546223328.94
1546223328.97
1546223329.01
1546223329.04
1546223329.07
1546223329.11
1546223329.14
1546223329.17
1546223329.2
1546223329.24
1546223329.27
1546223329.3
1546223329.34
1546223329.37
1546223329.4
1546223329.44
1546223329.47
1546223329.5
1546223329.54
1546223329.57
1546223329.61
1546223329.64
1546223329.67
1546223329.7
1546223329.74
1546223329.77
1546223329.8
1546223329.84
1546223329.87
1546223329.9
1546223329.94
1546223329.97
1546223330.0
1546223330.04
1546223330.07
1546223330.1
1546223330.14
1546223330.17
1546223330.2
1546223330.24
1546223330.27
1546223330.3
1546223330.34
1546223330.37
1546223330.4
1546223330.44
1546223330.47
1546223330.5
1546223330.54
1546223330.57
1546223330.6
1546223330.64
1546223330.67
1546223330.7
1546223330.74
1546223330.77
1546223330.8
1546223330.84
1546223330.87
1546223330.9
1546223330.94
1546223330.97
1546223331.0
1546223331.04
1546223331.07
1546223331.1
1546223331.14
1546223331.17
1546223331.2
1546223331.24
1546223331.27
1546223331.3
1546223331.34
1546223331.37
1546223331.4
1546223331.44
1546223331.47
1546223331.5
1546223331.54
1546223331.57
1546223331.6
1546223331.64
1546223331.67
1546223331.7
1546223331.74
1546223331.77
1546223331.8
1546223331.84
1546223331.87
1546223331.9
1546223331.94
1546223331.97
1546223332.0
1546223332.04
1546223332.07
1546223332.11
1546223332.14
1546223332.17
1546223332.2
1546223332.24
1546223332.27
1546223332.31
1546223332.34
1546223332.37
1546223332.41
1546223332.44
1546223332.47
1546223332.51
1546223332.54
1546223332.57
1546223332.61
1546223332.64
1546223332.67
1546223332.7
1546223332.74
1546223332.77
1546223332.81
1546223332.84
1546223332.87
1546223332.9
1546223332.94
1546223332.97
1546223333.01
1546223333.04
1546223333.07
1546223333.11
1546223333.14
1546223333.17
1546223333.21
1546223333.24
1546223333.27
1546223333.31
1546223333.34
1546223333.37
1546223333.4
1546223333.44
1546223333.47
1546223333.51
1546223333.54
1546223333.57
1546223333.61
1546223333.64
1546223333.67
1546223333.71
1546223333.74
1546223333.77
1546223333.81
1546223333.84
1546223333.87
1546223333.91
1546223333.94
1546223333.97
1546223334.01
1546223334.04
1546223334.07
1546223334.11
1546223334.14
1546223334.17
1546223334.2
1546223334.24
1546223334.27
1546223334.3
1546223334.34
1546223334.37
1546223334.4
1546223334.44
1546223334.47
1546223334.51
1546223334.54
1546223334.57
1546223334.61
1546223334.64
1546223334.67
1546223334.7
1546223334.74
1546223334.77
1546223334.8
1546223334.84
1546223334.87
1546223334.91
1546223334.94
1546223334.97
1546223335.0
1546223335.04
1546223335.07
1546223335.1
1546223335.14
1546223335.17
1546223335.2
1546223335.24
1546223335.27
1546223335.3
1546223335.34
1546223335.37
1546223335.4
1546223335.44
1546223335.47
1546223335.5
1546223335.54
1546223335.57
1546223335.6
1546223335.64
1546223335.67
1546223335.7
1546223335.74
1546223335.77
1546223335.8
1546223335.84
1546223335.87
1546223335.9
1546223335.94
1546223335.97
1546223336.0
1546223336.04
1546223336.07
1546223336.1
1546223336.14
1546223336.17
1546223336.2
1546223336.24
1546223336.27
1546223336.3
1546223336.34
1546223336.37
1546223336.4
1546223336.44
1546223336.47
1546223336.5
1546223336.54
1546223336.57
1546223336.61
1546223336.64
1546223336.67
1546223336.7
1546223336.74
1546223336.77
1546223336.81
1546223336.84
1546223336.87
1546223336.91
1546223336.94
1546223336.97
1546223337.01
1546223337.04
1546223337.07
1546223337.11
1546223337.14
1546223337.17
1546223337.2
1546223337.24
1546223337.27
1546223337.3
1546223337.34
1546223337.37
1546223337.4
1546223337.44
1546223337.47
1546223337.51
1546223337.54
1546223337.57
1546223337.6
1546223337.64
1546223337.67
1546223337.7
1546223337.74
1546223337.77
1546223337.81
1546223337.84
1546223337.87
1546223337.9
1546223337.94
1546223337.97
1546223338.0
1546223338.04
1546223338.07
1546223338.1
1546223338.14
1546223338.17
1546223338.2
1546223338.24
1546223338.27
1546223338.3
1546223338.34
1546223338.37
1546223338.4
1546223338.44
1546223338.47
1546223338.5
1546223338.54
1546223338.57
1546223338.61
1546223338.64
1546223338.67
1546223338.71
1546223338.74
1546223338.77
1546223338.81
1546223338.84
1546223338.87
1546223338.91
1546223338.94
1546223338.97
1546223339.01
1546223339.04
1546223339.07
1546223339.11
1546223339.14
1546223339.17
1546223339.21
1546223339.24
1546223339.27
1546223339.31
1546223339.34
1546223339.37
1546223339.41
1546223339.44
1546223339.47
1546223339.51
1546223339.54
1546223339.57
1546223339.61
1546223339.64
1546223339.67
1546223339.71
1546223339.74
1546223339.77
1546223339.81
1546223339.84
1546223339.87
1546223339.91
1546223339.94
1546223339.97
1546223340.01
1546223340.04
1546223340.07
1546223340.11
1546223340.14
1546223340.17
1546223340.21
1546223340.24
1546223340.27
1546223340.31
1546223340.34
1546223340.38
1546223340.41
1546223340.44
1546223340.47
1546223340.51
1546223340.54
1546223340.57
1546223340.61
1546223340.64
1546223340.67
1546223340.71
1546223340.74
1546223340.78
1546223340.81
1546223340.84
1546223340.87
1546223340.91
1546223340.94
1546223340.97
1546223341.01
1546223341.04
1546223341.07
1546223341.11
1546223341.14
1546223341.17
1546223341.21
1546223341.24
1546223341.27
1546223341.31
1546223341.34
1546223341.38
1546223341.41
1546223341.44
1546223341.47
1546223341.51
1546223341.54
1546223341.58
1546223341.61
1546223341.64
1546223341.67
1546223341.71
1546223341.74
1546223341.78
1546223341.81
1546223341.84
1546223341.88
1546223341.91
1546223341.94
1546223341.97
1546223342.01
1546223342.04
1546223342.08
1546223342.11
1546223342.14
1546223342.18
1546223342.21
1546223342.24
1546223342.28
1546223342.31
1546223342.34
1546223342.37
1546223342.4
1546223342.44
1546223342.47
1546223342.5
1546223342.54
1546223342.57
1546223342.6
1546223342.64
1546223342.67
1546223342.7
1546223342.74
1546223342.77
1546223342.8
1546223342.84
1546223342.87
1546223342.9
1546223342.94
1546223342.97
1546223343.0
1546223343.04
1546223343.07
1546223343.1
1546223343.14
1546223343.17
1546223343.2
1546223343.24
1546223343.27
1546223343.3
1546223343.34
1546223343.37
1546223343.4
1546223343.44
1546223343.47
1546223343.5
1546223343.54
1546223343.57
1546223343.6
1546223343.64
1546223343.67
1546223343.7
1546223343.74
1546223343.77
1546223343.8
1546223343.84
1546223343.87
1546223343.9
1546223343.94
1546223343.97
1546223344.0
1546223344.04
1546223344.07
1546223344.1
1546223344.14
1546223344.17
1546223344.2
1546223344.24
1546223344.27
1546223344.3
1546223344.34
1546223344.37
1546223344.4
1546223344.44
1546223344.47
1546223344.5
1546223344.54
1546223344.57
1546223344.6
1546223344.64
1546223344.67
1546223344.7
1546223344.74
1546223344.77
1546223344.8
1546223344.84
1546223344.87
1546223344.9
1546223344.94
1546223344.97
1546223345.0
1546223345.04
1546223345.07
1546223345.1
1546223345.14
1546223345.17
1546223345.2
1546223345.24
1546223345.27
1546223345.3
1546223345.34
1546223345.37
1546223345.4
1546223345.44
1546223345.47
1546223345.5
1546223345.54
1546223345.57
1546223345.6
1546223345.64
1546223345.67
1546223345.7
1546223345.74
1546223345.77
1546223345.8
1546223345.84
1546223345.87
1546223345.9
1546223345.94
1546223345.97
1546223346.0
1546223346.04
1546223346.07
1546223346.1
1546223346.13
1546223346.17
1546223346.2
1546223346.24
1546223346.27
1546223346.3
1546223346.34
1546223346.37
1546223346.4
1546223346.43
1546223346.47
1546223346.5
1546223346.54
1546223346.57
1546223346.6
1546223346.63
1546223346.67
1546223346.7
1546223346.73
1546223346.77
1546223346.8
1546223346.84
1546223346.87
1546223346.9
1546223346.93
1546223346.97
1546223347.0
1546223347.03
1546223347.07
1546223347.1
1546223347.13
1546223347.17
1546223347.2
1546223347.23
1546223347.27
1546223347.3
1546223347.33
1546223347.37
1546223347.4
1546223347.43
1546223347.47
1546223347.5
1546223347.53
1546223347.57
1546223347.6
1546223347.63
1546223347.67
1546223347.7
1546223347.73
1546223347.77
1546223347.8
1546223347.83
1546223347.87
1546223347.9
1546223347.93
1546223347.97
1546223348.0
1546223348.03
1546223348.07
1546223348.1
1546223348.13
1546223348.17
1546223348.2
1546223348.23
1546223348.27
1546223348.3
1546223348.34
1546223348.37
1546223348.4
1546223348.43
1546223348.47
1546223348.5
1546223348.54
1546223348.57
1546223348.6
1546223348.63
1546223348.67
1546223348.7
1546223348.73
1546223348.77
1546223348.8
1546223348.84
1546223348.87
1546223348.9
1546223348.93
1546223348.97
1546223349.0
1546223349.04
1546223349.07
1546223349.1
1546223349.13
1546223349.17
1546223349.2
1546223349.23
1546223349.27
1546223349.3
1546223349.34
1546223349.37
1546223349.4
1546223349.44
1546223349.47
1546223349.5
1546223349.54
1546223349.57
1546223349.6
