1546223009.04
1546223009.18
1546223009.22
1546223009.25
1546223009.28
1546223009.31
1546223009.34
1546223009.37
1546223009.4
1546223009.43
1546223009.47
1546223009.5
1546223009.54
1546223009.57
1546223009.6
1546223009.63
1546223009.67
1546223009.7
1546223009.74
1546223009.77
1546223009.8
1546223009.83
1546223009.87
1546223009.9
1546223009.93
1546223009.97
1546223010.0
1546223010.04
1546223010.07
1546223010.1
1546223010.13
1546223010.17
1546223010.2
1546223010.23
1546223010.27
1546223010.3
1546223010.33
1546223010.37
1546223010.4
1546223010.43
1546223010.47
1546223010.5
1546223010.53
1546223010.57
1546223010.6
1546223010.63
1546223010.67
1546223010.7
1546223010.73
1546223010.77
1546223010.8
1546223010.84
1546223010.87
1546223010.9
1546223010.93
1546223010.97
1546223011.0
1546223011.03
1546223011.07
1546223011.1
1546223011.13
1546223011.17
1546223011.2
1546223011.23
1546223011.27
1546223011.3
1546223011.33
1546223011.37
1546223011.4
1546223011.44
1546223011.47
1546223011.5
1546223011.54
1546223011.57
1546223011.6
1546223011.63
1546223011.67
1546223011.7
1546223011.73
1546223011.77
1546223011.8
1546223011.84
1546223011.87
1546223011.9
1546223011.93
1546223011.97
1546223012.0
1546223012.04
1546223012.07
1546223012.1
1546223012.13
1546223012.17
1546223012.2
1546223012.23
1546223012.27
1546223012.3
1546223012.34
1546223012.37
1546223012.4
1546223012.43
1546223012.47
1546223012.5
1546223012.54
1546223012.57
1546223012.6
1546223012.63
1546223012.67
1546223012.7
1546223012.73
1546223012.77
1546223012.8
1546223012.84
1546223012.87
1546223012.9
1546223012.93
1546223012.97
1546223013.0
1546223013.03
1546223013.07
1546223013.1
1546223013.13
1546223013.17
1546223013.2
1546223013.23
1546223013.27
1546223013.3
1546223013.33
1546223013.37
1546223013.4
1546223013.43
1546223013.47
1546223013.5
1546223013.53
1546223013.57
1546223013.6
1546223013.63
1546223013.67
1546223013.7
1546223013.73
1546223013.77
1546223013.8
1546223013.83
1546223013.87
1546223013.9
1546223013.93
1546223013.97
1546223014.0
1546223014.03
1546223014.07
1546223014.1
1546223014.13
1546223014.17
1546223014.2
1546223014.23
1546223014.27
1546223014.3
1546223014.33
1546223014.37
1546223014.4
1546223014.43
1546223014.46
1546223014.5
1546223014.53
1546223014.57
1546223014.6
1546223014.63
1546223014.67
1546223014.7
1546223014.73
1546223014.77
1546223014.8
1546223014.83
1546223014.87
1546223014.9
1546223014.93
1546223014.97
1546223015.0
1546223015.03
1546223015.07
1546223015.1
1546223015.13
1546223015.17
1546223015.2
1546223015.23
1546223015.27
1546223015.3
1546223015.33
1546223015.37
1546223015.4
1546223015.43
1546223015.47
1546223015.5
1546223015.53
1546223015.57
1546223015.6
1546223015.63
1546223015.67
1546223015.7
1546223015.73
1546223015.77
1546223015.8
1546223015.83
1546223015.87
1546223015.9
1546223015.93
1546223015.97
1546223016.0
1546223016.03
1546223016.07
1546223016.1
1546223016.13
1546223016.16
1546223016.2
1546223016.23
1546223016.27
1546223016.3
1546223016.33
1546223016.37
1546223016.4
1546223016.43
1546223016.47
1546223016.5
1546223016.53
1546223016.57
1546223016.6
1546223016.63
1546223016.66
1546223016.7
1546223016.73
1546223016.76
1546223016.8
1546223016.83
1546223016.87
1546223016.9
1546223016.93
1546223016.97
1546223017.0
1546223017.03
1546223017.06
1546223017.1
1546223017.13
1546223017.16
1546223017.2
1546223017.23
1546223017.26
1546223017.3
1546223017.33
1546223017.37
1546223017.4
1546223017.43
1546223017.47
1546223017.5
1546223017.53
1546223017.56
1546223017.6
1546223017.63
1546223017.66
1546223017.7
1546223017.73
1546223017.77
1546223017.8
1546223017.83
1546223017.87
1546223017.9
1546223017.93
1546223017.96
1546223018.0
1546223018.03
1546223018.07
1546223018.1
1546223018.13
1546223018.17
1546223018.2
1546223018.23
1546223018.27
1546223018.3
1546223018.33
1546223018.37
1546223018.4
1546223018.43
1546223018.47
1546223018.5
1546223018.53
1546223018.57
1546223018.6
1546223018.63
1546223018.67
1546223018.7
1546223018.73
1546223018.77
1546223018.8
1546223018.83
1546223018.87
1546223018.9
1546223018.93
1546223018.97
1546223019.0
1546223019.03
1546223019.07
1546223019.1
1546223019.13
1546223019.17
1546223019.2
1546223019.23
1546223019.27
1546223019.3
1546223019.34
1546223019.37
1546223019.4
1546223019.43
1546223019.47
1546223019.5
1546223019.54
1546223019.57
1546223019.6
1546223019.64
1546223019.67
1546223019.7
1546223019.74
1546223019.77
1546223019.8
1546223019.84
1546223019.87
1546223019.9
1546223019.94
1546223019.97
1546223020.0
1546223020.04
1546223020.07
1546223020.1
1546223020.14
1546223020.17
1546223020.2
1546223020.24
1546223020.27
1546223020.3
1546223020.34
1546223020.37
1546223020.4
1546223020.44
1546223020.47
1546223020.5
1546223020.54
1546223020.57
1546223020.61
1546223020.64
1546223020.67
1546223020.7
1546223020.74
1546223020.77
1546223020.8
1546223020.84
1546223020.87
1546223020.9
1546223020.94
1546223020.97
1546223021.01
1546223021.04
1546223021.07
1546223021.1
1546223021.14
1546223021.17
1546223021.2
1546223021.24
1546223021.27
1546223021.3
1546223021.34
1546223021.37
1546223021.4
1546223021.44
1546223021.47
1546223021.5
1546223021.54
1546223021.57
1546223021.6
1546223021.64
1546223021.67
1546223021.7
1546223021.74
1546223021.77
1546223021.81
1546223021.84
1546223021.87
1546223021.9
1546223021.93
1546223021.96
1546223022.0
1546223022.03
1546223022.07
1546223022.1
1546223022.13
1546223022.16
1546223022.2
1546223022.23
1546223022.27
1546223022.3
1546223022.33
1546223022.37
1546223022.4
1546223022.43
1546223022.46
1546223022.5
1546223022.53
1546223022.57
1546223022.6
1546223022.63
1546223022.66
1546223022.7
1546223022.73
1546223022.76
1546223022.8
1546223022.83
1546223022.86
1546223022.9
1546223022.93
1546223022.96
1546223023.0
1546223023.03
1546223023.06
1546223023.1
1546223023.13
1546223023.16
1546223023.2
1546223023.23
1546223023.26
1546223023.3
1546223023.33
1546223023.37
1546223023.4
1546223023.43
1546223023.46
1546223023.5
1546223023.53
1546223023.56
1546223023.6
1546223023.63
1546223023.66
1546223023.7
1546223023.73
1546223023.76
1546223023.8
1546223023.83
1546223023.86
1546223023.9
1546223023.93
1546223023.96
1546223024.0
1546223024.03
1546223024.06
1546223024.1
1546223024.13
1546223024.16
1546223024.2
1546223024.23
1546223024.26
1546223024.3
1546223024.33
1546223024.36
1546223024.4
1546223024.43
1546223024.46
1546223024.5
1546223024.53
1546223024.56
1546223024.6
1546223024.63
1546223024.66
1546223024.7
1546223024.73
1546223024.76
1546223024.8
1546223024.83
1546223024.86
1546223024.9
1546223024.93
1546223024.96
1546223025.0
1546223025.03
1546223025.06
1546223025.1
1546223025.13
1546223025.16
1546223025.2
1546223025.23
1546223025.26
1546223025.3
1546223025.33
1546223025.36
1546223025.4
1546223025.43
1546223025.46
1546223025.5
1546223025.53
1546223025.56
1546223025.6
1546223025.63
1546223025.66
1546223025.7
1546223025.73
1546223025.76
1546223025.8
1546223025.83
1546223025.86
1546223025.9
1546223025.93
1546223025.96
1546223026.0
1546223026.03
1546223026.06
1546223026.1
1546223026.13
1546223026.16
1546223026.19
1546223026.23
1546223026.26
1546223026.3
1546223026.33
1546223026.36
1546223026.4
1546223026.43
1546223026.46
1546223026.5
1546223026.53
1546223026.56
1546223026.6
1546223026.63
1546223026.66
1546223026.7
1546223026.73
1546223026.76
1546223026.8
1546223026.83
1546223026.86
1546223026.9
1546223026.93
1546223026.96
1546223027.0
1546223027.03
1546223027.06
1546223027.1
1546223027.13
1546223027.16
1546223027.2
1546223027.23
1546223027.26
1546223027.3
1546223027.33
1546223027.36
1546223027.39
1546223027.43
1546223027.46
1546223027.5
1546223027.53
1546223027.56
1546223027.6
1546223027.63
1546223027.66
1546223027.69
1546223027.73
1546223027.76
1546223027.8
1546223027.83
1546223027.86
1546223027.89
1546223027.93
1546223027.96
1546223028.0
1546223028.03
1546223028.06
1546223028.09
1546223028.13
1546223028.16
1546223028.19
1546223028.23
1546223028.26
1546223028.29
1546223028.33
1546223028.36
1546223028.39
1546223028.43
1546223028.46
1546223028.49
1546223028.53
1546223028.56
1546223028.59
1546223028.63
1546223028.66
1546223028.69
1546223028.73
1546223028.76
1546223028.8
1546223028.83
1546223028.86
1546223028.89
1546223028.93
1546223028.96
1546223028.99
1546223029.03
1546223029.06
1546223029.1
1546223029.13
1546223029.16
1546223029.19
1546223029.23
1546223029.26
1546223029.3
1546223029.33
1546223029.36
1546223029.39
1546223029.43
1546223029.46
1546223029.49
1546223029.53
1546223029.56
1546223029.6
1546223029.63
1546223029.66
1546223029.69
1546223029.73
1546223029.76
1546223029.8
1546223029.83
1546223029.86
1546223029.89
1546223029.93
1546223029.96
1546223029.99
1546223030.03
1546223030.06
1546223030.09
1546223030.13
1546223030.16
1546223030.19
1546223030.23
1546223030.26
1546223030.29
1546223030.33
1546223030.36
1546223030.39
1546223030.43
1546223030.46
1546223030.49
1546223030.53
1546223030.56
1546223030.59
1546223030.63
1546223030.66
1546223030.69
1546223030.73
1546223030.76
1546223030.79
1546223030.83
1546223030.86
1546223030.89
1546223030.93
1546223030.96
1546223030.99
1546223031.03
1546223031.06
1546223031.09
1546223031.13
1546223031.16
1546223031.19
1546223031.23
1546223031.26
1546223031.29
1546223031.33
1546223031.36
1546223031.39
1546223031.43
1546223031.46
1546223031.49
1546223031.53
1546223031.56
1546223031.59
1546223031.63
1546223031.66
1546223031.69
1546223031.73
1546223031.76
1546223031.79
1546223031.83
1546223031.86
1546223031.89
1546223031.93
1546223031.96
1546223031.99
1546223032.03
1546223032.06
1546223032.09
1546223032.13
1546223032.16
1546223032.19
1546223032.23
1546223032.26
1546223032.29
1546223032.33
1546223032.36
1546223032.39
1546223032.43
1546223032.46
1546223032.49
1546223032.53
1546223032.56
1546223032.6
1546223032.63
1546223032.66
1546223032.69
1546223032.73
1546223032.76
1546223032.8
1546223032.83
1546223032.86
1546223032.89
1546223032.93
1546223032.96
1546223032.99
1546223033.03
1546223033.06
1546223033.09
1546223033.13
1546223033.16
1546223033.19
1546223033.23
1546223033.26
1546223033.3
1546223033.33
1546223033.36
1546223033.39
1546223033.43
1546223033.46
1546223033.49
1546223033.53
1546223033.56
1546223033.59
1546223033.63
1546223033.66
1546223033.69
1546223033.73
1546223033.76
1546223033.79
1546223033.83
1546223033.86
1546223033.89
1546223033.93
1546223033.96
1546223033.99
1546223034.03
1546223034.06
1546223034.09
1546223034.13
1546223034.16
1546223034.19
1546223034.23
1546223034.26
1546223034.29
1546223034.33
1546223034.36
1546223034.39
1546223034.43
1546223034.46
1546223034.49
1546223034.53
1546223034.56
1546223034.59
1546223034.63
1546223034.66
1546223034.69
1546223034.73
1546223034.76
1546223034.79
1546223034.83
1546223034.86
1546223034.89
1546223034.93
1546223034.96
1546223034.99
1546223035.03
1546223035.06
1546223035.09
1546223035.13
1546223035.16
1546223035.19
1546223035.23
1546223035.26
1546223035.29
1546223035.33
1546223035.36
1546223035.39
1546223035.43
1546223035.46
1546223035.49
1546223035.53
1546223035.56
1546223035.59
1546223035.63
1546223035.66
1546223035.69
1546223035.73
1546223035.76
1546223035.79
1546223035.83
1546223035.86
1546223035.89
1546223035.93
1546223035.96
1546223035.99
1546223036.03
1546223036.06
1546223036.09
1546223036.13
1546223036.16
1546223036.19
1546223036.23
1546223036.26
1546223036.29
1546223036.33
1546223036.36
1546223036.39
1546223036.43
1546223036.46
1546223036.49
1546223036.53
1546223036.56
1546223036.59
1546223036.63
1546223036.66
1546223036.69
1546223036.73
1546223036.76
1546223036.79
1546223036.83
1546223036.86
1546223036.89
1546223036.93
1546223036.96
1546223036.99
1546223037.03
1546223037.06
1546223037.09
1546223037.13
1546223037.16
1546223037.19
1546223037.23
1546223037.26
1546223037.29
1546223037.33
1546223037.36
1546223037.39
1546223037.43
1546223037.46
1546223037.49
1546223037.53
1546223037.56
1546223037.59
1546223037.63
1546223037.66
1546223037.69
1546223037.73
1546223037.76
1546223037.79
1546223037.83
1546223037.86
1546223037.89
1546223037.93
1546223037.96
1546223037.99
1546223038.03
1546223038.06
1546223038.09
1546223038.13
1546223038.16
1546223038.19
1546223038.23
1546223038.26
1546223038.29
1546223038.33
1546223038.36
1546223038.39
1546223038.43
1546223038.46
1546223038.49
1546223038.53
1546223038.56
1546223038.59
1546223038.63
1546223038.66
1546223038.69
1546223038.73
1546223038.76
1546223038.79
1546223038.83
1546223038.86
1546223038.89
1546223038.93
1546223038.96
1546223038.99
1546223039.03
1546223039.06
1546223039.09
1546223039.12
1546223039.16
1546223039.19
1546223039.23
1546223039.26
1546223039.29
1546223039.33
1546223039.36
1546223039.39
1546223039.42
1546223039.46
1546223039.49
1546223039.53
1546223039.56
1546223039.59
1546223039.62
1546223039.66
1546223039.69
1546223039.72
1546223039.76
1546223039.79
1546223039.83
1546223039.86
1546223039.89
1546223039.92
1546223039.96
1546223039.99
1546223040.03
1546223040.06
1546223040.09
1546223040.12
1546223040.16
1546223040.19
1546223040.23
1546223040.26
1546223040.29
1546223040.33
1546223040.36
1546223040.39
1546223040.42
1546223040.46
1546223040.49
1546223040.53
1546223040.56
1546223040.59
1546223040.63
1546223040.66
1546223040.69
1546223040.73
1546223040.76
1546223040.79
1546223040.83
1546223040.86
1546223040.89
1546223040.93
1546223040.96
1546223040.99
1546223041.03
1546223041.06
1546223041.09
1546223041.13
1546223041.16
1546223041.19
1546223041.23
1546223041.26
1546223041.29
1546223041.33
1546223041.36
1546223041.39
1546223041.43
1546223041.46
1546223041.49
1546223041.53
1546223041.56
1546223041.59
1546223041.63
1546223041.66
1546223041.69
1546223041.73
1546223041.76
1546223041.79
1546223041.83
1546223041.86
1546223041.89
1546223041.93
1546223041.96
1546223041.99
1546223042.03
1546223042.06
1546223042.09
1546223042.13
1546223042.16
1546223042.19
1546223042.23
1546223042.26
1546223042.29
1546223042.33
1546223042.36
1546223042.39
1546223042.43
1546223042.46
1546223042.49
1546223042.53
1546223042.56
1546223042.59
1546223042.63
1546223042.66
1546223042.69
1546223042.73
1546223042.76
1546223042.79
1546223042.83
1546223042.86
1546223042.89
1546223042.93
1546223042.96
1546223042.99
1546223043.03
1546223043.06
1546223043.09
1546223043.13
1546223043.16
1546223043.19
1546223043.23
1546223043.26
1546223043.3
1546223043.33
1546223043.36
1546223043.39
1546223043.43
1546223043.46
1546223043.49
1546223043.53
1546223043.56
1546223043.59
1546223043.63
1546223043.66
1546223043.69
1546223043.73
1546223043.76
1546223043.79
1546223043.83
1546223043.86
1546223043.89
1546223043.93
1546223043.96
1546223043.99
1546223044.03
1546223044.06
1546223044.09
1546223044.13
1546223044.16
1546223044.19
1546223044.23
1546223044.26
1546223044.3
1546223044.33
1546223044.36
1546223044.39
1546223044.43
1546223044.46
1546223044.49
1546223044.53
1546223044.56
1546223044.6
1546223044.63
1546223044.66
1546223044.7
1546223044.73
1546223044.76
1546223044.79
1546223044.83
1546223044.86
1546223044.9
1546223044.93
1546223044.96
1546223044.99
1546223045.03
1546223045.06
1546223045.1
1546223045.13
1546223045.16
1546223045.19
1546223045.23
1546223045.26
1546223045.29
1546223045.33
1546223045.36
1546223045.39
1546223045.43
1546223045.46
1546223045.49
1546223045.53
1546223045.56
1546223045.6
1546223045.63
1546223045.66
1546223045.69
1546223045.73
1546223045.76
1546223045.8
1546223045.83
1546223045.86
1546223045.89
1546223045.92
1546223045.95
1546223045.99
1546223046.02
1546223046.06
1546223046.09
1546223046.12
1546223046.15
1546223046.19
1546223046.22
1546223046.26
1546223046.29
1546223046.32
1546223046.36
1546223046.39
1546223046.42
1546223046.45
1546223046.49
1546223046.52
1546223046.56
1546223046.59
1546223046.62
1546223046.66
1546223046.69
1546223046.72
1546223046.76
1546223046.79
1546223046.82
1546223046.86
1546223046.89
1546223046.92
1546223046.95
1546223046.99
1546223047.02
1546223047.05
1546223047.09
1546223047.12
1546223047.15
1546223047.19
1546223047.22
1546223047.25
1546223047.29
1546223047.32
1546223047.36
1546223047.39
1546223047.42
1546223047.45
1546223047.49
1546223047.52
1546223047.56
1546223047.59
1546223047.62
1546223047.65
1546223047.69
1546223047.72
1546223047.76
1546223047.79
1546223047.82
1546223047.86
1546223047.89
1546223047.92
1546223047.95
1546223047.99
1546223048.02
1546223048.06
1546223048.09
1546223048.12
1546223048.15
1546223048.19
1546223048.22
1546223048.26
1546223048.29
1546223048.32
1546223048.36
1546223048.39
1546223048.42
1546223048.45
1546223048.49
1546223048.52
1546223048.56
1546223048.59
1546223048.62
1546223048.65
1546223048.69
1546223048.72
1546223048.75
1546223048.79
1546223048.82
1546223048.85
1546223048.89
1546223048.92
1546223048.95
1546223048.99
1546223049.02
1546223049.05
1546223049.09
1546223049.12
1546223049.15
1546223049.19
1546223049.22
1546223049.26
1546223049.29
1546223049.32
1546223049.36
1546223049.39
1546223049.42
1546223049.45
1546223049.49
1546223049.52
1546223049.55
1546223049.59
1546223049.62
1546223049.65
1546223049.69
1546223049.72
1546223049.75
1546223049.79
1546223049.82
1546223049.86
1546223049.89
1546223049.92
1546223049.95
1546223049.99
1546223050.02
1546223050.05
1546223050.09
1546223050.12
1546223050.15
1546223050.19
1546223050.22
1546223050.25
1546223050.29
1546223050.32
1546223050.36
1546223050.39
1546223050.42
1546223050.45
1546223050.49
1546223050.52
1546223050.56
1546223050.59
1546223050.62
1546223050.65
1546223050.69
1546223050.72
1546223050.75
1546223050.79
1546223050.82
1546223050.85
1546223050.89
1546223050.92
1546223050.95
1546223050.99
1546223051.02
1546223051.05
1546223051.09
1546223051.12
1546223051.15
1546223051.19
1546223051.22
1546223051.25
1546223051.29
1546223051.32
1546223051.35
1546223051.39
1546223051.42
1546223051.45
1546223051.49
1546223051.52
1546223051.56
1546223051.59
1546223051.62
1546223051.65
1546223051.69
1546223051.72
1546223051.75
1546223051.79
1546223051.82
1546223051.85
1546223051.89
1546223051.92
1546223051.95
1546223051.99
1546223052.02
1546223052.05
1546223052.09
1546223052.12
1546223052.15
1546223052.19
1546223052.22
1546223052.25
1546223052.29
1546223052.32
1546223052.35
1546223052.39
1546223052.42
1546223052.45
1546223052.49
1546223052.52
1546223052.55
1546223052.59
1546223052.62
1546223052.65
1546223052.69
1546223052.72
1546223052.76
1546223052.79
1546223052.82
1546223052.85
1546223052.89
1546223052.92
1546223052.95
1546223052.99
1546223053.02
1546223053.05
1546223053.09
1546223053.12
1546223053.16
1546223053.19
1546223053.22
1546223053.26
1546223053.29
1546223053.32
1546223053.36
1546223053.39
1546223053.42
1546223053.45
1546223053.49
1546223053.52
1546223053.56
1546223053.59
1546223053.62
1546223053.66
1546223053.69
1546223053.72
1546223053.76
1546223053.79
1546223053.82
1546223053.86
1546223053.89
1546223053.92
1546223053.95
1546223053.99
1546223054.02
1546223054.06
1546223054.09
1546223054.12
1546223054.15
1546223054.19
1546223054.22
1546223054.25
1546223054.29
1546223054.32
1546223054.35
1546223054.39
1546223054.42
1546223054.45
1546223054.49
1546223054.52
1546223054.55
1546223054.59
1546223054.62
1546223054.65
1546223054.69
1546223054.72
1546223054.76
1546223054.79
1546223054.82
1546223054.86
1546223054.89
1546223054.92
1546223054.95
1546223054.99
1546223055.02
1546223055.06
1546223055.09
1546223055.12
1546223055.15
1546223055.19
1546223055.22
1546223055.25
1546223055.29
1546223055.32
1546223055.35
1546223055.39
1546223055.42
1546223055.45
1546223055.49
1546223055.52
1546223055.55
1546223055.59
1546223055.62
1546223055.66
1546223055.69
1546223055.72
1546223055.76
1546223055.79
1546223055.82
1546223055.85
1546223055.89
1546223055.92
1546223055.95
1546223055.99
1546223056.02
1546223056.05
1546223056.09
1546223056.12
1546223056.15
1546223056.19
1546223056.22
1546223056.26
1546223056.29
1546223056.32
1546223056.36
1546223056.39
1546223056.42
1546223056.45
1546223056.49
1546223056.52
1546223056.56
1546223056.59
1546223056.62
1546223056.65
1546223056.69
1546223056.72
1546223056.76
1546223056.79
1546223056.82
1546223056.86
1546223056.89
1546223056.92
1546223056.95
1546223056.99
1546223057.02
1546223057.06
1546223057.09
1546223057.12
1546223057.15
1546223057.19
1546223057.22
1546223057.26
1546223057.29
1546223057.32
1546223057.36
1546223057.39
1546223057.42
1546223057.46
1546223057.49
1546223057.52
1546223057.56
1546223057.59
1546223057.62
1546223057.66
1546223057.69
1546223057.72
1546223057.76
1546223057.79
1546223057.82
1546223057.86
1546223057.89
1546223057.92
1546223057.96
1546223057.99
1546223058.02
1546223058.06
1546223058.09
1546223058.12
1546223058.16
1546223058.19
1546223058.22
1546223058.26
1546223058.29
1546223058.32
1546223058.36
1546223058.39
1546223058.42
1546223058.46
1546223058.49
1546223058.52
1546223058.56
1546223058.59
1546223058.62
1546223058.65
1546223058.69
1546223058.72
1546223058.76
1546223058.79
1546223058.82
1546223058.86
1546223058.89
1546223058.92
1546223058.96
1546223058.99
1546223059.02
1546223059.06
1546223059.09
1546223059.12
1546223059.16
1546223059.19
1546223059.22
1546223059.26
1546223059.29
1546223059.32
1546223059.36
1546223059.39
1546223059.42
1546223059.45
1546223059.49
1546223059.52
1546223059.56
1546223059.59
1546223059.62
1546223059.65
1546223059.69
1546223059.72
1546223059.76
1546223059.79
1546223059.82
1546223059.86
1546223059.89
1546223059.92
1546223059.95
1546223059.99
1546223060.02
1546223060.06
1546223060.09
1546223060.12
1546223060.15
1546223060.19
1546223060.22
1546223060.26
1546223060.29
1546223060.32
1546223060.36
1546223060.39
1546223060.42
1546223060.45
1546223060.49
1546223060.52
1546223060.56
1546223060.59
1546223060.62
1546223060.65
1546223060.69
1546223060.72
1546223060.76
1546223060.79
1546223060.82
1546223060.86
1546223060.89
1546223060.92
1546223060.95
1546223060.99
1546223061.02
1546223061.06
1546223061.09
1546223061.12
1546223061.15
1546223061.19
1546223061.22
1546223061.26
1546223061.29
1546223061.32
1546223061.36
1546223061.39
1546223061.42
1546223061.46
1546223061.49
1546223061.52
1546223061.56
1546223061.59
1546223061.62
1546223061.65
1546223061.69
1546223061.72
1546223061.76
1546223061.79
1546223061.82
1546223061.86
1546223061.89
1546223061.92
1546223061.95
1546223061.99
1546223062.02
1546223062.05
1546223062.09
1546223062.12
1546223062.15
1546223062.19
1546223062.22
1546223062.26
1546223062.29
1546223062.32
1546223062.36
1546223062.39
1546223062.42
1546223062.45
1546223062.49
1546223062.52
1546223062.55
1546223062.59
1546223062.62
1546223062.65
1546223062.69
1546223062.72
1546223062.75
1546223062.79
1546223062.82
1546223062.86
1546223062.89
1546223062.92
1546223062.95
1546223062.99
1546223063.02
1546223063.05
1546223063.09
1546223063.12
1546223063.15
1546223063.19
1546223063.22
1546223063.25
1546223063.29
1546223063.32
1546223063.35
1546223063.39
1546223063.42
1546223063.45
1546223063.49
1546223063.52
1546223063.55
1546223063.59
1546223063.62
1546223063.65
1546223063.69
1546223063.72
1546223063.75
1546223063.79
1546223063.82
1546223063.85
1546223063.89
1546223063.92
1546223063.95
1546223063.98
1546223064.02
1546223064.05
1546223064.09
1546223064.12
1546223064.15
1546223064.18
1546223064.22
1546223064.25
1546223064.29
1546223064.32
1546223064.35
1546223064.38
1546223064.42
1546223064.45
1546223064.48
1546223064.52
1546223064.55
1546223064.59
1546223064.62
1546223064.65
1546223064.69
1546223064.72
1546223064.75
1546223064.79
1546223064.82
1546223064.85
1546223064.89
1546223064.92
1546223064.95
1546223064.99
1546223065.02
1546223065.05
1546223065.09
1546223065.12
1546223065.15
1546223065.19
1546223065.22
1546223065.25
1546223065.29
1546223065.32
1546223065.35
1546223065.39
1546223065.42
1546223065.45
1546223065.49
1546223065.52
1546223065.55
1546223065.59
1546223065.62
1546223065.65
1546223065.69
1546223065.72
1546223065.75
1546223065.79
1546223065.82
1546223065.86
1546223065.89
1546223065.92
1546223065.95
1546223065.99
1546223066.02
1546223066.06
1546223066.09
1546223066.12
1546223066.15
1546223066.19
1546223066.22
1546223066.26
1546223066.29
1546223066.32
1546223066.36
1546223066.39
1546223066.42
1546223066.45
1546223066.49
1546223066.52
1546223066.56
1546223066.59
1546223066.62
1546223066.66
1546223066.69
1546223066.72
1546223066.76
1546223066.79
1546223066.82
1546223066.86
1546223066.89
1546223066.92
1546223066.95
1546223066.99
1546223067.02
1546223067.06
1546223067.09
1546223067.12
1546223067.16
1546223067.19
1546223067.22
1546223067.26
1546223067.29
1546223067.32
1546223067.36
1546223067.39
1546223067.42
1546223067.46
1546223067.49
1546223067.52
1546223067.56
1546223067.59
1546223067.62
1546223067.66
1546223067.69
1546223067.72
1546223067.76
1546223067.79
1546223067.82
1546223067.86
1546223067.89
1546223067.92
1546223067.96
1546223067.99
1546223068.02
1546223068.06
1546223068.09
1546223068.12
1546223068.16
1546223068.19
1546223068.22
1546223068.26
1546223068.29
1546223068.33
1546223068.36
1546223068.39
1546223068.42
1546223068.46
1546223068.49
1546223068.53
1546223068.56
1546223068.59
1546223068.63
1546223068.66
1546223068.69
1546223068.73
1546223068.76
1546223068.79
1546223068.83
1546223068.86
1546223068.89
1546223068.92
1546223068.96
1546223068.99
1546223069.03
1546223069.06
1546223069.09
1546223069.13
1546223069.16
1546223069.19
1546223069.22
1546223069.26
1546223069.29
1546223069.33
1546223069.36
1546223069.39
1546223069.43
1546223069.46
1546223069.49
1546223069.53
1546223069.56
1546223069.59
1546223069.62
1546223069.66
1546223069.69
1546223069.72
1546223069.75
1546223069.78
1546223069.82
1546223069.85
1546223069.88
1546223069.92
1546223069.95
1546223069.98
1546223070.02
1546223070.05
1546223070.09
1546223070.12
1546223070.15
1546223070.18
1546223070.22
1546223070.25
1546223070.29
1546223070.32
1546223070.35
1546223070.38
1546223070.42
1546223070.45
1546223070.48
1546223070.52
1546223070.55
1546223070.59
1546223070.62
1546223070.65
1546223070.68
1546223070.72
1546223070.75
1546223070.79
1546223070.82
1546223070.85
1546223070.88
1546223070.92
1546223070.95
1546223070.98
1546223071.02
1546223071.05
1546223071.08
1546223071.12
1546223071.15
1546223071.18
1546223071.22
1546223071.25
1546223071.29
1546223071.32
1546223071.35
1546223071.38
1546223071.42
1546223071.45
1546223071.48
1546223071.52
1546223071.55
1546223071.59
1546223071.62
1546223071.65
1546223071.68
1546223071.72
1546223071.75
1546223071.79
1546223071.82
1546223071.85
1546223071.88
1546223071.92
1546223071.95
1546223071.98
1546223072.02
1546223072.05
1546223072.08
1546223072.12
1546223072.15
1546223072.18
1546223072.22
1546223072.25
1546223072.29
1546223072.32
1546223072.35
1546223072.38
1546223072.42
1546223072.45
1546223072.48
1546223072.52
1546223072.55
1546223072.59
1546223072.62
1546223072.65
1546223072.68
1546223072.72
1546223072.75
1546223072.79
1546223072.82
1546223072.85
1546223072.89
1546223072.92
1546223072.95
1546223072.98
1546223073.02
1546223073.05
1546223073.09
1546223073.12
1546223073.15
1546223073.18
1546223073.22
1546223073.25
1546223073.28
1546223073.32
1546223073.35
1546223073.38
1546223073.42
1546223073.45
1546223073.48
1546223073.52
1546223073.55
1546223073.58
1546223073.62
1546223073.65
1546223073.68
1546223073.72
1546223073.75
1546223073.78
1546223073.82
1546223073.85
1546223073.88
1546223073.92
1546223073.95
1546223073.98
1546223074.02
1546223074.05
1546223074.08
1546223074.12
1546223074.15
1546223074.18
1546223074.22
1546223074.25
1546223074.28
1546223074.32
1546223074.35
1546223074.38
1546223074.42
1546223074.45
1546223074.48
1546223074.52
1546223074.55
1546223074.58
1546223074.62
1546223074.65
1546223074.68
1546223074.72
1546223074.75
1546223074.78
1546223074.82
1546223074.85
1546223074.88
1546223074.92
1546223074.95
1546223074.98
1546223075.02
1546223075.05
1546223075.08
1546223075.12
1546223075.15
1546223075.18
1546223075.22
1546223075.25
1546223075.28
1546223075.32
1546223075.35
1546223075.38
1546223075.42
1546223075.45
1546223075.48
1546223075.52
1546223075.55
1546223075.58
1546223075.62
1546223075.65
1546223075.68
1546223075.72
1546223075.75
1546223075.78
1546223075.82
1546223075.85
1546223075.88
1546223075.92
1546223075.95
1546223075.98
1546223076.02
1546223076.05
1546223076.08
1546223076.12
1546223076.15
1546223076.18
1546223076.22
1546223076.25
1546223076.28
1546223076.32
1546223076.35
1546223076.38
1546223076.41
1546223076.45
1546223076.48
1546223076.52
1546223076.55
1546223076.58
1546223076.62
1546223076.65
1546223076.68
1546223076.72
1546223076.75
1546223076.78
1546223076.82
1546223076.85
1546223076.88
1546223076.91
1546223076.95
1546223076.98
1546223077.01
1546223077.05
1546223077.08
1546223077.11
1546223077.15
1546223077.18
1546223077.21
1546223077.25
1546223077.28
1546223077.32
1546223077.35
1546223077.38
1546223077.41
1546223077.45
1546223077.48
1546223077.52
1546223077.55
1546223077.58
1546223077.62
1546223077.65
1546223077.68
1546223077.71
1546223077.75
1546223077.78
1546223077.82
1546223077.85
1546223077.88
1546223077.91
1546223077.95
1546223077.98
1546223078.02
1546223078.05
1546223078.08
1546223078.11
1546223078.15
1546223078.18
1546223078.21
1546223078.25
1546223078.28
1546223078.32
1546223078.35
1546223078.38
1546223078.41
1546223078.45
1546223078.48
1546223078.52
1546223078.55
1546223078.58
1546223078.62
1546223078.65
1546223078.68
1546223078.72
1546223078.75
1546223078.78
1546223078.82
1546223078.85
1546223078.88
1546223078.91
1546223078.95
1546223078.98
1546223079.02
1546223079.05
1546223079.08
1546223079.12
1546223079.15
1546223079.18
1546223079.21
1546223079.25
1546223079.28
1546223079.32
1546223079.35
1546223079.38
1546223079.41
1546223079.45
1546223079.48
1546223079.51
1546223079.55
1546223079.58
1546223079.61
1546223079.65
1546223079.68
1546223079.71
1546223079.75
1546223079.78
1546223079.82
1546223079.85
1546223079.88
1546223079.91
1546223079.95
1546223079.98
1546223080.01
1546223080.05
1546223080.08
1546223080.11
1546223080.15
1546223080.18
1546223080.21
1546223080.25
1546223080.28
1546223080.31
1546223080.35
1546223080.38
1546223080.41
1546223080.45
1546223080.48
1546223080.51
1546223080.55
1546223080.58
1546223080.61
1546223080.65
1546223080.68
1546223080.71
1546223080.75
1546223080.78
1546223080.81
1546223080.85
1546223080.88
1546223080.91
1546223080.95
1546223080.98
1546223081.01
1546223081.05
1546223081.08
1546223081.11
1546223081.15
1546223081.18
1546223081.21
1546223081.25
1546223081.28
1546223081.31
1546223081.35
1546223081.38
1546223081.41
1546223081.44
1546223081.48
1546223081.51
1546223081.55
1546223081.58
1546223081.61
1546223081.64
1546223081.68
1546223081.71
1546223081.74
1546223081.78
1546223081.81
1546223081.85
1546223081.88
1546223081.91
1546223081.95
1546223081.98
1546223082.01
1546223082.05
1546223082.08
1546223082.11
1546223082.14
1546223082.18
1546223082.21
1546223082.24
1546223082.28
1546223082.31
1546223082.35
1546223082.38
1546223082.41
1546223082.44
1546223082.48
1546223082.51
1546223082.55
1546223082.58
1546223082.61
1546223082.64
1546223082.68
1546223082.71
1546223082.74
1546223082.78
1546223082.81
1546223082.85
1546223082.88
1546223082.91
1546223082.94
1546223082.98
1546223083.01
1546223083.04
1546223083.08
1546223083.11
1546223083.14
1546223083.18
1546223083.21
1546223083.24
1546223083.28
1546223083.31
1546223083.34
1546223083.38
1546223083.41
1546223083.44
1546223083.48
1546223083.51
1546223083.54
1546223083.58
1546223083.61
1546223083.64
1546223083.68
1546223083.71
1546223083.74
1546223083.78
1546223083.81
1546223083.84
1546223083.88
1546223083.91
1546223083.94
1546223083.98
1546223084.01
1546223084.04
1546223084.08
1546223084.11
1546223084.14
1546223084.18
1546223084.21
1546223084.24
1546223084.28
1546223084.31
1546223084.34
1546223084.38
1546223084.41
1546223084.44
1546223084.47
1546223084.51
1546223084.54
1546223084.58
1546223084.61
1546223084.64
1546223084.68
1546223084.71
1546223084.74
1546223084.78
1546223084.81
1546223084.84
1546223084.88
1546223084.91
1546223084.94
1546223084.97
1546223085.01
1546223085.04
1546223085.08
1546223085.11
1546223085.14
1546223085.18
1546223085.21
1546223085.24
1546223085.28
1546223085.31
1546223085.34
1546223085.38
1546223085.41
1546223085.44
1546223085.47
1546223085.51
1546223085.54
1546223085.58
1546223085.61
1546223085.64
1546223085.67
1546223085.71
1546223085.74
1546223085.78
1546223085.81
1546223085.84
1546223085.88
1546223085.91
1546223085.94
1546223085.98
1546223086.01
1546223086.04
1546223086.08
1546223086.11
1546223086.14
1546223086.17
1546223086.21
1546223086.24
1546223086.28
1546223086.31
1546223086.34
1546223086.38
1546223086.41
1546223086.44
1546223086.48
1546223086.51
1546223086.54
1546223086.58
1546223086.61
1546223086.64
1546223086.68
1546223086.71
1546223086.74
1546223086.78
1546223086.81
1546223086.84
1546223086.88
1546223086.91
1546223086.94
1546223086.97
1546223087.01
1546223087.04
1546223087.08
1546223087.11
1546223087.14
1546223087.18
1546223087.21
1546223087.24
1546223087.28
1546223087.31
1546223087.34
1546223087.38
1546223087.41
1546223087.44
1546223087.48
1546223087.51
1546223087.54
1546223087.58
1546223087.61
1546223087.64
1546223087.68
1546223087.71
1546223087.74
1546223087.78
1546223087.81
1546223087.84
1546223087.88
1546223087.91
1546223087.94
1546223087.98
1546223088.01
1546223088.04
1546223088.08
1546223088.11
1546223088.14
1546223088.18
1546223088.21
1546223088.24
1546223088.28
1546223088.31
1546223088.34
1546223088.38
1546223088.41
1546223088.44
1546223088.48
1546223088.51
1546223088.55
1546223088.58
1546223088.61
1546223088.64
1546223088.68
1546223088.71
1546223088.74
1546223088.78
1546223088.81
1546223088.84
1546223088.88
1546223088.91
1546223088.94
1546223088.98
1546223089.01
1546223089.05
1546223089.08
1546223089.11
1546223089.14
1546223089.18
1546223089.21
1546223089.24
1546223089.28
1546223089.31
1546223089.35
1546223089.38
1546223089.41
1546223089.44
1546223089.48
1546223089.51
1546223089.54
1546223089.58
1546223089.61
1546223089.64
1546223089.68
1546223089.71
1546223089.74
1546223089.78
1546223089.81
1546223089.85
1546223089.88
1546223089.91
1546223089.94
1546223089.98
1546223090.01
1546223090.05
1546223090.08
1546223090.11
1546223090.15
1546223090.18
1546223090.21
1546223090.25
1546223090.28
1546223090.31
1546223090.35
1546223090.38
1546223090.41
1546223090.45
1546223090.48
1546223090.51
1546223090.55
1546223090.58
1546223090.61
1546223090.65
1546223090.68
1546223090.71
1546223090.75
1546223090.78
1546223090.81
1546223090.85
1546223090.88
1546223090.91
1546223090.95
1546223090.98
1546223091.01
1546223091.05
1546223091.08
1546223091.11
1546223091.15
1546223091.18
1546223091.21
1546223091.25
1546223091.28
1546223091.31
1546223091.35
1546223091.38
1546223091.41
1546223091.45
1546223091.48
1546223091.51
1546223091.55
1546223091.58
1546223091.61
1546223091.65
1546223091.68
1546223091.71
1546223091.75
1546223091.78
1546223091.82
1546223091.85
1546223091.88
1546223091.91
1546223091.95
1546223091.98
1546223092.02
1546223092.05
1546223092.08
1546223092.12
1546223092.15
1546223092.18
1546223092.21
1546223092.25
1546223092.28
1546223092.31
1546223092.35
1546223092.38
1546223092.41
1546223092.45
1546223092.48
1546223092.52
1546223092.55
1546223092.58
1546223092.62
1546223092.65
1546223092.68
1546223092.71
1546223092.75
1546223092.78
1546223092.82
1546223092.85
1546223092.88
1546223092.91
1546223092.95
1546223092.98
1546223093.02
1546223093.05
1546223093.08
1546223093.12
1546223093.15
1546223093.18
1546223093.21
1546223093.25
1546223093.28
1546223093.32
1546223093.35
1546223093.38
1546223093.42
1546223093.45
1546223093.48
1546223093.51
1546223093.54
1546223093.58
1546223093.61
1546223093.64
1546223093.68
1546223093.71
1546223093.74
1546223093.78
1546223093.81
1546223093.84
1546223093.88
1546223093.91
1546223093.94
1546223093.98
1546223094.01
1546223094.04
1546223094.08
1546223094.11
1546223094.14
1546223094.17
1546223094.21
1546223094.24
1546223094.27
1546223094.31
1546223094.34
1546223094.37
1546223094.41
1546223094.44
1546223094.47
1546223094.51
1546223094.54
1546223094.58
1546223094.61
1546223094.64
1546223094.67
1546223094.71
1546223094.74
1546223094.77
1546223094.81
1546223094.84
1546223094.87
1546223094.91
1546223094.94
1546223094.97
1546223095.01
1546223095.04
1546223095.07
1546223095.11
1546223095.14
1546223095.17
1546223095.21
1546223095.24
1546223095.28
1546223095.31
1546223095.34
1546223095.38
1546223095.41
1546223095.44
1546223095.47
1546223095.51
1546223095.54
1546223095.57
1546223095.61
1546223095.64
1546223095.67
1546223095.71
1546223095.74
1546223095.78
1546223095.81
1546223095.84
1546223095.88
1546223095.91
1546223095.94
1546223095.98
1546223096.01
1546223096.04
1546223096.08
1546223096.11
1546223096.14
1546223096.17
1546223096.21
1546223096.24
1546223096.27
1546223096.31
1546223096.34
1546223096.38
1546223096.41
1546223096.44
1546223096.47
1546223096.51
1546223096.54
1546223096.58
1546223096.61
1546223096.64
1546223096.67
1546223096.71
1546223096.74
1546223096.78
1546223096.81
1546223096.84
1546223096.87
1546223096.91
1546223096.94
1546223096.97
1546223097.01
1546223097.04
1546223097.08
1546223097.11
1546223097.14
1546223097.17
1546223097.21
1546223097.24
1546223097.27
1546223097.31
1546223097.34
1546223097.38
1546223097.41
1546223097.44
1546223097.47
1546223097.51
1546223097.54
1546223097.57
1546223097.61
1546223097.64
1546223097.67
1546223097.71
1546223097.74
1546223097.77
1546223097.81
1546223097.84
1546223097.87
1546223097.91
1546223097.94
1546223097.97
1546223098.01
1546223098.04
1546223098.08
1546223098.11
1546223098.14
1546223098.17
1546223098.21
1546223098.24
1546223098.28
1546223098.31
1546223098.34
1546223098.38
1546223098.41
1546223098.44
1546223098.47
1546223098.51
1546223098.54
1546223098.58
1546223098.61
1546223098.64
1546223098.67
1546223098.71
1546223098.74
1546223098.77
1546223098.81
1546223098.84
1546223098.87
1546223098.91
1546223098.94
1546223098.97
1546223099.01
1546223099.04
1546223099.07
1546223099.11
1546223099.14
1546223099.17
1546223099.21
1546223099.24
1546223099.27
1546223099.31
1546223099.34
1546223099.37
1546223099.41
1546223099.44
1546223099.47
1546223099.51
1546223099.54
1546223099.57
1546223099.61
1546223099.64
1546223099.67
1546223099.71
1546223099.74
1546223099.77
1546223099.81
1546223099.84
1546223099.87
1546223099.91
1546223099.94
1546223099.97
1546223100.01
1546223100.04
1546223100.07
1546223100.11
1546223100.14
1546223100.17
1546223100.2
1546223100.24
1546223100.27
1546223100.31
1546223100.34
1546223100.37
1546223100.41
1546223100.44
1546223100.47
1546223100.51
1546223100.54
1546223100.57
1546223100.61
1546223100.64
1546223100.67
1546223100.71
1546223100.74
1546223100.77
1546223100.81
1546223100.84
1546223100.87
1546223100.9
1546223100.94
1546223100.97
1546223101.01
1546223101.04
1546223101.07
1546223101.11
1546223101.14
1546223101.17
1546223101.21
1546223101.24
1546223101.27
1546223101.31
1546223101.34
1546223101.37
1546223101.41
1546223101.44
1546223101.47
1546223101.51
1546223101.54
1546223101.57
1546223101.61
1546223101.64
1546223101.67
1546223101.71
1546223101.74
1546223101.77
1546223101.81
1546223101.84
1546223101.87
1546223101.91
1546223101.94
1546223101.97
1546223102.01
1546223102.04
1546223102.07
1546223102.11
1546223102.14
1546223102.17
1546223102.21
1546223102.24
1546223102.27
1546223102.31
1546223102.34
1546223102.37
1546223102.41
1546223102.44
1546223102.47
1546223102.51
1546223102.54
1546223102.57
1546223102.61
1546223102.64
1546223102.67
1546223102.71
1546223102.74
1546223102.77
1546223102.81
1546223102.84
1546223102.87
1546223102.91
1546223102.94
1546223102.97
1546223103.01
1546223103.04
1546223103.07
1546223103.11
1546223103.14
1546223103.17
1546223103.2
1546223103.24
1546223103.27
1546223103.31
1546223103.34
1546223103.37
1546223103.4
1546223103.44
1546223103.47
1546223103.5
1546223103.54
1546223103.57
1546223103.6
1546223103.64
1546223103.67
1546223103.7
1546223103.74
1546223103.77
1546223103.81
1546223103.84
1546223103.87
1546223103.9
1546223103.94
1546223103.97
1546223104.0
1546223104.04
1546223104.07
1546223104.1
1546223104.14
1546223104.17
1546223104.2
1546223104.24
1546223104.27
1546223104.3
1546223104.34
1546223104.37
1546223104.4
1546223104.44
1546223104.47
1546223104.5
1546223104.54
1546223104.57
1546223104.6
1546223104.64
1546223104.67
1546223104.7
1546223104.74
1546223104.77
1546223104.8
1546223104.84
1546223104.87
1546223104.9
1546223104.94
1546223104.97
1546223105.0
1546223105.04
1546223105.07
1546223105.1
1546223105.14
1546223105.17
1546223105.2
1546223105.24
1546223105.27
1546223105.3
1546223105.34
1546223105.37
1546223105.4
1546223105.44
1546223105.47
1546223105.5
1546223105.54
1546223105.57
1546223105.6
1546223105.64
1546223105.67
1546223105.7
1546223105.74
1546223105.77
1546223105.8
1546223105.84
1546223105.87
1546223105.9
1546223105.94
1546223105.97
1546223106.01
1546223106.04
1546223106.07
1546223106.11
1546223106.14
1546223106.17
1546223106.2
1546223106.24
1546223106.27
1546223106.3
1546223106.34
1546223106.37
1546223106.4
1546223106.44
1546223106.47
1546223106.5
1546223106.54
1546223106.57
1546223106.6
1546223106.64
1546223106.67
1546223106.7
1546223106.74
1546223106.77
1546223106.8
1546223106.84
1546223106.87
1546223106.9
1546223106.94
1546223106.97
1546223107.0
1546223107.04
1546223107.07
1546223107.1
1546223107.14
1546223107.17
1546223107.2
1546223107.24
1546223107.27
1546223107.3
1546223107.34
1546223107.37
1546223107.4
1546223107.44
1546223107.47
1546223107.5
1546223107.54
1546223107.57
1546223107.6
1546223107.63
1546223107.67
1546223107.7
1546223107.74
1546223107.77
1546223107.8
1546223107.84
1546223107.87
1546223107.9
1546223107.93
1546223107.97
1546223108.0
1546223108.03
1546223108.07
1546223108.1
1546223108.13
1546223108.17
1546223108.2
1546223108.23
1546223108.27
1546223108.3
1546223108.34
1546223108.37
1546223108.4
1546223108.43
1546223108.47
1546223108.5
1546223108.53
1546223108.57
1546223108.6
1546223108.63
1546223108.67
1546223108.7
1546223108.73
1546223108.77
1546223108.8
1546223108.83
1546223108.87
1546223108.9
1546223108.93
1546223108.97
1546223109.0
1546223109.04
1546223109.07
1546223109.1
1546223109.13
1546223109.17
1546223109.2
1546223109.23
1546223109.27
