1546153172.5
1546153172.68
1546153172.71
1546153172.74
1546153172.77
1546153172.81
1546153172.84
1546153172.87
1546153172.9
1546153172.93
1546153172.96
1546153172.99
1546153173.03
1546153173.06
1546153173.09
1546153173.12
1546153173.16
1546153173.19
1546153173.22
1546153173.26
1546153173.29
1546153173.33
1546153173.36
1546153173.39
1546153173.42
1546153173.46
1546153173.49
1546153173.53
1546153173.56
1546153173.59
1546153173.62
1546153173.66
1546153173.69
1546153173.72
1546153173.76
1546153173.79
1546153173.82
1546153173.86
1546153173.89
1546153173.92
1546153173.96
1546153173.99
1546153174.03
1546153174.06
1546153174.09
1546153174.12
1546153174.16
1546153174.19
1546153174.22
1546153174.26
1546153174.29
1546153174.33
1546153174.36
1546153174.39
1546153174.42
1546153174.46
1546153174.49
1546153174.53
1546153174.56
1546153174.59
1546153174.62
1546153174.66
1546153174.69
1546153174.72
1546153174.76
1546153174.79
1546153174.83
1546153174.86
1546153174.89
1546153174.93
1546153174.96
1546153174.99
1546153175.03
1546153175.06
1546153175.09
1546153175.12
1546153175.16
1546153175.19
1546153175.23
1546153175.26
1546153175.29
1546153175.33
1546153175.36
1546153175.39
1546153175.43
1546153175.46
1546153175.49
1546153175.53
1546153175.56
1546153175.59
1546153175.62
1546153175.66
1546153175.69
1546153175.72
1546153175.76
1546153175.79
1546153175.83
1546153175.86
1546153175.89
1546153175.92
1546153175.96
1546153175.99
1546153176.03
1546153176.06
1546153176.09
1546153176.12
1546153176.16
1546153176.19
1546153176.23
1546153176.26
1546153176.29
1546153176.33
1546153176.36
1546153176.39
1546153176.42
1546153176.46
1546153176.49
1546153176.53
1546153176.56
1546153176.59
1546153176.63
1546153176.66
1546153176.69
1546153176.73
1546153176.76
1546153176.79
1546153176.83
1546153176.86
1546153176.89
1546153176.93
1546153176.96
1546153176.99
1546153177.03
1546153177.06
1546153177.09
1546153177.13
1546153177.16
1546153177.19
1546153177.23
1546153177.26
1546153177.29
1546153177.33
1546153177.36
1546153177.39
1546153177.43
1546153177.46
1546153177.49
1546153177.53
1546153177.56
1546153177.59
1546153177.63
1546153177.66
1546153177.69
1546153177.73
1546153177.76
1546153177.79
1546153177.83
1546153177.86
1546153177.89
1546153177.93
1546153177.96
1546153177.99
1546153178.03
1546153178.06
1546153178.09
1546153178.13
1546153178.16
1546153178.19
1546153178.23
1546153178.26
1546153178.3
1546153178.33
1546153178.36
1546153178.39
1546153178.43
1546153178.46
1546153178.49
1546153178.53
1546153178.56
1546153178.59
1546153178.63
1546153178.66
1546153178.69
1546153178.73
1546153178.76
1546153178.79
1546153178.83
1546153178.86
1546153178.89
1546153178.93
1546153178.96
1546153178.99
1546153179.03
1546153179.06
1546153179.1
1546153179.13
1546153179.16
1546153179.19
1546153179.23
1546153179.26
1546153179.29
1546153179.33
1546153179.36
1546153179.39
1546153179.43
1546153179.46
1546153179.49
1546153179.53
1546153179.56
1546153179.59
1546153179.63
1546153179.66
1546153179.69
1546153179.72
1546153179.76
1546153179.79
1546153179.83
1546153179.86
1546153179.89
1546153179.92
1546153179.96
1546153179.99
1546153180.03
1546153180.06
1546153180.09
1546153180.13
1546153180.16
1546153180.19
1546153180.23
1546153180.26
1546153180.29
1546153180.33
1546153180.36
1546153180.39
1546153180.43
1546153180.46
1546153180.49
1546153180.53
1546153180.56
1546153180.59
1546153180.63
1546153180.66
1546153180.69
1546153180.73
1546153180.76
1546153180.79
1546153180.83
1546153180.86
1546153180.89
1546153180.93
1546153180.96
1546153180.99
1546153181.03
1546153181.06
1546153181.09
1546153181.13
1546153181.16
1546153181.19
1546153181.23
1546153181.26
1546153181.29
1546153181.33
1546153181.36
1546153181.39
1546153181.43
1546153181.46
1546153181.49
1546153181.53
1546153181.56
1546153181.59
1546153181.63
1546153181.66
1546153181.69
1546153181.73
1546153181.76
1546153181.79
1546153181.83
1546153181.86
1546153181.89
1546153181.92
1546153181.96
1546153181.99
1546153182.03
1546153182.06
1546153182.09
1546153182.13
1546153182.16
1546153182.19
1546153182.23
1546153182.26
1546153182.29
1546153182.33
1546153182.36
1546153182.39
1546153182.43
1546153182.46
1546153182.49
1546153182.53
1546153182.56
1546153182.59
1546153182.63
1546153182.66
1546153182.69
1546153182.73
1546153182.76
1546153182.8
1546153182.83
1546153182.86
1546153182.89
1546153182.93
1546153182.96
1546153182.99
1546153183.03
1546153183.06
1546153183.1
1546153183.13
1546153183.16
1546153183.2
1546153183.23
1546153183.26
1546153183.3
1546153183.33
1546153183.36
1546153183.39
1546153183.43
1546153183.46
1546153183.49
1546153183.53
1546153183.56
1546153183.6
1546153183.63
1546153183.66
1546153183.69
1546153183.73
1546153183.76
1546153183.8
1546153183.83
1546153183.86
1546153183.9
1546153183.93
1546153183.96
1546153184.0
1546153184.03
1546153184.06
1546153184.1
1546153184.13
1546153184.16
1546153184.2
1546153184.23
1546153184.26
1546153184.3
1546153184.33
1546153184.36
1546153184.4
1546153184.43
1546153184.46
1546153184.5
1546153184.53
1546153184.56
1546153184.6
1546153184.63
1546153184.66
1546153184.7
1546153184.73
1546153184.76
1546153184.8
1546153184.83
1546153184.86
1546153184.9
1546153184.93
1546153184.96
1546153185.0
1546153185.03
1546153185.07
1546153185.1
1546153185.13
1546153185.16
1546153185.2
1546153185.23
1546153185.27
1546153185.3
1546153185.33
1546153185.37
1546153185.39
1546153185.42
1546153185.46
1546153185.49
1546153185.52
1546153185.56
1546153185.59
1546153185.62
1546153185.66
1546153185.69
1546153185.72
1546153185.76
1546153185.79
1546153185.82
1546153185.86
1546153185.89
1546153185.92
1546153185.96
1546153185.99
1546153186.02
1546153186.06
1546153186.09
1546153186.12
1546153186.16
1546153186.19
1546153186.22
1546153186.26
1546153186.29
1546153186.32
1546153186.36
1546153186.39
1546153186.42
1546153186.46
1546153186.49
1546153186.52
1546153186.56
1546153186.59
1546153186.62
1546153186.66
1546153186.69
1546153186.72
1546153186.76
1546153186.79
1546153186.82
1546153186.86
1546153186.89
1546153186.92
1546153186.96
1546153186.99
1546153187.02
1546153187.06
1546153187.09
1546153187.12
1546153187.16
1546153187.19
1546153187.22
1546153187.26
1546153187.29
1546153187.32
1546153187.36
1546153187.39
1546153187.42
1546153187.46
1546153187.49
1546153187.52
1546153187.56
1546153187.59
1546153187.62
1546153187.66
1546153187.69
1546153187.72
1546153187.76
1546153187.79
1546153187.82
1546153187.86
1546153187.89
1546153187.92
1546153187.96
1546153187.99
1546153188.02
1546153188.06
1546153188.09
1546153188.12
1546153188.16
1546153188.19
1546153188.22
1546153188.26
1546153188.29
1546153188.32
1546153188.36
1546153188.39
1546153188.42
1546153188.46
1546153188.49
1546153188.52
1546153188.56
1546153188.59
1546153188.62
1546153188.65
1546153188.69
1546153188.72
1546153188.76
1546153188.79
1546153188.82
1546153188.86
1546153188.89
1546153188.92
1546153188.96
1546153188.99
1546153189.02
1546153189.06
1546153189.09
1546153189.12
1546153189.16
1546153189.19
1546153189.22
1546153189.26
1546153189.29
1546153189.32
1546153189.36
1546153189.39
1546153189.42
1546153189.46
1546153189.49
1546153189.52
1546153189.56
1546153189.59
1546153189.62
1546153189.66
1546153189.69
1546153189.72
1546153189.76
1546153189.79
1546153189.82
1546153189.86
1546153189.89
1546153189.92
1546153189.96
1546153189.99
1546153190.02
1546153190.06
1546153190.09
1546153190.12
1546153190.15
1546153190.19
1546153190.22
1546153190.26
1546153190.29
1546153190.32
1546153190.36
1546153190.39
1546153190.42
1546153190.45
1546153190.49
1546153190.52
1546153190.56
1546153190.59
1546153190.62
1546153190.66
1546153190.69
1546153190.72
1546153190.76
1546153190.79
1546153190.82
1546153190.86
1546153190.89
1546153190.92
1546153190.96
1546153190.99
1546153191.02
1546153191.06
1546153191.09
1546153191.12
1546153191.16
1546153191.19
1546153191.22
1546153191.26
1546153191.29
1546153191.32
1546153191.36
1546153191.39
1546153191.42
1546153191.46
1546153191.49
1546153191.52
1546153191.56
1546153191.59
1546153191.62
1546153191.66
1546153191.69
1546153191.72
1546153191.76
1546153191.79
1546153191.82
1546153191.86
1546153191.89
1546153191.92
1546153191.96
1546153191.99
1546153192.02
1546153192.06
1546153192.09
1546153192.12
1546153192.16
1546153192.19
1546153192.22
1546153192.26
1546153192.29
1546153192.32
1546153192.36
1546153192.39
1546153192.42
1546153192.46
1546153192.49
1546153192.52
1546153192.56
1546153192.59
1546153192.62
1546153192.66
1546153192.69
1546153192.72
1546153192.76
1546153192.79
1546153192.82
1546153192.86
1546153192.89
1546153192.92
1546153192.96
1546153192.99
1546153193.02
1546153193.06
1546153193.09
1546153193.12
1546153193.16
1546153193.19
1546153193.22
1546153193.26
1546153193.29
1546153193.32
1546153193.36
1546153193.39
1546153193.42
1546153193.46
1546153193.49
1546153193.52
1546153193.56
1546153193.59
1546153193.62
1546153193.66
1546153193.69
1546153193.72
1546153193.76
1546153193.79
1546153193.82
1546153193.86
1546153193.89
1546153193.92
1546153193.96
1546153193.99
1546153194.02
1546153194.06
1546153194.09
1546153194.12
1546153194.16
1546153194.19
1546153194.22
1546153194.26
1546153194.29
1546153194.32
1546153194.36
1546153194.39
1546153194.42
1546153194.46
1546153194.49
1546153194.52
1546153194.56
1546153194.59
1546153194.62
1546153194.66
1546153194.69
1546153194.72
1546153194.76
1546153194.79
1546153194.82
1546153194.86
1546153194.89
1546153194.92
1546153194.96
1546153194.99
1546153195.02
1546153195.06
1546153195.09
1546153195.12
1546153195.16
1546153195.19
1546153195.22
1546153195.26
1546153195.29
1546153195.32
1546153195.36
1546153195.39
1546153195.42
1546153195.46
1546153195.49
1546153195.52
1546153195.56
1546153195.59
1546153195.62
1546153195.66
1546153195.69
1546153195.72
1546153195.76
1546153195.79
1546153195.82
1546153195.86
1546153195.89
1546153195.92
1546153195.96
1546153195.99
1546153196.03
1546153196.06
1546153196.09
1546153196.12
1546153196.16
1546153196.19
1546153196.22
1546153196.26
1546153196.29
1546153196.33
1546153196.36
1546153196.39
1546153196.42
1546153196.46
1546153196.49
1546153196.52
1546153196.56
1546153196.59
1546153196.62
1546153196.66
1546153196.69
1546153196.72
1546153196.76
1546153196.79
1546153196.83
1546153196.86
1546153196.89
1546153196.92
1546153196.96
1546153196.99
1546153197.03
1546153197.06
1546153197.09
1546153197.12
1546153197.16
1546153197.19
1546153197.22
1546153197.26
1546153197.29
1546153197.33
1546153197.36
1546153197.39
1546153197.42
1546153197.46
1546153197.49
1546153197.53
1546153197.56
1546153197.59
1546153197.62
1546153197.66
1546153197.69
1546153197.72
1546153197.76
1546153197.79
1546153197.82
1546153197.86
1546153197.89
1546153197.92
1546153197.96
1546153197.99
1546153198.02
1546153198.06
1546153198.09
1546153198.12
1546153198.16
1546153198.19
1546153198.22
1546153198.26
1546153198.29
1546153198.33
1546153198.36
1546153198.39
1546153198.42
1546153198.46
1546153198.49
1546153198.52
1546153198.56
1546153198.59
1546153198.62
1546153198.66
1546153198.69
1546153198.72
1546153198.76
1546153198.79
1546153198.82
1546153198.86
1546153198.89
1546153198.92
1546153198.96
1546153198.99
1546153199.02
1546153199.06
1546153199.09
1546153199.12
1546153199.16
1546153199.19
1546153199.22
1546153199.26
1546153199.29
1546153199.32
1546153199.36
1546153199.39
1546153199.42
1546153199.46
1546153199.49
1546153199.52
1546153199.56
1546153199.59
1546153199.62
1546153199.65
1546153199.69
1546153199.72
1546153199.75
1546153199.79
1546153199.82
1546153199.86
1546153199.89
1546153199.92
1546153199.95
1546153199.99
1546153200.02
1546153200.06
1546153200.09
1546153200.12
1546153200.15
1546153200.19
1546153200.22
1546153200.26
1546153200.29
1546153200.32
1546153200.36
1546153200.39
1546153200.42
1546153200.45
1546153200.49
1546153200.52
1546153200.55
1546153200.59
1546153200.62
1546153200.65
1546153200.69
1546153200.72
1546153200.75
1546153200.79
1546153200.82
1546153200.85
1546153200.89
1546153200.92
1546153200.95
1546153200.99
1546153201.02
1546153201.05
1546153201.09
1546153201.12
1546153201.15
1546153201.19
1546153201.22
1546153201.25
1546153201.29
1546153201.32
1546153201.35
1546153201.39
1546153201.42
1546153201.45
1546153201.49
1546153201.52
1546153201.55
1546153201.59
1546153201.62
1546153201.65
1546153201.69
1546153201.72
1546153201.75
1546153201.79
1546153201.82
1546153201.85
1546153201.88
1546153201.92
1546153201.95
1546153201.98
1546153202.02
1546153202.05
1546153202.09
1546153202.12
1546153202.15
1546153202.19
1546153202.22
1546153202.25
1546153202.29
1546153202.32
1546153202.35
1546153202.39
1546153202.42
1546153202.45
1546153202.49
1546153202.52
1546153202.55
1546153202.59
1546153202.62
1546153202.65
1546153202.69
1546153202.72
1546153202.75
1546153202.79
1546153202.82
1546153202.85
1546153202.89
1546153202.92
1546153202.95
1546153202.99
1546153203.02
1546153203.05
1546153203.09
1546153203.12
1546153203.15
1546153203.19
1546153203.22
1546153203.25
1546153203.29
1546153203.32
1546153203.35
1546153203.39
1546153203.42
1546153203.45
1546153203.49
1546153203.52
1546153203.55
1546153203.59
1546153203.62
1546153203.65
1546153203.69
1546153203.72
1546153203.75
1546153203.79
1546153203.82
1546153203.85
1546153203.89
1546153203.92
1546153203.95
1546153203.99
1546153204.02
1546153204.05
1546153204.09
1546153204.12
1546153204.15
1546153204.19
1546153204.22
1546153204.25
1546153204.29
1546153204.32
1546153204.35
1546153204.39
1546153204.42
1546153204.45
1546153204.49
1546153204.52
1546153204.56
1546153204.59
1546153204.62
1546153204.65
1546153204.69
1546153204.72
1546153204.75
1546153204.79
1546153204.82
1546153204.85
1546153204.89
1546153204.92
1546153204.95
1546153204.99
1546153205.02
1546153205.05
1546153205.09
1546153205.12
1546153205.15
1546153205.19
1546153205.22
1546153205.25
1546153205.29
1546153205.32
1546153205.36
1546153205.39
1546153205.42
1546153205.45
1546153205.49
1546153205.52
1546153205.56
1546153205.59
1546153205.62
1546153205.65
1546153205.69
1546153205.72
1546153205.76
1546153205.79
1546153205.82
1546153205.86
1546153205.89
1546153205.92
1546153205.96
1546153205.99
1546153206.02
1546153206.06
1546153206.09
1546153206.12
1546153206.15
1546153206.19
1546153206.22
1546153206.26
1546153206.29
1546153206.32
1546153206.36
1546153206.39
1546153206.42
1546153206.46
1546153206.49
1546153206.52
1546153206.56
1546153206.59
1546153206.62
1546153206.7
1546153206.72
1546153206.76
1546153206.79
1546153206.83
1546153206.86
1546153206.89
1546153206.92
1546153206.96
1546153206.99
1546153207.03
1546153207.06
1546153207.09
1546153207.13
1546153207.16
1546153207.19
1546153207.23
1546153207.26
1546153207.29
1546153207.33
1546153207.36
1546153207.39
1546153207.43
1546153207.46
1546153207.49
1546153207.53
1546153207.56
1546153207.59
1546153207.63
1546153207.66
1546153207.69
1546153207.73
1546153207.76
1546153207.79
1546153207.83
1546153207.86
1546153207.89
1546153207.93
1546153207.96
1546153207.99
1546153208.03
1546153208.06
1546153208.09
1546153208.13
1546153208.16
1546153208.19
1546153208.23
1546153208.26
1546153208.3
1546153208.33
1546153208.36
1546153208.4
1546153208.43
1546153208.46
1546153208.49
1546153208.53
1546153208.56
1546153208.6
1546153208.63
1546153208.66
1546153208.69
1546153208.73
1546153208.76
1546153208.8
1546153208.83
1546153208.86
1546153208.9
1546153208.93
1546153208.96
1546153209.0
1546153209.03
1546153209.06
1546153209.1
1546153209.13
1546153209.16
1546153209.2
1546153209.23
1546153209.26
1546153209.3
1546153209.33
1546153209.36
1546153209.39
1546153209.42
1546153209.46
1546153209.49
1546153209.52
1546153209.56
1546153209.59
1546153209.62
1546153209.66
1546153209.69
1546153209.72
1546153209.76
1546153209.79
1546153209.82
1546153209.86
1546153209.89
1546153209.92
1546153209.96
1546153209.99
1546153210.02
1546153210.06
1546153210.09
1546153210.12
1546153210.16
1546153210.19
1546153210.22
1546153210.26
1546153210.29
1546153210.32
1546153210.36
1546153210.39
1546153210.42
1546153210.46
1546153210.49
1546153210.52
1546153210.56
1546153210.59
1546153210.62
1546153210.66
1546153210.69
1546153210.72
1546153210.76
1546153210.79
1546153210.82
1546153210.86
1546153210.89
1546153210.92
1546153210.96
1546153210.99
1546153211.02
1546153211.06
1546153211.09
1546153211.12
1546153211.16
1546153211.19
1546153211.22
1546153211.26
1546153211.29
1546153211.32
1546153211.36
1546153211.39
1546153211.42
1546153211.46
1546153211.49
1546153211.52
1546153211.56
1546153211.59
1546153211.62
1546153211.66
1546153211.69
1546153211.72
1546153211.76
1546153211.79
1546153211.82
1546153211.86
1546153211.89
1546153211.92
1546153211.95
1546153211.99
1546153212.02
1546153212.06
1546153212.09
1546153212.12
1546153212.16
1546153212.19
1546153212.22
1546153212.26
1546153212.29
1546153212.32
1546153212.36
1546153212.39
1546153212.42
1546153212.46
1546153212.49
1546153212.52
1546153212.56
1546153212.59
1546153212.62
1546153212.66
1546153212.69
1546153212.72
1546153212.76
1546153212.79
1546153212.82
1546153212.86
1546153212.89
1546153212.92
1546153212.96
1546153212.99
1546153213.02
1546153213.06
1546153213.09
1546153213.12
1546153213.16
1546153213.19
1546153213.22
1546153213.26
1546153213.29
1546153213.32
1546153213.36
1546153213.39
1546153213.42
1546153213.45
1546153213.49
1546153213.52
1546153213.56
1546153213.59
1546153213.62
1546153213.66
1546153213.69
1546153213.72
1546153213.76
1546153213.79
1546153213.82
1546153213.86
1546153213.89
1546153213.92
1546153213.96
1546153213.99
1546153214.02
1546153214.06
1546153214.09
1546153214.12
1546153214.16
1546153214.19
1546153214.22
1546153214.26
1546153214.29
1546153214.32
1546153214.36
1546153214.39
1546153214.42
1546153214.46
1546153214.49
1546153214.52
1546153214.56
1546153214.59
1546153214.62
1546153214.66
1546153214.69
1546153214.72
1546153214.76
1546153214.79
1546153214.82
1546153214.86
1546153214.89
1546153214.92
1546153214.96
1546153214.99
1546153215.02
1546153215.06
1546153215.09
1546153215.12
1546153215.16
1546153215.19
1546153215.22
1546153215.26
1546153215.29
1546153215.32
1546153215.36
1546153215.39
1546153215.42
1546153215.46
1546153215.49
1546153215.52
1546153215.56
1546153215.59
1546153215.62
1546153215.66
1546153215.69
1546153215.72
1546153215.76
1546153215.79
1546153215.82
1546153215.86
1546153215.89
1546153215.92
1546153215.96
1546153215.99
1546153216.02
1546153216.06
1546153216.09
1546153216.12
1546153216.15
1546153216.19
1546153216.22
1546153216.26
1546153216.29
1546153216.32
1546153216.36
1546153216.39
1546153216.42
1546153216.46
1546153216.49
1546153216.52
1546153216.56
1546153216.59
1546153216.62
1546153216.66
1546153216.69
1546153216.72
1546153216.76
1546153216.79
1546153216.82
1546153216.86
1546153216.89
1546153216.92
1546153216.95
1546153216.99
1546153217.02
1546153217.06
1546153217.09
1546153217.12
1546153217.16
1546153217.19
1546153217.22
1546153217.26
1546153217.29
1546153217.32
1546153217.36
1546153217.39
1546153217.42
1546153217.46
1546153217.49
1546153217.52
1546153217.56
1546153217.59
1546153217.62
1546153217.65
1546153217.69
1546153217.72
1546153217.76
1546153217.79
1546153217.82
1546153217.86
1546153217.89
1546153217.92
1546153217.95
1546153217.99
1546153218.02
1546153218.06
1546153218.09
1546153218.12
1546153218.15
1546153218.19
1546153218.22
1546153218.26
1546153218.29
1546153218.32
1546153218.36
1546153218.39
1546153218.42
1546153218.45
1546153218.49
1546153218.52
1546153218.56
1546153218.59
1546153218.62
1546153218.65
1546153218.69
1546153218.72
1546153218.76
1546153218.79
1546153218.82
1546153218.86
1546153218.89
1546153218.92
1546153218.95
1546153218.99
1546153219.02
1546153219.06
1546153219.09
1546153219.12
1546153219.15
1546153219.19
1546153219.22
1546153219.25
1546153219.29
1546153219.32
1546153219.35
1546153219.39
1546153219.42
1546153219.45
1546153219.49
1546153219.52
1546153219.56
1546153219.59
1546153219.62
1546153219.65
1546153219.69
1546153219.72
1546153219.76
1546153219.79
1546153219.82
1546153219.86
1546153219.89
1546153219.92
1546153219.96
1546153219.99
1546153220.02
1546153220.06
1546153220.09
1546153220.12
1546153220.15
1546153220.19
1546153220.22
1546153220.26
1546153220.29
1546153220.32
1546153220.35
1546153220.39
1546153220.42
1546153220.45
1546153220.49
1546153220.52
1546153220.55
1546153220.59
1546153220.62
1546153220.65
1546153220.69
1546153220.72
1546153220.76
1546153220.79
1546153220.82
1546153220.86
1546153220.89
1546153220.92
1546153220.96
1546153220.99
1546153221.02
1546153221.06
1546153221.09
1546153221.12
1546153221.15
1546153221.19
1546153221.22
1546153221.26
1546153221.29
1546153221.32
1546153221.36
1546153221.39
1546153221.42
1546153221.45
1546153221.49
1546153221.52
1546153221.56
1546153221.59
1546153221.62
1546153221.66
1546153221.69
1546153221.72
1546153221.76
1546153221.79
1546153221.82
1546153221.86
1546153221.89
1546153221.92
1546153221.96
1546153221.99
1546153222.02
1546153222.06
1546153222.09
1546153222.12
1546153222.16
1546153222.19
1546153222.22
1546153222.26
1546153222.29
1546153222.32
1546153222.36
1546153222.39
1546153222.42
1546153222.46
1546153222.49
1546153222.52
1546153222.56
1546153222.59
1546153222.62
1546153222.66
1546153222.69
1546153222.72
1546153222.76
1546153222.79
1546153222.82
1546153222.86
1546153222.89
1546153222.92
1546153222.95
1546153222.99
1546153223.02
1546153223.06
1546153223.09
1546153223.12
1546153223.16
1546153223.19
1546153223.22
1546153223.26
1546153223.29
1546153223.32
1546153223.36
1546153223.39
1546153223.42
1546153223.46
1546153223.49
1546153223.52
1546153223.56
1546153223.59
1546153223.62
1546153223.66
1546153223.69
1546153223.72
1546153223.76
1546153223.79
1546153223.82
1546153223.86
1546153223.89
1546153223.92
1546153223.96
1546153223.99
1546153224.02
1546153224.06
1546153224.09
1546153224.12
1546153224.16
1546153224.19
1546153224.22
1546153224.26
1546153224.29
1546153224.32
1546153224.36
1546153224.39
1546153224.42
1546153224.46
1546153224.49
1546153224.52
1546153224.56
1546153224.59
1546153224.62
1546153224.66
1546153224.69
1546153224.72
1546153224.76
1546153224.79
1546153224.82
1546153224.86
1546153224.89
1546153224.92
1546153224.96
1546153224.99
1546153225.03
1546153225.06
1546153225.09
1546153225.13
1546153225.16
1546153225.19
1546153225.22
1546153225.26
1546153225.29
1546153225.33
1546153225.36
1546153225.39
1546153225.42
1546153225.46
1546153225.49
1546153225.53
1546153225.56
1546153225.59
1546153225.62
1546153225.66
1546153225.69
1546153225.72
1546153225.76
1546153225.79
1546153225.83
1546153225.86
1546153225.89
1546153225.93
1546153225.96
1546153225.99
1546153226.03
1546153226.06
1546153226.09
1546153226.12
1546153226.16
1546153226.19
1546153226.22
1546153226.26
1546153226.29
1546153226.33
1546153226.36
1546153226.39
1546153226.42
1546153226.46
1546153226.49
1546153226.53
1546153226.56
1546153226.59
1546153226.62
1546153226.66
1546153226.69
1546153226.72
1546153226.76
1546153226.79
1546153226.83
1546153226.86
1546153226.89
1546153226.93
1546153226.96
1546153226.99
1546153227.03
1546153227.06
1546153227.09
1546153227.13
1546153227.16
1546153227.19
1546153227.23
1546153227.26
1546153227.29
1546153227.33
1546153227.36
1546153227.39
1546153227.43
1546153227.46
1546153227.49
1546153227.53
1546153227.56
1546153227.59
1546153227.62
1546153227.66
1546153227.69
1546153227.72
1546153227.76
1546153227.79
1546153227.83
1546153227.86
1546153227.89
1546153227.92
1546153227.96
1546153227.99
1546153228.03
1546153228.06
1546153228.09
1546153228.13
1546153228.16
1546153228.19
1546153228.22
1546153228.26
1546153228.29
1546153228.33
1546153228.36
1546153228.39
1546153228.42
1546153228.46
1546153228.49
1546153228.53
1546153228.56
1546153228.59
1546153228.63
1546153228.66
1546153228.69
1546153228.73
1546153228.76
1546153228.79
1546153228.83
1546153228.86
1546153228.89
1546153228.93
1546153228.96
1546153228.99
1546153229.03
1546153229.06
1546153229.09
1546153229.13
1546153229.16
1546153229.19
1546153229.23
1546153229.26
1546153229.29
1546153229.33
1546153229.36
1546153229.39
1546153229.43
1546153229.46
1546153229.49
1546153229.53
1546153229.56
1546153229.6
1546153229.63
1546153229.66
1546153229.69
1546153229.73
1546153229.76
1546153229.8
1546153229.83
1546153229.86
1546153229.89
1546153229.93
1546153229.96
1546153229.99
1546153230.03
1546153230.06
1546153230.1
1546153230.13
1546153230.16
1546153230.2
1546153230.23
1546153230.26
1546153230.3
1546153230.33
1546153230.36
1546153230.39
1546153230.43
1546153230.46
1546153230.49
1546153230.53
1546153230.56
1546153230.6
1546153230.63
1546153230.66
1546153230.69
1546153230.73
1546153230.76
1546153230.8
1546153230.83
1546153230.86
1546153230.89
1546153230.93
1546153230.96
1546153230.99
1546153231.03
1546153231.06
1546153231.1
1546153231.13
1546153231.16
1546153231.19
1546153231.23
1546153231.26
1546153231.3
1546153231.33
1546153231.36
1546153231.39
1546153231.43
1546153231.46
1546153231.5
1546153231.53
1546153231.56
1546153231.6
1546153231.63
1546153231.66
1546153231.7
1546153231.73
1546153231.76
1546153231.8
1546153231.83
1546153231.86
1546153231.89
1546153231.93
1546153231.96
1546153232.0
1546153232.03
1546153232.06
1546153232.1
1546153232.13
1546153232.16
1546153232.2
1546153232.23
1546153232.26
1546153232.3
1546153232.33
1546153232.36
1546153232.4
1546153232.43
1546153232.46
1546153232.5
1546153232.53
1546153232.56
1546153232.6
1546153232.63
1546153232.66
1546153232.7
1546153232.73
1546153232.76
1546153232.8
1546153232.83
1546153232.86
1546153232.9
1546153232.93
1546153232.96
1546153233.0
1546153233.03
1546153233.06
1546153233.1
1546153233.13
1546153233.16
1546153233.19
1546153233.22
1546153233.26
1546153233.29
1546153233.32
1546153233.36
1546153233.39
1546153233.42
1546153233.46
1546153233.49
1546153233.52
1546153233.56
1546153233.59
1546153233.62
1546153233.66
1546153233.69
1546153233.72
1546153233.76
1546153233.79
1546153233.82
1546153233.86
1546153233.89
1546153233.92
1546153233.96
1546153233.99
1546153234.02
1546153234.06
1546153234.09
1546153234.12
1546153234.16
1546153234.19
1546153234.22
1546153234.26
1546153234.29
1546153234.32
1546153234.36
1546153234.39
1546153234.42
1546153234.46
1546153234.49
1546153234.52
1546153234.56
1546153234.59
1546153234.62
1546153234.66
1546153234.69
1546153234.72
1546153234.76
1546153234.79
1546153234.82
1546153234.86
1546153234.89
1546153234.92
1546153234.95
1546153234.99
1546153235.02
1546153235.06
1546153235.09
1546153235.12
1546153235.16
1546153235.19
1546153235.22
1546153235.26
1546153235.29
1546153235.32
1546153235.36
1546153235.39
1546153235.42
1546153235.45
1546153235.49
1546153235.52
1546153235.56
1546153235.59
1546153235.62
1546153235.65
1546153235.69
1546153235.72
1546153235.76
1546153235.79
1546153235.82
1546153235.86
1546153235.89
1546153235.92
1546153235.95
1546153235.99
1546153236.02
1546153236.06
1546153236.09
1546153236.12
1546153236.15
1546153236.19
1546153236.22
1546153236.26
1546153236.29
1546153236.32
1546153236.36
1546153236.39
1546153236.42
1546153236.45
1546153236.49
1546153236.52
1546153236.55
1546153236.59
1546153236.62
1546153236.65
1546153236.69
1546153236.72
1546153236.76
1546153236.79
1546153236.82
1546153236.86
1546153236.89
1546153236.92
1546153236.95
1546153236.99
1546153237.02
1546153237.06
1546153237.09
1546153237.12
1546153237.15
1546153237.19
1546153237.22
1546153237.26
1546153237.29
1546153237.32
1546153237.36
1546153237.39
1546153237.42
1546153237.46
1546153237.49
1546153237.52
1546153237.56
1546153237.59
1546153237.62
1546153237.65
1546153237.69
1546153237.72
1546153237.76
1546153237.79
1546153237.82
1546153237.85
1546153237.89
1546153237.92
1546153237.95
1546153237.99
1546153238.02
1546153238.06
1546153238.09
1546153238.12
1546153238.15
1546153238.19
1546153238.22
1546153238.25
1546153238.29
1546153238.32
1546153238.36
1546153238.39
1546153238.42
1546153238.45
1546153238.49
1546153238.52
1546153238.55
1546153238.59
1546153238.62
1546153238.65
1546153238.69
1546153238.72
1546153238.75
1546153238.79
1546153238.82
1546153238.85
1546153238.89
1546153238.92
1546153238.95
1546153238.99
1546153239.02
1546153239.05
1546153239.09
1546153239.12
1546153239.15
1546153239.19
1546153239.22
1546153239.25
1546153239.29
1546153239.32
1546153239.35
1546153239.39
1546153239.42
1546153239.45
1546153239.49
1546153239.52
1546153239.55
1546153239.59
1546153239.62
1546153239.65
1546153239.69
1546153239.72
1546153239.75
1546153239.79
1546153239.82
1546153239.85
1546153239.89
1546153239.92
1546153239.95
1546153239.99
1546153240.02
1546153240.05
1546153240.09
1546153240.12
1546153240.15
1546153240.19
1546153240.22
1546153240.25
1546153240.29
1546153240.32
1546153240.35
1546153240.39
1546153240.42
1546153240.45
1546153240.49
1546153240.52
1546153240.55
1546153240.59
1546153240.62
1546153240.65
1546153240.69
1546153240.72
1546153240.75
1546153240.79
1546153240.82
1546153240.85
1546153240.89
1546153240.92
1546153240.95
1546153240.99
1546153241.02
1546153241.05
1546153241.09
1546153241.12
1546153241.15
1546153241.19
1546153241.22
1546153241.25
1546153241.29
1546153241.32
1546153241.35
1546153241.39
1546153241.42
1546153241.45
1546153241.49
1546153241.52
1546153241.55
1546153241.59
1546153241.62
1546153241.65
1546153241.69
1546153241.72
1546153241.75
1546153241.79
1546153241.82
1546153241.85
1546153241.89
1546153241.92
1546153241.95
1546153241.98
1546153242.02
1546153242.05
1546153242.09
1546153242.12
1546153242.15
1546153242.18
1546153242.22
1546153242.25
1546153242.29
1546153242.32
1546153242.35
1546153242.39
1546153242.42
1546153242.45
1546153242.49
1546153242.52
1546153242.55
1546153242.59
1546153242.62
1546153242.65
1546153242.69
1546153242.72
1546153242.75
1546153242.79
1546153242.82
1546153242.85
1546153242.89
1546153242.92
1546153242.95
1546153242.99
1546153243.02
1546153243.05
1546153243.09
1546153243.12
1546153243.15
1546153243.19
1546153243.22
1546153243.25
1546153243.29
1546153243.32
1546153243.35
1546153243.39
1546153243.42
1546153243.45
1546153243.49
1546153243.52
1546153243.55
1546153243.59
1546153243.62
1546153243.65
1546153243.69
1546153243.72
1546153243.75
1546153243.79
1546153243.82
1546153243.85
1546153243.89
1546153243.92
1546153243.95
1546153243.99
1546153244.02
1546153244.05
1546153244.09
1546153244.12
1546153244.15
1546153244.19
1546153244.22
1546153244.25
1546153244.29
1546153244.32
1546153244.35
1546153244.39
1546153244.42
1546153244.45
1546153244.49
1546153244.52
1546153244.56
1546153244.59
1546153244.62
1546153244.65
1546153244.69
1546153244.72
1546153244.76
1546153244.79
1546153244.82
1546153244.86
1546153244.89
1546153244.92
1546153244.95
1546153244.99
1546153245.02
1546153245.06
1546153245.09
1546153245.12
1546153245.15
1546153245.19
1546153245.22
1546153245.26
1546153245.29
1546153245.32
1546153245.36
1546153245.39
1546153245.42
1546153245.45
1546153245.49
1546153245.52
1546153245.56
1546153245.59
1546153245.62
1546153245.65
1546153245.69
1546153245.72
1546153245.76
1546153245.79
1546153245.82
1546153245.86
1546153245.89
1546153245.92
1546153245.95
1546153245.99
1546153246.02
1546153246.05
1546153246.09
1546153246.12
1546153246.15
1546153246.19
1546153246.22
1546153246.25
1546153246.29
1546153246.32
1546153246.35
1546153246.39
1546153246.42
1546153246.45
1546153246.49
1546153246.52
1546153246.56
1546153246.59
1546153246.62
1546153246.65
1546153246.69
1546153246.72
1546153246.75
1546153246.79
1546153246.82
1546153246.85
1546153246.89
1546153246.92
1546153246.95
1546153246.99
1546153247.02
1546153247.05
1546153247.09
1546153247.12
1546153247.15
1546153247.19
1546153247.22
1546153247.26
1546153247.29
1546153247.32
1546153247.35
1546153247.39
1546153247.42
1546153247.45
1546153247.49
1546153247.52
1546153247.56
1546153247.59
1546153247.62
1546153247.65
1546153247.69
1546153247.72
1546153247.76
1546153247.79
1546153247.82
1546153247.85
1546153247.89
1546153247.92
1546153247.95
1546153247.99
1546153248.02
1546153248.05
1546153248.09
1546153248.12
1546153248.15
1546153248.19
1546153248.22
1546153248.25
1546153248.29
1546153248.32
1546153248.35
1546153248.38
1546153248.42
1546153248.45
1546153248.49
1546153248.52
1546153248.55
1546153248.59
1546153248.62
1546153248.65
1546153248.69
1546153248.72
1546153248.75
1546153248.79
1546153248.82
1546153248.85
1546153248.89
1546153248.92
1546153248.95
1546153248.98
1546153249.02
1546153249.05
1546153249.09
1546153249.12
1546153249.15
1546153249.18
1546153249.22
1546153249.25
1546153249.28
1546153249.32
1546153249.35
1546153249.38
1546153249.42
1546153249.45
1546153249.48
1546153249.52
1546153249.55
1546153249.59
1546153249.62
1546153249.65
1546153249.68
1546153249.72
1546153249.75
1546153249.79
1546153249.82
1546153249.85
1546153249.88
1546153249.92
1546153249.95
1546153249.98
1546153250.02
1546153250.05
1546153250.09
1546153250.12
1546153250.15
1546153250.19
1546153250.22
1546153250.25
1546153250.29
1546153250.32
1546153250.35
1546153250.39
1546153250.42
1546153250.45
1546153250.49
1546153250.52
1546153250.55
1546153250.59
1546153250.62
1546153250.65
1546153250.69
1546153250.72
1546153250.75
1546153250.79
1546153250.82
1546153250.85
1546153250.88
1546153250.92
1546153250.95
1546153250.98
1546153251.02
1546153251.05
1546153251.09
1546153251.12
1546153251.15
1546153251.18
1546153251.22
1546153251.25
1546153251.29
1546153251.32
1546153251.35
1546153251.39
1546153251.42
1546153251.45
1546153251.49
1546153251.52
1546153251.55
1546153251.59
1546153251.62
1546153251.65
1546153251.69
1546153251.72
1546153251.75
1546153251.79
1546153251.82
1546153251.85
1546153251.89
1546153251.92
1546153251.95
1546153251.99
1546153252.02
1546153252.05
1546153252.09
1546153252.12
1546153252.15
1546153252.19
1546153252.22
1546153252.25
1546153252.29
1546153252.32
1546153252.35
1546153252.39
1546153252.42
1546153252.45
1546153252.49
1546153252.52
1546153252.56
1546153252.59
1546153252.62
1546153252.65
1546153252.69
1546153252.72
1546153252.75
1546153252.79
1546153252.82
1546153252.85
1546153252.89
1546153252.92
1546153252.95
1546153252.99
1546153253.02
1546153253.06
1546153253.09
1546153253.12
1546153253.15
1546153253.19
1546153253.22
1546153253.26
1546153253.29
1546153253.32
1546153253.36
1546153253.39
1546153253.42
1546153253.45
1546153253.49
1546153253.52
1546153253.56
1546153253.59
1546153253.62
1546153253.65
1546153253.69
1546153253.72
1546153253.76
1546153253.79
1546153253.82
1546153253.86
1546153253.89
1546153253.92
1546153253.96
1546153253.99
1546153254.02
1546153254.06
1546153254.09
1546153254.12
1546153254.16
1546153254.19
1546153254.22
1546153254.26
1546153254.29
1546153254.32
1546153254.36
1546153254.39
1546153254.42
1546153254.46
1546153254.49
1546153254.52
1546153254.56
1546153254.59
1546153254.62
1546153254.66
1546153254.69
1546153254.72
1546153254.76
1546153254.79
1546153254.82
1546153254.86
1546153254.89
1546153254.92
1546153254.96
1546153254.99
1546153255.02
1546153255.06
1546153255.09
1546153255.12
1546153255.16
1546153255.19
1546153255.22
1546153255.26
1546153255.29
1546153255.33
1546153255.36
1546153255.39
1546153255.43
1546153255.46
1546153255.49
1546153255.53
1546153255.56
1546153255.59
1546153255.62
1546153255.66
1546153255.69
1546153255.73
1546153255.76
1546153255.79
1546153255.83
1546153255.86
1546153255.89
1546153255.93
1546153255.96
1546153255.99
1546153256.03
1546153256.06
1546153256.09
1546153256.12
1546153256.16
1546153256.19
1546153256.23
1546153256.26
1546153256.29
1546153256.33
1546153256.36
1546153256.39
1546153256.43
1546153256.46
1546153256.49
1546153256.53
1546153256.56
1546153256.59
1546153256.63
1546153256.66
1546153256.69
1546153256.73
1546153256.76
1546153256.79
1546153256.83
1546153256.86
1546153256.89
1546153256.92
1546153256.95
1546153256.98
1546153257.02
1546153257.05
1546153257.09
1546153257.12
1546153257.15
1546153257.18
1546153257.22
1546153257.25
1546153257.29
1546153257.32
1546153257.35
1546153257.38
1546153257.42
1546153257.45
1546153257.48
1546153257.52
1546153257.55
1546153257.59
1546153257.62
1546153257.65
1546153257.68
1546153257.72
1546153257.75
1546153257.79
1546153257.82
1546153257.85
1546153257.89
1546153257.92
1546153257.95
1546153257.99
1546153258.02
1546153258.05
1546153258.09
1546153258.12
1546153258.15
1546153258.19
1546153258.22
1546153258.25
1546153258.29
1546153258.32
1546153258.35
1546153258.38
1546153258.42
1546153258.45
1546153258.49
1546153258.52
1546153258.55
1546153258.59
1546153258.62
1546153258.65
1546153258.68
1546153258.72
1546153258.75
1546153258.78
1546153258.82
1546153258.85
1546153258.89
1546153258.92
1546153258.95
1546153258.99
1546153259.02
1546153259.05
1546153259.09
1546153259.12
1546153259.15
1546153259.19
1546153259.22
1546153259.25
1546153259.29
1546153259.32
1546153259.35
1546153259.39
1546153259.42
1546153259.45
1546153259.48
1546153259.52
1546153259.55
1546153259.59
1546153259.62
1546153259.65
1546153259.68
1546153259.72
1546153259.75
1546153259.79
1546153259.82
1546153259.85
1546153259.88
1546153259.92
1546153259.95
1546153259.98
1546153260.02
1546153260.05
1546153260.09
1546153260.12
1546153260.15
1546153260.18
1546153260.22
1546153260.25
1546153260.28
1546153260.32
1546153260.35
1546153260.38
1546153260.42
1546153260.45
1546153260.48
1546153260.52
1546153260.55
1546153260.59
1546153260.62
1546153260.65
1546153260.68
1546153260.72
1546153260.75
1546153260.79
1546153260.82
1546153260.85
1546153260.88
1546153260.92
1546153260.95
1546153260.98
1546153261.02
1546153261.05
1546153261.08
1546153261.12
1546153261.15
1546153261.18
1546153261.22
1546153261.25
1546153261.28
1546153261.32
1546153261.35
1546153261.38
1546153261.42
1546153261.45
1546153261.48
1546153261.52
1546153261.55
1546153261.59
1546153261.62
1546153261.65
1546153261.68
1546153261.72
1546153261.75
1546153261.79
1546153261.82
1546153261.85
1546153261.88
1546153261.92
1546153261.95
1546153261.98
1546153262.02
1546153262.05
1546153262.09
1546153262.12
1546153262.15
1546153262.18
1546153262.22
1546153262.25
1546153262.29
1546153262.32
1546153262.35
1546153262.38
1546153262.42
1546153262.45
1546153262.49
1546153262.52
1546153262.55
1546153262.59
1546153262.62
1546153262.65
1546153262.69
1546153262.72
1546153262.75
1546153262.79
1546153262.82
1546153262.85
1546153262.89
1546153262.92
1546153262.95
1546153262.99
1546153263.02
1546153263.05
1546153263.09
1546153263.12
1546153263.15
1546153263.18
1546153263.22
1546153263.25
1546153263.29
1546153263.32
1546153263.35
1546153263.39
1546153263.42
1546153263.45
1546153263.48
1546153263.52
1546153263.55
1546153263.59
1546153263.62
1546153263.65
1546153263.68
1546153263.72
1546153263.75
1546153263.79
1546153263.82
1546153263.85
1546153263.89
1546153263.92
1546153263.95
1546153263.98
1546153264.02
1546153264.05
1546153264.09
1546153264.12
1546153264.15
1546153264.19
1546153264.22
1546153264.25
1546153264.29
1546153264.32
1546153264.35
1546153264.39
1546153264.42
1546153264.45
1546153264.49
1546153264.52
1546153264.55
1546153264.59
1546153264.62
1546153264.65
1546153264.68
1546153264.72
1546153264.75
1546153264.79
1546153264.82
1546153264.85
1546153264.89
1546153264.92
1546153264.95
1546153264.98
1546153265.02
1546153265.05
1546153265.09
1546153265.12
1546153265.15
1546153265.18
1546153265.22
1546153265.25
1546153265.29
1546153265.32
1546153265.35
1546153265.39
1546153265.42
1546153265.45
1546153265.49
1546153265.52
1546153265.55
1546153265.59
1546153265.62
1546153265.65
1546153265.69
1546153265.72
1546153265.75
1546153265.79
1546153265.82
1546153265.85
1546153265.88
1546153265.92
1546153265.95
1546153265.98
1546153266.02
1546153266.05
1546153266.09
1546153266.12
1546153266.15
1546153266.18
1546153266.22
1546153266.25
1546153266.29
1546153266.32
1546153266.35
1546153266.39
1546153266.42
1546153266.45
1546153266.49
1546153266.52
1546153266.55
1546153266.59
1546153266.62
1546153266.65
1546153266.69
1546153266.72
1546153266.75
1546153266.79
1546153266.82
1546153266.85
1546153266.89
1546153266.92
1546153266.95
1546153266.98
1546153267.02
1546153267.05
1546153267.09
1546153267.12
1546153267.15
1546153267.18
1546153267.22
1546153267.25
1546153267.29
1546153267.32
1546153267.35
1546153267.38
1546153267.42
1546153267.45
1546153267.49
1546153267.52
1546153267.55
1546153267.59
1546153267.62
1546153267.65
1546153267.68
1546153267.72
1546153267.75
1546153267.79
1546153267.82
1546153267.85
1546153267.88
1546153267.92
1546153267.95
1546153267.98
1546153268.02
1546153268.05
1546153268.09
1546153268.12
1546153268.15
1546153268.18
1546153268.22
1546153268.25
1546153268.29
1546153268.32
1546153268.35
1546153268.38
1546153268.42
1546153268.45
1546153268.48
1546153268.52
1546153268.55
1546153268.59
1546153268.62
1546153268.65
1546153268.69
1546153268.72
1546153268.75
1546153268.79
1546153268.82
1546153268.85
1546153268.88
1546153268.92
1546153268.95
1546153268.98
1546153269.02
1546153269.05
1546153269.09
1546153269.12
1546153269.15
1546153269.18
1546153269.22
1546153269.25
1546153269.29
1546153269.32
1546153269.35
1546153269.38
1546153269.42
1546153269.45
1546153269.48
1546153269.52
1546153269.55
1546153269.58
1546153269.62
1546153269.65
1546153269.68
1546153269.72
1546153269.75
1546153269.79
1546153269.82
1546153269.85
1546153269.88
1546153269.92
1546153269.95
1546153269.98
1546153270.02
1546153270.05
