1546230168.66
1546230168.8
1546230168.84
1546230168.87
1546230168.9
1546230168.92
1546230168.95
1546230168.99
1546230169.02
1546230169.05
1546230169.08
1546230169.12
1546230169.15
1546230169.18
1546230169.22
1546230169.25
1546230169.28
1546230169.32
1546230169.35
1546230169.38
1546230169.42
1546230169.45
1546230169.48
1546230169.52
1546230169.55
1546230169.58
1546230169.62
1546230169.65
1546230169.68
1546230169.72
1546230169.75
1546230169.78
1546230169.82
1546230169.85
1546230169.88
1546230169.92
1546230169.95
1546230169.98
1546230170.02
1546230170.05
1546230170.08
1546230170.12
1546230170.15
1546230170.18
1546230170.22
1546230170.25
1546230170.28
1546230170.32
1546230170.35
1546230170.38
1546230170.42
1546230170.45
1546230170.48
1546230170.52
1546230170.55
1546230170.58
1546230170.62
1546230170.65
1546230170.68
1546230170.72
1546230170.75
1546230170.78
1546230170.82
1546230170.85
1546230170.88
1546230170.92
1546230170.95
1546230170.98
1546230171.02
1546230171.05
1546230171.08
1546230171.12
1546230171.15
1546230171.18
1546230171.22
1546230171.25
1546230171.28
1546230171.32
1546230171.35
1546230171.38
1546230171.42
1546230171.45
1546230171.48
1546230171.52
1546230171.55
1546230171.58
1546230171.62
1546230171.65
1546230171.68
1546230171.72
1546230171.75
1546230171.78
1546230171.82
1546230171.85
1546230171.88
1546230171.92
1546230171.95
1546230171.98
1546230172.02
1546230172.05
1546230172.08
1546230172.12
1546230172.15
1546230172.18
1546230172.22
1546230172.25
1546230172.28
1546230172.32
1546230172.35
1546230172.38
1546230172.42
1546230172.45
1546230172.48
1546230172.52
1546230172.55
1546230172.58
1546230172.62
1546230172.65
1546230172.68
1546230172.72
1546230172.75
1546230172.78
1546230172.82
1546230172.85
1546230172.88
1546230172.91
1546230172.95
1546230172.98
1546230173.02
1546230173.05
1546230173.08
1546230173.12
1546230173.15
1546230173.18
1546230173.22
1546230173.25
1546230173.28
1546230173.32
1546230173.35
1546230173.38
1546230173.42
1546230173.45
1546230173.48
1546230173.52
1546230173.55
1546230173.58
1546230173.62
1546230173.65
1546230173.68
1546230173.71
1546230173.75
1546230173.78
1546230173.82
1546230173.85
1546230173.88
1546230173.91
1546230173.95
1546230173.98
1546230174.01
1546230174.05
1546230174.08
1546230174.12
1546230174.15
1546230174.18
1546230174.21
1546230174.25
1546230174.28
1546230174.32
1546230174.35
1546230174.38
1546230174.41
1546230174.45
1546230174.48
1546230174.52
1546230174.55
1546230174.58
1546230174.62
1546230174.65
1546230174.68
1546230174.72
1546230174.75
1546230174.78
1546230174.82
1546230174.85
1546230174.88
1546230174.91
1546230174.95
1546230174.98
1546230175.02
1546230175.05
1546230175.08
1546230175.11
1546230175.15
1546230175.18
1546230175.21
1546230175.25
1546230175.28
1546230175.31
1546230175.35
1546230175.38
1546230175.41
1546230175.45
1546230175.48
1546230175.52
1546230175.55
1546230175.58
1546230175.62
1546230175.65
1546230175.68
1546230175.71
1546230175.75
1546230175.78
1546230175.82
1546230175.85
1546230175.88
1546230175.91
1546230175.95
1546230175.98
1546230176.02
1546230176.05
1546230176.08
1546230176.11
1546230176.15
1546230176.18
1546230176.21
1546230176.25
1546230176.28
1546230176.32
1546230176.35
1546230176.38
1546230176.41
1546230176.45
1546230176.48
1546230176.51
1546230176.55
1546230176.58
1546230176.62
1546230176.65
1546230176.68
1546230176.71
1546230176.75
1546230176.78
1546230176.81
1546230176.85
1546230176.88
1546230176.91
1546230176.95
1546230176.98
1546230177.01
1546230177.05
1546230177.08
1546230177.11
1546230177.15
1546230177.18
1546230177.21
1546230177.25
1546230177.28
1546230177.32
1546230177.35
1546230177.38
1546230177.41
1546230177.45
1546230177.48
1546230177.51
1546230177.55
1546230177.58
1546230177.61
1546230177.65
1546230177.68
1546230177.71
1546230177.75
1546230177.78
1546230177.82
1546230177.85
1546230177.88
1546230177.92
1546230177.95
1546230177.98
1546230178.02
1546230178.05
1546230178.08
1546230178.12
1546230178.15
1546230178.18
1546230178.22
1546230178.25
1546230178.28
1546230178.32
1546230178.35
1546230178.38
1546230178.42
1546230178.45
1546230178.48
1546230178.52
1546230178.55
1546230178.58
1546230178.62
1546230178.65
1546230178.68
1546230178.72
1546230178.75
1546230178.78
1546230178.82
1546230178.85
1546230178.88
1546230178.92
1546230178.95
1546230178.98
1546230179.02
1546230179.05
1546230179.08
1546230179.12
1546230179.15
1546230179.18
1546230179.22
1546230179.25
1546230179.29
1546230179.32
1546230179.35
1546230179.38
1546230179.42
1546230179.45
1546230179.49
1546230179.52
1546230179.55
1546230179.59
1546230179.62
1546230179.65
1546230179.68
1546230179.72
1546230179.75
1546230179.79
1546230179.82
1546230179.85
1546230179.88
1546230179.92
1546230179.95
1546230179.99
1546230180.02
1546230180.05
1546230180.09
1546230180.12
1546230180.15
1546230180.19
1546230180.22
1546230180.25
1546230180.29
1546230180.32
1546230180.35
1546230180.39
1546230180.42
1546230180.45
1546230180.49
1546230180.52
1546230180.55
1546230180.59
1546230180.62
1546230180.65
1546230180.69
1546230180.72
1546230180.75
1546230180.79
1546230180.82
1546230180.85
1546230180.89
1546230180.92
1546230180.95
1546230180.99
1546230181.02
1546230181.05
1546230181.09
1546230181.12
1546230181.15
1546230181.19
1546230181.22
1546230181.25
1546230181.28
1546230181.31
1546230181.35
1546230181.38
1546230181.41
1546230181.44
1546230181.48
1546230181.51
1546230181.55
1546230181.58
1546230181.61
1546230181.65
1546230181.68
1546230181.71
1546230181.75
1546230181.78
1546230181.81
1546230181.85
1546230181.88
1546230181.91
1546230181.95
1546230181.98
1546230182.01
1546230182.05
1546230182.08
1546230182.11
1546230182.14
1546230182.18
1546230182.21
1546230182.24
1546230182.28
1546230182.31
1546230182.35
1546230182.38
1546230182.41
1546230182.45
1546230182.48
1546230182.51
1546230182.54
1546230182.58
1546230182.61
1546230182.64
1546230182.68
1546230182.71
1546230182.74
1546230182.78
1546230182.81
1546230182.85
1546230182.88
1546230182.91
1546230182.94
1546230182.98
1546230183.01
1546230183.05
1546230183.08
1546230183.11
1546230183.14
1546230183.18
1546230183.21
1546230183.24
1546230183.28
1546230183.31
1546230183.34
1546230183.38
1546230183.41
1546230183.44
1546230183.48
1546230183.51
1546230183.55
1546230183.58
1546230183.61
1546230183.65
1546230183.68
1546230183.71
1546230183.74
1546230183.78
1546230183.81
1546230183.85
1546230183.88
1546230183.91
1546230183.94
1546230183.98
1546230184.01
1546230184.05
1546230184.08
1546230184.11
1546230184.14
1546230184.18
1546230184.21
1546230184.24
1546230184.28
1546230184.31
1546230184.35
1546230184.38
1546230184.41
1546230184.44
1546230184.48
1546230184.51
1546230184.55
1546230184.58
1546230184.61
1546230184.65
1546230184.68
1546230184.71
1546230184.75
1546230184.78
1546230184.81
1546230184.85
1546230184.88
1546230184.91
1546230184.95
1546230184.98
1546230185.01
1546230185.05
1546230185.08
1546230185.11
1546230185.15
1546230185.18
1546230185.21
1546230185.25
1546230185.28
1546230185.31
1546230185.35
1546230185.38
1546230185.41
1546230185.45
1546230185.48
1546230185.51
1546230185.55
1546230185.58
1546230185.61
1546230185.65
1546230185.68
1546230185.71
1546230185.75
1546230185.78
1546230185.81
1546230185.85
1546230185.88
1546230185.91
1546230185.95
1546230185.98
1546230186.01
1546230186.05
1546230186.08
1546230186.11
1546230186.14
1546230186.18
1546230186.21
1546230186.24
1546230186.28
1546230186.31
1546230186.35
1546230186.38
1546230186.41
1546230186.45
1546230186.48
1546230186.51
1546230186.55
1546230186.58
1546230186.61
1546230186.65
1546230186.68
1546230186.71
1546230186.75
1546230186.78
1546230186.81
1546230186.85
1546230186.88
1546230186.91
1546230186.95
1546230186.98
1546230187.01
1546230187.05
1546230187.08
1546230187.11
1546230187.15
1546230187.18
1546230187.21
1546230187.24
1546230187.28
1546230187.31
1546230187.35
1546230187.38
1546230187.41
1546230187.45
1546230187.48
1546230187.51
1546230187.55
1546230187.58
1546230187.61
1546230187.65
1546230187.68
1546230187.71
1546230187.75
1546230187.78
1546230187.81
1546230187.85
1546230187.88
1546230187.91
1546230187.94
1546230187.98
1546230188.01
1546230188.05
1546230188.08
1546230188.11
1546230188.14
1546230188.18
1546230188.21
1546230188.25
1546230188.28
1546230188.31
1546230188.35
1546230188.38
1546230188.41
1546230188.45
1546230188.48
1546230188.51
1546230188.55
1546230188.58
1546230188.61
1546230188.65
1546230188.68
1546230188.71
1546230188.75
1546230188.78
1546230188.81
1546230188.85
1546230188.88
1546230188.91
1546230188.95
1546230188.98
1546230189.01
1546230189.05
1546230189.08
1546230189.11
1546230189.15
1546230189.18
1546230189.21
1546230189.25
1546230189.28
1546230189.31
1546230189.35
1546230189.38
1546230189.41
1546230189.45
1546230189.48
1546230189.51
1546230189.55
1546230189.58
1546230189.61
1546230189.65
1546230189.68
1546230189.71
1546230189.75
1546230189.78
1546230189.81
1546230189.85
1546230189.88
1546230189.91
1546230189.95
1546230189.98
1546230190.01
1546230190.05
1546230190.08
1546230190.11
1546230190.15
1546230190.18
1546230190.21
1546230190.24
1546230190.28
1546230190.31
1546230190.35
1546230190.38
1546230190.41
1546230190.44
1546230190.48
1546230190.51
1546230190.55
1546230190.58
1546230190.61
1546230190.64
1546230190.68
1546230190.71
1546230190.74
1546230190.78
1546230190.81
1546230190.85
1546230190.88
1546230190.91
1546230190.95
1546230190.98
1546230191.01
1546230191.04
1546230191.08
1546230191.11
1546230191.14
1546230191.18
1546230191.21
1546230191.24
1546230191.28
1546230191.31
1546230191.35
1546230191.38
1546230191.41
1546230191.44
1546230191.48
1546230191.51
1546230191.55
1546230191.58
1546230191.61
1546230191.65
1546230191.68
1546230191.71
1546230191.75
1546230191.78
1546230191.81
1546230191.85
1546230191.88
1546230191.91
1546230191.94
1546230191.98
1546230192.01
1546230192.04
1546230192.08
1546230192.11
1546230192.14
1546230192.18
1546230192.21
1546230192.24
1546230192.28
1546230192.31
1546230192.35
1546230192.38
1546230192.41
1546230192.44
1546230192.48
1546230192.51
1546230192.55
1546230192.58
1546230192.61
1546230192.65
1546230192.68
1546230192.71
1546230192.75
1546230192.78
1546230192.81
1546230192.85
1546230192.88
1546230192.91
1546230192.94
1546230192.98
1546230193.01
1546230193.05
1546230193.08
1546230193.11
1546230193.14
1546230193.18
1546230193.21
1546230193.25
1546230193.28
1546230193.31
1546230193.35
1546230193.38
1546230193.41
1546230193.44
1546230193.48
1546230193.51
1546230193.55
1546230193.58
1546230193.61
1546230193.64
1546230193.68
1546230193.71
1546230193.75
1546230193.78
1546230193.81
1546230193.85
1546230193.88
1546230193.91
1546230193.95
1546230193.98
1546230194.01
1546230194.05
1546230194.08
1546230194.11
1546230194.15
1546230194.18
1546230194.21
1546230194.24
1546230194.28
1546230194.31
1546230194.35
1546230194.38
1546230194.41
1546230194.44
1546230194.48
1546230194.51
1546230194.55
1546230194.58
1546230194.61
1546230194.64
1546230194.68
1546230194.71
1546230194.75
1546230194.78
1546230194.81
1546230194.85
1546230194.88
1546230194.91
1546230194.95
1546230194.98
1546230195.01
1546230195.05
1546230195.08
1546230195.11
1546230195.14
1546230195.18
1546230195.21
1546230195.24
1546230195.28
1546230195.31
1546230195.35
1546230195.38
1546230195.41
1546230195.44
1546230195.48
1546230195.51
1546230195.55
1546230195.58
1546230195.61
1546230195.64
1546230195.68
1546230195.71
1546230195.74
1546230195.78
1546230195.81
1546230195.85
1546230195.88
1546230195.91
1546230195.95
1546230195.98
1546230196.01
1546230196.05
1546230196.08
1546230196.11
1546230196.14
1546230196.18
1546230196.21
1546230196.24
1546230196.28
1546230196.31
1546230196.35
1546230196.38
1546230196.41
1546230196.44
1546230196.48
1546230196.51
1546230196.54
1546230196.58
1546230196.61
1546230196.64
1546230196.68
1546230196.71
1546230196.74
1546230196.78
1546230196.81
1546230196.84
1546230196.88
1546230196.91
1546230196.94
1546230196.98
1546230197.01
1546230197.04
1546230197.08
1546230197.11
1546230197.14
1546230197.18
1546230197.21
1546230197.24
1546230197.28
1546230197.31
1546230197.34
1546230197.38
1546230197.41
1546230197.44
1546230197.48
1546230197.51
1546230197.54
1546230197.58
1546230197.61
1546230197.64
1546230197.68
1546230197.71
1546230197.74
1546230197.78
1546230197.81
1546230197.84
1546230197.88
1546230197.91
1546230197.94
1546230197.98
1546230198.01
1546230198.05
1546230198.08
1546230198.11
1546230198.14
1546230198.18
1546230198.21
1546230198.24
1546230198.28
1546230198.31
1546230198.34
1546230198.38
1546230198.41
1546230198.44
1546230198.48
1546230198.51
1546230198.54
1546230198.58
1546230198.61
1546230198.64
1546230198.68
1546230198.71
1546230198.74
1546230198.78
1546230198.81
1546230198.84
1546230198.88
1546230198.91
1546230198.94
1546230198.98
1546230199.01
1546230199.04
1546230199.08
1546230199.11
1546230199.14
1546230199.18
1546230199.21
1546230199.24
1546230199.28
1546230199.31
1546230199.34
1546230199.38
1546230199.41
1546230199.44
1546230199.48
1546230199.51
1546230199.54
1546230199.58
1546230199.61
1546230199.64
1546230199.68
1546230199.71
1546230199.74
1546230199.78
1546230199.81
1546230199.84
1546230199.88
1546230199.91
1546230199.94
1546230199.98
1546230200.01
1546230200.04
1546230200.08
1546230200.11
1546230200.14
1546230200.18
1546230200.21
1546230200.24
1546230200.28
1546230200.31
1546230200.35
1546230200.38
1546230200.41
1546230200.44
1546230200.48
1546230200.51
1546230200.55
1546230200.58
1546230200.61
1546230200.64
1546230200.68
1546230200.71
1546230200.74
1546230200.78
1546230200.81
1546230200.85
1546230200.88
1546230200.91
1546230200.94
1546230200.98
1546230201.01
1546230201.04
1546230201.08
1546230201.11
1546230201.14
1546230201.18
1546230201.21
1546230201.24
1546230201.28
1546230201.31
1546230201.34
1546230201.38
1546230201.41
1546230201.44
1546230201.48
1546230201.51
1546230201.54
1546230201.58
1546230201.61
1546230201.64
1546230201.68
1546230201.71
1546230201.74
1546230201.78
1546230201.81
1546230201.85
1546230201.88
1546230201.91
1546230201.95
1546230201.98
1546230202.01
1546230202.05
1546230202.08
1546230202.11
1546230202.15
1546230202.18
1546230202.21
1546230202.24
1546230202.28
1546230202.31
1546230202.35
1546230202.38
1546230202.41
1546230202.45
1546230202.48
1546230202.51
1546230202.55
1546230202.58
1546230202.61
1546230202.64
1546230202.68
1546230202.71
1546230202.74
1546230202.78
1546230202.81
1546230202.85
1546230202.88
1546230202.91
1546230202.94
1546230202.98
1546230203.01
1546230203.05
1546230203.08
1546230203.11
1546230203.15
1546230203.18
1546230203.21
1546230203.25
1546230203.28
1546230203.31
1546230203.35
1546230203.38
1546230203.41
1546230203.45
1546230203.48
1546230203.51
1546230203.55
1546230203.58
1546230203.61
1546230203.65
1546230203.68
1546230203.71
1546230203.75
1546230203.78
1546230203.81
1546230203.85
1546230203.88
1546230203.91
1546230203.95
1546230203.98
1546230204.02
1546230204.05
1546230204.08
1546230204.11
1546230204.15
1546230204.18
1546230204.21
1546230204.25
1546230204.28
1546230204.32
1546230204.35
1546230204.38
1546230204.41
1546230204.45
1546230204.48
1546230204.52
1546230204.55
1546230204.58
1546230204.62
1546230204.65
1546230204.68
1546230204.71
1546230204.74
1546230204.78
1546230204.81
1546230204.84
1546230204.88
1546230204.91
1546230204.94
1546230204.98
1546230205.01
1546230205.04
1546230205.07
1546230205.11
1546230205.14
1546230205.17
1546230205.21
1546230205.24
1546230205.27
1546230205.31
1546230205.34
1546230205.37
1546230205.41
1546230205.44
1546230205.47
1546230205.51
1546230205.54
1546230205.58
1546230205.61
1546230205.64
1546230205.67
1546230205.71
1546230205.74
1546230205.78
1546230205.81
1546230205.84
1546230205.88
1546230205.91
1546230205.94
1546230205.98
1546230206.01
1546230206.04
1546230206.08
1546230206.11
1546230206.14
1546230206.18
1546230206.21
1546230206.24
1546230206.28
1546230206.31
1546230206.34
1546230206.37
1546230206.41
1546230206.44
1546230206.47
1546230206.51
1546230206.54
1546230206.58
1546230206.61
1546230206.64
1546230206.67
1546230206.71
1546230206.74
1546230206.78
1546230206.81
1546230206.84
1546230206.87
1546230206.91
1546230206.94
1546230206.97
1546230207.01
1546230207.04
1546230207.08
1546230207.11
1546230207.14
1546230207.17
1546230207.21
1546230207.24
1546230207.27
1546230207.31
1546230207.34
1546230207.37
1546230207.41
1546230207.44
1546230207.47
1546230207.51
1546230207.54
1546230207.57
1546230207.61
1546230207.64
1546230207.67
1546230207.71
1546230207.74
1546230207.77
1546230207.81
1546230207.84
1546230207.87
1546230207.91
1546230207.94
1546230207.97
1546230208.01
1546230208.04
1546230208.07
1546230208.11
1546230208.14
1546230208.17
1546230208.2
1546230208.24
1546230208.27
1546230208.31
1546230208.34
1546230208.37
1546230208.41
1546230208.44
1546230208.47
1546230208.51
1546230208.54
1546230208.57
1546230208.61
1546230208.64
1546230208.67
1546230208.71
1546230208.74
1546230208.77
1546230208.81
1546230208.84
1546230208.87
1546230208.91
1546230208.94
1546230208.97
1546230209.01
1546230209.04
1546230209.07
1546230209.11
1546230209.14
1546230209.17
1546230209.21
1546230209.24
1546230209.27
1546230209.31
1546230209.34
1546230209.37
1546230209.41
1546230209.44
1546230209.47
1546230209.51
1546230209.54
1546230209.57
1546230209.61
1546230209.64
1546230209.67
1546230209.71
1546230209.74
1546230209.77
1546230209.81
1546230209.84
1546230209.87
1546230209.91
1546230209.94
1546230209.97
1546230210.01
1546230210.04
1546230210.07
1546230210.11
1546230210.14
1546230210.17
1546230210.2
1546230210.24
1546230210.27
1546230210.31
1546230210.34
1546230210.37
1546230210.41
1546230210.44
1546230210.47
1546230210.51
1546230210.54
1546230210.57
1546230210.61
1546230210.64
1546230210.67
1546230210.71
1546230210.74
1546230210.77
1546230210.81
1546230210.84
1546230210.87
1546230210.9
1546230210.94
1546230210.97
1546230211.01
1546230211.04
1546230211.07
1546230211.11
1546230211.14
1546230211.17
1546230211.21
1546230211.24
1546230211.27
1546230211.31
1546230211.34
1546230211.37
1546230211.41
1546230211.44
1546230211.47
1546230211.51
1546230211.54
1546230211.57
1546230211.61
1546230211.64
1546230211.67
1546230211.71
1546230211.74
1546230211.77
1546230211.81
1546230211.84
1546230211.87
1546230211.91
1546230211.94
1546230211.97
1546230212.01
1546230212.04
1546230212.07
1546230212.11
1546230212.14
1546230212.17
1546230212.21
1546230212.24
1546230212.27
1546230212.31
1546230212.34
1546230212.37
1546230212.4
1546230212.44
1546230212.47
1546230212.51
1546230212.54
1546230212.57
1546230212.61
1546230212.64
1546230212.67
1546230212.7
1546230212.74
1546230212.77
1546230212.81
1546230212.84
1546230212.87
1546230212.91
1546230212.94
1546230212.97
1546230213.01
1546230213.04
1546230213.07
1546230213.11
1546230213.14
1546230213.17
1546230213.2
1546230213.24
1546230213.27
1546230213.3
1546230213.34
1546230213.37
1546230213.4
1546230213.44
1546230213.47
1546230213.51
1546230213.54
1546230213.57
1546230213.61
1546230213.64
1546230213.67
1546230213.7
1546230213.74
1546230213.77
1546230213.8
1546230213.84
1546230213.87
1546230213.9
1546230213.94
1546230213.97
1546230214.01
1546230214.04
1546230214.07
1546230214.1
1546230214.14
1546230214.17
1546230214.2
1546230214.24
1546230214.27
1546230214.3
1546230214.34
1546230214.37
1546230214.4
1546230214.44
1546230214.47
1546230214.5
1546230214.54
1546230214.57
1546230214.6
1546230214.64
1546230214.67
1546230214.7
1546230214.74
1546230214.77
1546230214.8
1546230214.84
1546230214.87
1546230214.9
1546230214.94
1546230214.97
1546230215.0
1546230215.04
1546230215.07
1546230215.1
1546230215.14
1546230215.17
1546230215.2
1546230215.24
1546230215.27
1546230215.3
1546230215.34
1546230215.37
1546230215.4
1546230215.44
1546230215.47
1546230215.5
1546230215.54
1546230215.57
1546230215.6
1546230215.64
1546230215.67
1546230215.7
1546230215.74
1546230215.77
1546230215.8
1546230215.84
1546230215.87
1546230215.9
1546230215.93
1546230215.97
1546230216.0
1546230216.04
1546230216.07
1546230216.1
1546230216.14
1546230216.17
1546230216.2
1546230216.24
1546230216.27
1546230216.3
1546230216.34
1546230216.37
1546230216.4
1546230216.43
1546230216.47
1546230216.5
1546230216.54
1546230216.57
1546230216.6
1546230216.63
1546230216.67
1546230216.7
1546230216.73
1546230216.77
1546230216.8
1546230216.83
1546230216.87
1546230216.9
1546230216.93
1546230216.97
1546230217.0
1546230217.04
1546230217.07
1546230217.1
1546230217.13
1546230217.17
1546230217.2
1546230217.23
1546230217.27
1546230217.3
1546230217.33
1546230217.37
1546230217.4
1546230217.43
1546230217.47
1546230217.5
1546230217.53
1546230217.57
1546230217.6
1546230217.63
1546230217.67
1546230217.7
1546230217.73
1546230217.77
1546230217.8
1546230217.83
1546230217.87
1546230217.9
1546230217.93
1546230217.97
1546230218.0
1546230218.03
1546230218.07
1546230218.1
1546230218.13
1546230218.17
1546230218.2
1546230218.23
1546230218.27
1546230218.3
1546230218.33
1546230218.37
1546230218.4
1546230218.43
1546230218.47
1546230218.5
1546230218.54
1546230218.57
1546230218.6
1546230218.63
1546230218.67
1546230218.7
1546230218.73
1546230218.77
1546230218.8
1546230218.83
1546230218.87
1546230218.9
1546230218.93
1546230218.97
1546230219.0
1546230219.04
1546230219.07
1546230219.1
1546230219.13
1546230219.17
1546230219.2
1546230219.23
1546230219.27
1546230219.3
1546230219.33
1546230219.37
1546230219.4
1546230219.43
1546230219.47
1546230219.5
1546230219.53
1546230219.57
1546230219.6
1546230219.63
1546230219.67
1546230219.7
1546230219.73
1546230219.77
1546230219.8
1546230219.83
1546230219.87
1546230219.9
1546230219.93
1546230219.97
1546230220.0
1546230220.03
1546230220.07
1546230220.1
1546230220.13
1546230220.17
1546230220.2
1546230220.23
1546230220.27
1546230220.3
1546230220.33
1546230220.37
1546230220.4
1546230220.43
1546230220.47
1546230220.5
1546230220.53
1546230220.57
1546230220.6
1546230220.63
1546230220.67
1546230220.7
1546230220.73
1546230220.77
1546230220.8
1546230220.83
1546230220.87
1546230220.9
1546230220.93
1546230220.97
1546230221.0
1546230221.03
1546230221.07
1546230221.1
1546230221.13
1546230221.17
1546230221.2
1546230221.23
1546230221.27
1546230221.3
1546230221.34
1546230221.37
1546230221.4
1546230221.43
1546230221.47
1546230221.5
1546230221.54
1546230221.57
1546230221.6
1546230221.63
1546230221.67
1546230221.7
1546230221.73
1546230221.77
1546230221.8
1546230221.83
1546230221.87
1546230221.9
1546230221.93
1546230221.97
1546230222.0
1546230222.03
1546230222.07
1546230222.1
1546230222.13
1546230222.17
1546230222.2
1546230222.23
1546230222.27
1546230222.3
1546230222.33
1546230222.37
1546230222.4
1546230222.43
1546230222.47
1546230222.5
1546230222.54
1546230222.57
1546230222.6
1546230222.63
1546230222.67
1546230222.7
1546230222.73
1546230222.77
1546230222.8
1546230222.83
1546230222.87
1546230222.9
1546230222.93
1546230222.97
1546230223.0
1546230223.03
1546230223.07
1546230223.1
1546230223.13
1546230223.17
1546230223.2
1546230223.23
1546230223.27
1546230223.3
1546230223.33
1546230223.37
1546230223.4
1546230223.43
1546230223.47
1546230223.5
1546230223.53
1546230223.57
1546230223.6
1546230223.63
1546230223.67
1546230223.7
1546230223.73
1546230223.77
1546230223.8
1546230223.84
1546230223.87
1546230223.9
1546230223.93
1546230223.97
1546230224.0
1546230224.03
1546230224.07
1546230224.1
1546230224.13
1546230224.17
1546230224.2
1546230224.23
1546230224.27
1546230224.3
1546230224.34
1546230224.37
1546230224.4
1546230224.43
1546230224.47
1546230224.5
1546230224.54
1546230224.57
1546230224.6
1546230224.63
1546230224.67
1546230224.7
1546230224.73
1546230224.77
1546230224.8
1546230224.84
1546230224.87
1546230224.9
1546230224.93
1546230224.97
1546230225.0
1546230225.04
1546230225.07
1546230225.1
1546230225.14
1546230225.17
1546230225.2
1546230225.24
1546230225.27
1546230225.3
1546230225.34
1546230225.37
1546230225.4
1546230225.44
1546230225.47
1546230225.5
1546230225.54
1546230225.57
1546230225.6
1546230225.63
1546230225.67
1546230225.7
1546230225.73
1546230225.77
1546230225.8
1546230225.84
1546230225.87
1546230225.9
1546230225.94
1546230225.97
1546230226.0
1546230226.04
1546230226.07
1546230226.1
1546230226.13
1546230226.17
1546230226.2
1546230226.24
1546230226.27
1546230226.3
1546230226.34
1546230226.37
1546230226.4
1546230226.44
1546230226.47
1546230226.5
1546230226.54
1546230226.57
1546230226.6
1546230226.64
1546230226.67
1546230226.7
1546230226.74
1546230226.77
1546230226.8
1546230226.84
1546230226.87
1546230226.9
1546230226.94
1546230226.97
1546230227.0
1546230227.04
1546230227.07
1546230227.1
1546230227.14
1546230227.17
1546230227.2
1546230227.24
1546230227.27
1546230227.3
1546230227.34
1546230227.37
1546230227.4
1546230227.44
1546230227.47
1546230227.5
1546230227.54
1546230227.57
1546230227.6
1546230227.64
1546230227.67
1546230227.7
1546230227.74
1546230227.77
1546230227.8
1546230227.84
1546230227.87
1546230227.9
1546230227.94
1546230227.97
1546230228.0
1546230228.03
1546230228.06
1546230228.1
1546230228.13
1546230228.16
1546230228.2
1546230228.23
1546230228.26
1546230228.3
1546230228.33
1546230228.36
1546230228.4
1546230228.43
1546230228.46
1546230228.5
1546230228.53
1546230228.56
1546230228.6
1546230228.63
1546230228.66
1546230228.69
1546230228.73
1546230228.76
1546230228.8
1546230228.83
1546230228.86
1546230228.89
1546230228.93
1546230228.96
1546230229.0
1546230229.03
1546230229.06
1546230229.1
1546230229.13
1546230229.16
1546230229.2
1546230229.23
1546230229.26
1546230229.3
1546230229.33
1546230229.36
1546230229.4
1546230229.43
1546230229.46
1546230229.5
1546230229.53
1546230229.56
1546230229.6
1546230229.63
1546230229.66
1546230229.7
1546230229.73
1546230229.76
1546230229.8
1546230229.83
1546230229.86
1546230229.9
1546230229.93
1546230229.96
1546230230.0
1546230230.03
1546230230.06
1546230230.1
1546230230.13
1546230230.16
1546230230.2
1546230230.23
1546230230.26
1546230230.3
1546230230.33
1546230230.36
1546230230.4
1546230230.43
1546230230.46
1546230230.5
1546230230.53
1546230230.56
1546230230.6
1546230230.63
1546230230.66
1546230230.7
1546230230.73
1546230230.76
1546230230.8
1546230230.83
1546230230.86
1546230230.9
1546230230.93
1546230230.96
1546230231.0
1546230231.03
1546230231.06
1546230231.1
1546230231.13
1546230231.16
1546230231.2
1546230231.23
1546230231.26
1546230231.3
1546230231.33
1546230231.36
1546230231.4
1546230231.43
1546230231.46
1546230231.5
1546230231.53
1546230231.56
1546230231.6
1546230231.63
1546230231.66
1546230231.7
1546230231.73
1546230231.76
1546230231.8
1546230231.83
1546230231.86
1546230231.9
1546230231.93
1546230231.96
1546230232.0
1546230232.03
1546230232.06
1546230232.1
1546230232.13
1546230232.16
1546230232.2
1546230232.23
1546230232.26
1546230232.3
1546230232.33
1546230232.36
1546230232.4
1546230232.43
1546230232.46
1546230232.5
1546230232.53
1546230232.56
1546230232.6
1546230232.63
1546230232.66
1546230232.7
1546230232.73
1546230232.76
1546230232.8
1546230232.83
1546230232.86
1546230232.9
1546230232.93
1546230232.96
1546230233.0
1546230233.03
1546230233.06
1546230233.1
1546230233.13
1546230233.16
1546230233.2
1546230233.23
1546230233.26
1546230233.3
1546230233.33
1546230233.36
1546230233.4
1546230233.43
1546230233.46
1546230233.5
1546230233.53
1546230233.56
1546230233.6
1546230233.63
1546230233.66
1546230233.7
1546230233.73
1546230233.76
1546230233.8
1546230233.83
1546230233.86
1546230233.9
1546230233.93
1546230233.96
1546230234.0
1546230234.03
1546230234.06
1546230234.1
1546230234.13
1546230234.16
1546230234.2
1546230234.23
1546230234.26
1546230234.3
1546230234.33
1546230234.36
1546230234.4
1546230234.43
1546230234.46
1546230234.5
1546230234.53
1546230234.56
1546230234.6
1546230234.63
1546230234.66
1546230234.7
1546230234.73
1546230234.76
1546230234.8
1546230234.83
1546230234.86
1546230234.9
1546230234.93
1546230234.96
1546230234.99
1546230235.03
1546230235.06
1546230235.1
1546230235.13
1546230235.16
1546230235.2
1546230235.23
1546230235.26
1546230235.3
1546230235.33
1546230235.36
1546230235.4
1546230235.43
1546230235.46
1546230235.49
1546230235.53
1546230235.56
1546230235.6
1546230235.63
1546230235.66
1546230235.69
1546230235.73
1546230235.76
1546230235.8
1546230235.83
1546230235.86
1546230235.89
1546230235.93
1546230235.96
1546230236.0
1546230236.03
1546230236.06
1546230236.1
1546230236.13
1546230236.16
1546230236.2
1546230236.23
1546230236.26
1546230236.29
1546230236.33
1546230236.36
1546230236.39
1546230236.43
1546230236.46
1546230236.5
1546230236.53
1546230236.56
1546230236.6
1546230236.63
1546230236.66
1546230236.69
1546230236.73
1546230236.76
1546230236.8
1546230236.83
1546230236.86
1546230236.89
1546230236.93
1546230236.96
1546230236.99
1546230237.03
1546230237.06
1546230237.1
1546230237.13
1546230237.16
1546230237.19
1546230237.23
1546230237.26
1546230237.29
1546230237.33
1546230237.36
1546230237.39
1546230237.43
1546230237.46
1546230237.49
1546230237.53
1546230237.56
1546230237.6
1546230237.63
1546230237.66
1546230237.69
1546230237.73
1546230237.76
1546230237.8
1546230237.83
1546230237.86
1546230237.89
1546230237.93
1546230237.96
1546230237.99
1546230238.03
1546230238.06
1546230238.1
1546230238.13
1546230238.16
1546230238.2
1546230238.23
1546230238.26
1546230238.3
1546230238.33
1546230238.36
1546230238.39
1546230238.43
1546230238.46
1546230238.5
1546230238.53
1546230238.56
1546230238.6
1546230238.63
1546230238.66
1546230238.69
1546230238.73
1546230238.76
1546230238.8
1546230238.83
1546230238.86
1546230238.9
1546230238.93
1546230238.96
1546230239.0
1546230239.03
1546230239.06
1546230239.1
1546230239.13
1546230239.16
1546230239.2
1546230239.23
1546230239.26
1546230239.3
1546230239.33
1546230239.36
1546230239.4
1546230239.43
1546230239.46
1546230239.5
1546230239.53
1546230239.56
1546230239.6
1546230239.63
1546230239.66
1546230239.7
1546230239.73
1546230239.76
1546230239.8
1546230239.83
1546230239.86
1546230239.9
1546230239.93
1546230239.96
1546230240.0
1546230240.03
1546230240.06
1546230240.1
1546230240.13
1546230240.16
1546230240.2
1546230240.23
1546230240.26
1546230240.3
1546230240.33
1546230240.36
1546230240.4
1546230240.43
1546230240.46
1546230240.5
1546230240.53
1546230240.56
1546230240.6
1546230240.63
1546230240.66
1546230240.7
1546230240.73
1546230240.77
1546230240.8
1546230240.83
1546230240.87
1546230240.9
1546230240.93
1546230240.96
1546230241.0
1546230241.03
1546230241.07
1546230241.1
1546230241.13
1546230241.16
1546230241.2
1546230241.23
1546230241.26
1546230241.3
1546230241.33
1546230241.36
1546230241.4
1546230241.43
1546230241.46
1546230241.5
1546230241.53
1546230241.57
1546230241.6
1546230241.63
1546230241.66
1546230241.7
1546230241.73
1546230241.77
1546230241.8
1546230241.83
1546230241.86
1546230241.9
1546230241.93
1546230241.96
1546230242.0
1546230242.03
1546230242.06
1546230242.1
1546230242.13
1546230242.16
1546230242.2
1546230242.23
1546230242.26
1546230242.3
1546230242.33
1546230242.36
1546230242.4
1546230242.43
1546230242.46
1546230242.5
1546230242.53
1546230242.56
1546230242.6
1546230242.63
1546230242.66
1546230242.7
1546230242.73
1546230242.76
1546230242.8
1546230242.83
1546230242.86
1546230242.9
1546230242.93
1546230242.96
1546230243.0
1546230243.03
1546230243.06
1546230243.1
1546230243.13
1546230243.16
1546230243.2
1546230243.23
1546230243.26
1546230243.3
1546230243.33
1546230243.36
1546230243.4
1546230243.43
1546230243.46
1546230243.5
1546230243.53
1546230243.56
1546230243.6
1546230243.63
1546230243.66
1546230243.7
1546230243.73
1546230243.76
1546230243.8
1546230243.83
1546230243.86
1546230243.89
1546230243.93
1546230243.96
1546230243.99
1546230244.03
1546230244.06
1546230244.1
1546230244.13
1546230244.16
1546230244.2
1546230244.23
1546230244.26
1546230244.29
1546230244.33
1546230244.36
1546230244.39
1546230244.43
1546230244.46
1546230244.49
1546230244.53
1546230244.56
1546230244.6
1546230244.63
1546230244.66
1546230244.69
1546230244.73
1546230244.76
1546230244.8
1546230244.83
1546230244.86
1546230244.89
1546230244.93
1546230244.96
1546230244.99
1546230245.03
1546230245.06
1546230245.1
1546230245.13
1546230245.16
1546230245.19
1546230245.23
1546230245.26
1546230245.3
1546230245.33
1546230245.36
1546230245.4
1546230245.43
1546230245.46
1546230245.5
1546230245.53
1546230245.56
1546230245.6
1546230245.63
1546230245.66
1546230245.69
1546230245.73
1546230245.76
1546230245.8
1546230245.83
1546230245.86
1546230245.89
1546230245.93
1546230245.96
1546230245.99
1546230246.03
1546230246.06
1546230246.09
1546230246.13
1546230246.16
1546230246.19
1546230246.23
1546230246.26
1546230246.3
1546230246.33
1546230246.36
1546230246.39
1546230246.43
1546230246.46
1546230246.5
1546230246.53
1546230246.56
1546230246.6
1546230246.63
1546230246.66
1546230246.7
1546230246.73
1546230246.76
1546230246.8
1546230246.83
1546230246.86
1546230246.9
1546230246.93
1546230246.96
1546230247.0
1546230247.03
1546230247.06
1546230247.1
1546230247.13
1546230247.16
1546230247.2
1546230247.23
1546230247.26
1546230247.3
1546230247.33
1546230247.36
1546230247.4
1546230247.43
1546230247.46
1546230247.5
1546230247.53
1546230247.56
1546230247.6
1546230247.63
1546230247.66
1546230247.7
1546230247.73
1546230247.76
1546230247.8
1546230247.83
1546230247.86
1546230247.9
1546230247.93
1546230247.96
1546230248.0
1546230248.03
1546230248.06
1546230248.1
1546230248.13
1546230248.16
1546230248.2
1546230248.23
1546230248.26
1546230248.3
1546230248.33
1546230248.37
1546230248.4
1546230248.43
1546230248.47
1546230248.5
1546230248.53
1546230248.57
1546230248.6
1546230248.63
1546230248.66
1546230248.7
1546230248.73
1546230248.77
1546230248.8
1546230248.83
1546230248.87
1546230248.9
1546230248.93
1546230248.97
1546230249.0
1546230249.03
1546230249.07
1546230249.1
1546230249.13
1546230249.17
1546230249.2
1546230249.23
1546230249.27
1546230249.3
1546230249.33
1546230249.37
1546230249.4
1546230249.43
1546230249.47
1546230249.5
1546230249.54
1546230249.57
1546230249.6
1546230249.63
1546230249.67
1546230249.7
1546230249.73
1546230249.77
1546230249.8
1546230249.83
1546230249.87
1546230249.9
1546230249.93
1546230249.97
1546230250.0
1546230250.04
1546230250.07
1546230250.1
1546230250.13
1546230250.17
1546230250.2
1546230250.23
1546230250.27
1546230250.3
1546230250.33
1546230250.37
1546230250.4
1546230250.44
1546230250.47
1546230250.5
1546230250.54
1546230250.57
1546230250.6
1546230250.64
1546230250.67
1546230250.7
1546230250.74
1546230250.77
1546230250.8
1546230250.84
1546230250.87
1546230250.9
1546230250.94
1546230250.97
1546230251.0
1546230251.04
1546230251.07
1546230251.1
1546230251.14
1546230251.17
1546230251.2
1546230251.23
1546230251.26
1546230251.3
1546230251.33
1546230251.36
1546230251.39
1546230251.43
1546230251.46
1546230251.49
1546230251.53
1546230251.56
1546230251.6
1546230251.63
1546230251.66
1546230251.69
1546230251.73
1546230251.76
1546230251.8
1546230251.83
1546230251.86
1546230251.9
1546230251.93
1546230251.96
1546230252.0
1546230252.03
1546230252.06
1546230252.1
1546230252.13
1546230252.16
1546230252.2
1546230252.23
1546230252.26
1546230252.3
1546230252.33
1546230252.36
1546230252.4
1546230252.43
1546230252.46
1546230252.49
1546230252.53
1546230252.56
1546230252.6
1546230252.63
1546230252.66
1546230252.69
1546230252.73
1546230252.76
1546230252.79
1546230252.83
1546230252.86
1546230252.89
1546230252.93
1546230252.96
1546230252.99
1546230253.03
1546230253.06
1546230253.1
1546230253.13
1546230253.16
1546230253.19
1546230253.23
1546230253.26
1546230253.29
1546230253.33
1546230253.36
1546230253.39
1546230253.43
1546230253.46
1546230253.49
1546230253.53
1546230253.56
1546230253.59
1546230253.63
1546230253.66
1546230253.69
1546230253.73
1546230253.76
1546230253.79
1546230253.83
1546230253.86
1546230253.89
1546230253.93
1546230253.96
1546230253.99
1546230254.03
1546230254.06
1546230254.09
1546230254.13
1546230254.16
1546230254.19
1546230254.23
1546230254.26
1546230254.29
1546230254.33
1546230254.36
1546230254.39
1546230254.43
1546230254.46
1546230254.49
1546230254.53
1546230254.56
1546230254.59
1546230254.63
1546230254.66
1546230254.69
1546230254.73
1546230254.76
1546230254.79
1546230254.83
1546230254.86
1546230254.89
1546230254.93
1546230254.96
1546230254.99
1546230255.03
1546230255.06
1546230255.09
1546230255.13
1546230255.16
1546230255.19
1546230255.23
1546230255.26
1546230255.29
1546230255.33
1546230255.36
1546230255.39
1546230255.43
1546230255.46
1546230255.49
1546230255.53
1546230255.56
1546230255.59
1546230255.63
1546230255.66
1546230255.69
1546230255.73
1546230255.76
1546230255.79
1546230255.83
1546230255.86
1546230255.89
1546230255.93
1546230255.96
1546230255.99
1546230256.03
1546230256.06
1546230256.09
1546230256.13
1546230256.16
1546230256.19
1546230256.23
1546230256.26
1546230256.29
1546230256.33
1546230256.36
1546230256.39
1546230256.43
1546230256.46
1546230256.49
1546230256.53
1546230256.56
1546230256.59
1546230256.63
1546230256.66
1546230256.69
1546230256.73
1546230256.76
1546230256.79
1546230256.83
1546230256.86
1546230256.89
1546230256.93
1546230256.96
1546230256.99
1546230257.03
1546230257.06
1546230257.09
1546230257.13
1546230257.16
1546230257.19
1546230257.23
1546230257.26
1546230257.29
1546230257.33
1546230257.36
1546230257.39
1546230257.42
1546230257.46
1546230257.49
1546230257.53
1546230257.56
1546230257.59
1546230257.63
1546230257.66
1546230257.69
1546230257.73
1546230257.76
1546230257.79
1546230257.83
1546230257.86
1546230257.89
1546230257.93
1546230257.96
1546230257.99
1546230258.03
1546230258.06
1546230258.09
1546230258.13
1546230258.16
1546230258.19
1546230258.23
1546230258.26
1546230258.29
1546230258.33
1546230258.36
1546230258.39
1546230258.43
1546230258.46
1546230258.49
1546230258.53
1546230258.56
1546230258.59
1546230258.63
1546230258.66
1546230258.69
1546230258.73
1546230258.76
1546230258.79
1546230258.83
1546230258.86
1546230258.89
1546230258.93
1546230258.96
1546230258.99
1546230259.03
1546230259.06
1546230259.09
1546230259.12
1546230259.16
1546230259.19
1546230259.22
1546230259.26
1546230259.29
1546230259.33
1546230259.36
1546230259.39
1546230259.42
1546230259.46
1546230259.49
1546230259.53
1546230259.56
1546230259.59
1546230259.62
1546230259.66
1546230259.69
1546230259.72
1546230259.76
1546230259.79
1546230259.83
1546230259.86
1546230259.89
1546230259.93
1546230259.96
1546230259.99
1546230260.03
1546230260.06
1546230260.09
1546230260.13
1546230260.16
1546230260.19
1546230260.23
1546230260.26
1546230260.29
1546230260.33
1546230260.36
1546230260.39
1546230260.43
1546230260.46
1546230260.49
1546230260.53
1546230260.56
1546230260.59
1546230260.63
1546230260.66
1546230260.69
1546230260.73
1546230260.76
1546230260.79
1546230260.83
1546230260.86
1546230260.89
1546230260.92
1546230260.96
1546230260.99
1546230261.03
1546230261.06
1546230261.09
1546230261.13
1546230261.16
1546230261.19
1546230261.23
1546230261.26
1546230261.29
1546230261.33
1546230261.36
1546230261.39
1546230261.43
1546230261.46
1546230261.49
1546230261.53
1546230261.56
1546230261.59
1546230261.63
1546230261.66
1546230261.69
1546230261.73
1546230261.76
1546230261.79
1546230261.83
1546230261.86
1546230261.89
1546230261.93
1546230261.96
1546230261.99
1546230262.03
1546230262.06
1546230262.09
1546230262.13
1546230262.16
1546230262.19
1546230262.23
1546230262.26
1546230262.29
1546230262.33
1546230262.36
1546230262.39
1546230262.43
1546230262.46
1546230262.49
1546230262.53
1546230262.56
1546230262.59
1546230262.63
1546230262.66
1546230262.69
1546230262.73
1546230262.76
1546230262.79
1546230262.83
1546230262.86
1546230262.89
1546230262.93
1546230262.96
1546230262.99
1546230263.03
1546230263.06
1546230263.09
1546230263.13
1546230263.16
1546230263.19
1546230263.23
1546230263.26
1546230263.29
1546230263.33
1546230263.36
1546230263.39
1546230263.43
1546230263.46
1546230263.49
1546230263.53
1546230263.56
1546230263.59
1546230263.63
1546230263.66
1546230263.69
1546230263.73
1546230263.76
1546230263.79
1546230263.83
1546230263.86
1546230263.89
1546230263.93
1546230263.96
1546230263.99
1546230264.03
1546230264.06
1546230264.09
1546230264.12
1546230264.16
1546230264.19
1546230264.22
1546230264.26
1546230264.29
1546230264.33
1546230264.36
1546230264.39
1546230264.43
1546230264.46
1546230264.49
1546230264.53
1546230264.56
1546230264.59
1546230264.63
1546230264.66
1546230264.69
1546230264.72
1546230264.76
1546230264.79
1546230264.83
1546230264.86
1546230264.89
1546230264.93
1546230264.96
1546230264.99
1546230265.03
1546230265.06
1546230265.09
1546230265.12
1546230265.16
1546230265.19
1546230265.22
1546230265.26
1546230265.29
1546230265.33
1546230265.36
1546230265.39
1546230265.42
1546230265.46
1546230265.49
1546230265.53
1546230265.56
1546230265.59
1546230265.63
1546230265.66
1546230265.69
1546230265.72
1546230265.76
1546230265.79
1546230265.83
1546230265.86
1546230265.89
1546230265.92
1546230265.96
1546230265.99
1546230266.02
1546230266.06
1546230266.09
1546230266.12
1546230266.16
1546230266.19
1546230266.22
1546230266.26
1546230266.29
1546230266.33
1546230266.36
1546230266.39
1546230266.43
1546230266.46
1546230266.49
1546230266.53
1546230266.56
1546230266.59
1546230266.62
1546230266.66
1546230266.69
1546230266.72
1546230266.76
1546230266.79
1546230266.82
1546230266.86
1546230266.89
1546230266.92
1546230266.96
1546230266.99
1546230267.02
1546230267.06
1546230267.09
1546230267.12
1546230267.16
1546230267.19
1546230267.22
1546230267.26
1546230267.29
1546230267.32
1546230267.36
1546230267.39
1546230267.42
1546230267.46
1546230267.49
1546230267.52
1546230267.56
1546230267.59
1546230267.62
1546230267.66
1546230267.69
1546230267.72
1546230267.76
1546230267.79
1546230267.82
1546230267.86
1546230267.89
1546230267.92
1546230267.96
1546230267.99
1546230268.02
1546230268.06
1546230268.09
1546230268.12
1546230268.16
1546230268.19
1546230268.22
1546230268.26
1546230268.29
1546230268.32
1546230268.36
1546230268.39
1546230268.42
1546230268.46
1546230268.49
1546230268.52
1546230268.56
1546230268.59
1546230268.62
1546230268.66
1546230268.69
1546230268.72
1546230268.76
1546230268.79
1546230268.82
1546230268.86
1546230268.89
1546230268.92
1546230268.96
1546230268.99
1546230269.02
1546230269.06
1546230269.09
1546230269.12
1546230269.16
1546230269.19
1546230269.22
1546230269.26
1546230269.29
1546230269.32
1546230269.36
1546230269.39
1546230269.42
1546230269.46
1546230269.49
1546230269.52
1546230269.56
1546230269.59
1546230269.62
1546230269.66
1546230269.69
1546230269.72
1546230269.76
1546230269.79
1546230269.82
1546230269.86
1546230269.89
1546230269.92
1546230269.96
1546230269.99
1546230270.02
1546230270.06
1546230270.09
1546230270.12
1546230270.16
1546230270.19
1546230270.22
1546230270.26
1546230270.29
1546230270.32
1546230270.36
1546230270.39
1546230270.42
1546230270.46
1546230270.49
1546230270.52
1546230270.56
1546230270.59
1546230270.62
1546230270.66
1546230270.69
1546230270.72
1546230270.76
1546230270.79
1546230270.82
1546230270.86
1546230270.89
1546230270.92
1546230270.96
1546230270.99
1546230271.02
1546230271.06
1546230271.09
1546230271.12
1546230271.16
1546230271.19
1546230271.22
1546230271.26
1546230271.29
1546230271.33
1546230271.36
1546230271.39
1546230271.42
1546230271.46
1546230271.49
1546230271.52
1546230271.56
1546230271.59
1546230271.62
1546230271.66
1546230271.69
1546230271.72
1546230271.76
1546230271.79
1546230271.82
1546230271.86
1546230271.89
1546230271.92
1546230271.96
1546230271.99
1546230272.03
1546230272.06
1546230272.09
1546230272.12
1546230272.16
1546230272.19
1546230272.22
1546230272.26
1546230272.29
1546230272.33
1546230272.36
1546230272.39
1546230272.42
1546230272.46
1546230272.49
1546230272.52
1546230272.56
1546230272.59
1546230272.62
1546230272.66
1546230272.69
1546230272.72
1546230272.76
1546230272.79
1546230272.83
1546230272.86
1546230272.89
1546230272.93
1546230272.96
1546230272.99
1546230273.03
1546230273.06
1546230273.09
1546230273.13
1546230273.16
1546230273.19
1546230273.22
1546230273.26
1546230273.29
1546230273.33
1546230273.36
1546230273.39
1546230273.43
1546230273.46
1546230273.49
1546230273.53
1546230273.56
1546230273.59
1546230273.63
1546230273.66
1546230273.69
