1546150149.4
1546150149.54
1546150149.58
1546150149.61
1546150149.63
1546150149.66
1546150149.69
1546150149.73
1546150149.76
1546150149.79
1546150149.82
1546150149.86
1546150149.89
1546150149.92
1546150149.96
1546150149.99
1546150150.02
1546150150.06
1546150150.09
1546150150.12
1546150150.16
1546150150.19
1546150150.22
1546150150.26
1546150150.29
1546150150.32
1546150150.36
1546150150.39
1546150150.42
1546150150.46
1546150150.49
1546150150.52
1546150150.56
1546150150.59
1546150150.62
1546150150.65
1546150150.69
1546150150.72
1546150150.76
1546150150.79
1546150150.82
1546150150.86
1546150150.89
1546150150.92
1546150150.95
1546150150.99
1546150151.02
1546150151.06
1546150151.09
1546150151.12
1546150151.15
1546150151.19
1546150151.22
1546150151.25
1546150151.29
1546150151.32
1546150151.36
1546150151.39
1546150151.42
1546150151.46
1546150151.49
1546150151.52
1546150151.56
1546150151.59
1546150151.62
1546150151.65
1546150151.69
1546150151.72
1546150151.76
1546150151.79
1546150151.82
1546150151.85
1546150151.89
1546150151.92
1546150151.95
1546150151.99
1546150152.02
1546150152.05
1546150152.09
1546150152.12
1546150152.15
1546150152.19
1546150152.22
1546150152.25
1546150152.29
1546150152.32
1546150152.35
1546150152.39
1546150152.42
1546150152.45
1546150152.49
1546150152.52
1546150152.56
1546150152.59
1546150152.62
1546150152.65
1546150152.69
1546150152.72
1546150152.75
1546150152.79
1546150152.82
1546150152.85
1546150152.89
1546150152.92
1546150152.95
1546150152.99
1546150153.02
1546150153.05
1546150153.09
1546150153.12
1546150153.15
1546150153.19
1546150153.22
1546150153.25
1546150153.29
1546150153.32
1546150153.35
1546150153.39
1546150153.42
1546150153.45
1546150153.49
1546150153.52
1546150153.55
1546150153.59
1546150153.62
1546150153.65
1546150153.68
1546150153.72
1546150153.75
1546150153.79
1546150153.82
1546150153.85
1546150153.88
1546150153.92
1546150153.95
1546150153.99
1546150154.02
1546150154.05
1546150154.08
1546150154.12
1546150154.15
1546150154.18
1546150154.22
1546150154.25
1546150154.28
1546150154.32
1546150154.35
1546150154.38
1546150154.42
1546150154.45
1546150154.48
1546150154.52
1546150154.55
1546150154.58
1546150154.62
1546150154.65
1546150154.68
1546150154.72
1546150154.75
1546150154.79
1546150154.82
1546150154.85
1546150154.88
1546150154.92
1546150154.95
1546150154.98
1546150155.02
1546150155.05
1546150155.08
1546150155.12
1546150155.15
1546150155.18
1546150155.22
1546150155.25
1546150155.28
1546150155.32
1546150155.35
1546150155.38
1546150155.42
1546150155.45
1546150155.48
1546150155.52
1546150155.55
1546150155.58
1546150155.62
1546150155.65
1546150155.68
1546150155.72
1546150155.75
1546150155.78
1546150155.82
1546150155.85
1546150155.88
1546150155.92
1546150155.95
1546150155.98
1546150156.02
1546150156.05
1546150156.08
1546150156.12
1546150156.15
1546150156.18
1546150156.22
1546150156.25
1546150156.28
1546150156.32
1546150156.35
1546150156.38
1546150156.42
1546150156.45
1546150156.48
1546150156.52
1546150156.55
1546150156.58
1546150156.62
1546150156.65
1546150156.68
1546150156.72
1546150156.75
1546150156.78
1546150156.82
1546150156.85
1546150156.88
1546150156.92
1546150156.95
1546150156.98
1546150157.02
1546150157.05
1546150157.08
1546150157.12
1546150157.15
1546150157.18
1546150157.22
1546150157.25
1546150157.28
1546150157.32
1546150157.35
1546150157.38
1546150157.42
1546150157.45
1546150157.48
1546150157.52
1546150157.55
1546150157.58
1546150157.62
1546150157.65
1546150157.68
1546150157.72
1546150157.75
1546150157.78
1546150157.82
1546150157.85
1546150157.88
1546150157.92
1546150157.95
1546150157.98
1546150158.02
1546150158.05
1546150158.08
1546150158.12
1546150158.15
1546150158.18
1546150158.22
1546150158.25
1546150158.28
1546150158.32
1546150158.35
1546150158.38
1546150158.42
1546150158.45
1546150158.48
1546150158.52
1546150158.55
1546150158.58
1546150158.62
1546150158.65
1546150158.68
1546150158.72
1546150158.75
1546150158.79
1546150158.82
1546150158.85
1546150158.89
1546150158.92
1546150158.95
1546150158.98
1546150159.02
1546150159.05
1546150159.08
1546150159.12
1546150159.15
1546150159.18
1546150159.22
1546150159.25
1546150159.29
1546150159.32
1546150159.35
1546150159.38
1546150159.42
1546150159.45
1546150159.48
1546150159.52
1546150159.55
1546150159.59
1546150159.62
1546150159.65
1546150159.68
1546150159.72
1546150159.75
1546150159.79
1546150159.82
1546150159.85
1546150159.88
1546150159.92
1546150159.95
1546150159.98
1546150160.02
1546150160.05
1546150160.09
1546150160.12
1546150160.15
1546150160.18
1546150160.22
1546150160.25
1546150160.29
1546150160.32
1546150160.35
1546150160.38
1546150160.42
1546150160.45
1546150160.48
1546150160.52
1546150160.55
1546150160.59
1546150160.62
1546150160.65
1546150160.69
1546150160.72
1546150160.75
1546150160.79
1546150160.82
1546150160.85
1546150160.89
1546150160.92
1546150160.95
1546150160.99
1546150161.02
1546150161.05
1546150161.09
1546150161.12
1546150161.15
1546150161.19
1546150161.22
1546150161.25
1546150161.29
1546150161.32
1546150161.35
1546150161.39
1546150161.42
1546150161.45
1546150161.49
1546150161.52
1546150161.55
1546150161.59
1546150161.62
1546150161.65
1546150161.69
1546150161.72
1546150161.75
1546150161.79
1546150161.82
1546150161.86
1546150161.89
1546150161.92
1546150161.95
1546150161.99
1546150162.02
1546150162.06
1546150162.09
1546150162.12
1546150162.15
1546150162.19
1546150162.22
1546150162.26
1546150162.29
1546150162.32
1546150162.35
1546150162.38
1546150162.41
1546150162.45
1546150162.48
1546150162.51
1546150162.55
1546150162.58
1546150162.61
1546150162.65
1546150162.68
1546150162.71
1546150162.75
1546150162.78
1546150162.82
1546150162.85
1546150162.88
1546150162.91
1546150162.95
1546150162.98
1546150163.01
1546150163.05
1546150163.08
1546150163.11
1546150163.15
1546150163.18
1546150163.21
1546150163.25
1546150163.28
1546150163.32
1546150163.35
1546150163.38
1546150163.41
1546150163.45
1546150163.48
1546150163.52
1546150163.55
1546150163.58
1546150163.62
1546150163.65
1546150163.68
1546150163.71
1546150163.75
1546150163.78
1546150163.82
1546150163.85
1546150163.88
1546150163.91
1546150163.95
1546150163.98
1546150164.01
1546150164.05
1546150164.08
1546150164.11
1546150164.15
1546150164.18
1546150164.21
1546150164.25
1546150164.28
1546150164.32
1546150164.35
1546150164.38
1546150164.42
1546150164.45
1546150164.48
1546150164.52
1546150164.55
1546150164.58
1546150164.62
1546150164.65
1546150164.68
1546150164.72
1546150164.75
1546150164.78
1546150164.81
1546150164.85
1546150164.88
1546150164.91
1546150164.95
1546150164.98
1546150165.01
1546150165.05
1546150165.08
1546150165.11
1546150165.15
1546150165.18
1546150165.21
1546150165.25
1546150165.28
1546150165.31
1546150165.35
1546150165.38
1546150165.41
1546150165.45
1546150165.48
1546150165.51
1546150165.55
1546150165.58
1546150165.61
1546150165.65
1546150165.68
1546150165.71
1546150165.75
1546150165.78
1546150165.81
1546150165.85
1546150165.88
1546150165.91
1546150165.95
1546150165.98
1546150166.01
1546150166.05
1546150166.08
1546150166.12
1546150166.15
1546150166.18
1546150166.21
1546150166.25
1546150166.28
1546150166.31
1546150166.35
1546150166.38
1546150166.41
1546150166.45
1546150166.48
1546150166.51
1546150166.55
1546150166.58
1546150166.61
1546150166.65
1546150166.68
1546150166.71
1546150166.75
1546150166.78
1546150166.81
1546150166.85
1546150166.88
1546150166.91
1546150166.95
1546150166.98
1546150167.01
1546150167.05
1546150167.08
1546150167.11
1546150167.15
1546150167.18
1546150167.21
1546150167.25
1546150167.28
1546150167.31
1546150167.35
1546150167.38
1546150167.41
1546150167.44
1546150167.48
1546150167.51
1546150167.55
1546150167.58
1546150167.61
1546150167.64
1546150167.68
1546150167.71
1546150167.75
1546150167.78
1546150167.81
1546150167.85
1546150167.88
1546150167.91
1546150167.94
1546150167.98
1546150168.01
1546150168.05
1546150168.08
1546150168.11
1546150168.15
1546150168.18
1546150168.21
1546150168.25
1546150168.28
1546150168.31
1546150168.35
1546150168.38
1546150168.41
1546150168.45
1546150168.48
1546150168.51
1546150168.55
1546150168.58
1546150168.61
1546150168.65
1546150168.68
1546150168.71
1546150168.75
1546150168.78
1546150168.81
1546150168.85
1546150168.88
1546150168.91
1546150168.95
1546150168.98
1546150169.01
1546150169.05
1546150169.08
1546150169.11
1546150169.15
1546150169.18
1546150169.21
1546150169.25
1546150169.28
1546150169.31
1546150169.35
1546150169.38
1546150169.41
1546150169.45
1546150169.48
1546150169.51
1546150169.55
1546150169.58
1546150169.61
1546150169.65
1546150169.68
1546150169.71
1546150169.75
1546150169.78
1546150169.81
1546150169.85
1546150169.88
1546150169.91
1546150169.95
1546150169.98
1546150170.01
1546150170.05
1546150170.08
1546150170.11
1546150170.14
1546150170.18
1546150170.21
1546150170.24
1546150170.28
1546150170.31
1546150170.35
1546150170.38
1546150170.41
1546150170.44
1546150170.48
1546150170.51
1546150170.55
1546150170.58
1546150170.61
1546150170.64
1546150170.68
1546150170.71
1546150170.75
1546150170.78
1546150170.81
1546150170.85
1546150170.88
1546150170.91
1546150170.94
1546150170.98
1546150171.01
1546150171.05
1546150171.08
1546150171.11
1546150171.14
1546150171.18
1546150171.21
1546150171.24
1546150171.28
1546150171.31
1546150171.35
1546150171.38
1546150171.41
1546150171.44
1546150171.48
1546150171.51
1546150171.54
1546150171.58
1546150171.61
1546150171.64
1546150171.68
1546150171.71
1546150171.74
1546150171.78
1546150171.81
1546150171.84
1546150171.88
1546150171.91
1546150171.94
1546150171.98
1546150172.01
1546150172.04
1546150172.08
1546150172.11
1546150172.14
1546150172.18
1546150172.21
1546150172.24
1546150172.28
1546150172.31
1546150172.34
1546150172.38
1546150172.41
1546150172.44
1546150172.48
1546150172.51
1546150172.54
1546150172.58
1546150172.61
1546150172.64
1546150172.68
1546150172.71
1546150172.74
1546150172.78
1546150172.81
1546150172.85
1546150172.88
1546150172.91
1546150172.94
1546150172.98
1546150173.01
1546150173.04
1546150173.08
1546150173.11
1546150173.14
1546150173.18
1546150173.21
1546150173.24
1546150173.28
1546150173.31
1546150173.34
1546150173.38
1546150173.41
1546150173.44
1546150173.48
1546150173.51
1546150173.54
1546150173.58
1546150173.61
1546150173.64
1546150173.68
1546150173.71
1546150173.74
1546150173.78
1546150173.81
1546150173.84
1546150173.88
1546150173.91
1546150173.94
1546150173.98
1546150174.01
1546150174.04
1546150174.08
1546150174.11
1546150174.14
1546150174.18
1546150174.21
1546150174.24
1546150174.28
1546150174.31
1546150174.34
1546150174.38
1546150174.41
1546150174.44
1546150174.48
1546150174.51
1546150174.54
1546150174.58
1546150174.61
1546150174.64
1546150174.68
1546150174.71
1546150174.74
1546150174.78
1546150174.81
1546150174.84
1546150174.88
1546150174.91
1546150174.94
1546150174.98
1546150175.01
1546150175.04
1546150175.08
1546150175.11
1546150175.14
1546150175.18
1546150175.21
1546150175.24
1546150175.28
1546150175.31
1546150175.34
1546150175.38
1546150175.41
1546150175.44
1546150175.48
1546150175.51
1546150175.54
1546150175.58
1546150175.61
1546150175.64
1546150175.67
1546150175.71
1546150175.74
1546150175.78
1546150175.81
1546150175.84
1546150175.88
1546150175.91
1546150175.94
1546150175.98
1546150176.01
1546150176.04
1546150176.07
1546150176.11
1546150176.14
1546150176.17
1546150176.21
1546150176.24
1546150176.28
1546150176.31
1546150176.34
1546150176.38
1546150176.41
1546150176.44
1546150176.48
1546150176.51
1546150176.54
1546150176.58
1546150176.61
1546150176.64
1546150176.67
1546150176.71
1546150176.74
1546150176.78
1546150176.81
1546150176.84
1546150176.88
1546150176.91
1546150176.94
1546150176.97
1546150177.01
1546150177.04
1546150177.07
1546150177.11
1546150177.14
1546150177.17
1546150177.21
1546150177.24
1546150177.28
1546150177.31
1546150177.34
1546150177.38
1546150177.41
1546150177.44
1546150177.47
1546150177.51
1546150177.54
1546150177.58
1546150177.61
1546150177.64
1546150177.68
1546150177.71
1546150177.74
1546150177.78
1546150177.81
1546150177.84
1546150177.88
1546150177.91
1546150177.94
1546150177.97
1546150178.01
1546150178.04
1546150178.08
1546150178.11
1546150178.14
1546150178.17
1546150178.21
1546150178.24
1546150178.28
1546150178.31
1546150178.34
1546150178.37
1546150178.41
1546150178.44
1546150178.47
1546150178.51
1546150178.54
1546150178.57
1546150178.61
1546150178.64
1546150178.67
1546150178.71
1546150178.74
1546150178.77
1546150178.81
1546150178.84
1546150178.87
1546150178.91
1546150178.94
1546150178.97
1546150179.01
1546150179.04
1546150179.07
1546150179.11
1546150179.14
1546150179.17
1546150179.21
1546150179.24
1546150179.27
1546150179.31
1546150179.34
1546150179.37
1546150179.4
1546150179.44
1546150179.47
1546150179.51
1546150179.54
1546150179.57
1546150179.61
1546150179.64
1546150179.67
1546150179.7
1546150179.74
1546150179.77
1546150179.81
1546150179.84
1546150179.87
1546150179.91
1546150179.94
1546150179.97
1546150180.01
1546150180.04
1546150180.07
1546150180.11
1546150180.14
1546150180.17
1546150180.21
1546150180.24
1546150180.27
1546150180.31
1546150180.34
1546150180.37
1546150180.41
1546150180.44
1546150180.47
1546150180.51
1546150180.54
1546150180.57
1546150180.61
1546150180.64
1546150180.67
1546150180.7
1546150180.74
1546150180.77
1546150180.81
1546150180.84
1546150180.87
1546150180.9
1546150180.94
1546150180.97
1546150181.01
1546150181.04
1546150181.07
1546150181.11
1546150181.14
1546150181.17
1546150181.21
1546150181.24
1546150181.27
1546150181.31
1546150181.34
1546150181.37
1546150181.41
1546150181.44
1546150181.47
1546150181.51
1546150181.54
1546150181.57
1546150181.61
1546150181.64
1546150181.67
1546150181.71
1546150181.74
1546150181.77
1546150181.81
1546150181.84
1546150181.88
1546150181.91
1546150181.94
1546150181.97
1546150182.01
1546150182.04
1546150182.08
1546150182.11
1546150182.14
1546150182.18
1546150182.21
1546150182.24
1546150182.28
1546150182.31
1546150182.34
1546150182.38
1546150182.41
1546150182.44
1546150182.47
1546150182.51
1546150182.54
1546150182.58
1546150182.61
1546150182.64
1546150182.67
1546150182.71
1546150182.74
1546150182.78
1546150182.81
1546150182.84
1546150182.88
1546150182.91
1546150182.94
1546150182.98
1546150183.01
1546150183.04
1546150183.08
1546150183.11
1546150183.14
1546150183.17
1546150183.21
1546150183.24
1546150183.28
1546150183.31
1546150183.34
1546150183.38
1546150183.41
1546150183.44
1546150183.48
1546150183.51
1546150183.54
1546150183.58
1546150183.61
1546150183.64
1546150183.67
1546150183.71
1546150183.74
1546150183.78
1546150183.81
1546150183.84
1546150183.88
1546150183.91
1546150183.94
1546150183.98
1546150184.01
1546150184.04
1546150184.08
1546150184.11
1546150184.14
1546150184.18
1546150184.21
1546150184.24
1546150184.28
1546150184.31
1546150184.34
1546150184.38
1546150184.41
1546150184.44
1546150184.48
1546150184.51
1546150184.54
1546150184.58
1546150184.61
1546150184.64
1546150184.68
1546150184.71
1546150184.74
1546150184.78
1546150184.81
1546150184.84
1546150184.88
1546150184.91
1546150184.94
1546150184.98
1546150185.01
1546150185.04
1546150185.08
1546150185.11
1546150185.14
1546150185.18
1546150185.21
1546150185.24
1546150185.28
1546150185.31
1546150185.35
1546150185.38
1546150185.41
1546150185.44
1546150185.48
1546150185.51
1546150185.55
1546150185.58
1546150185.61
1546150185.65
1546150185.68
1546150185.71
1546150185.74
1546150185.78
1546150185.81
1546150185.85
1546150185.88
1546150185.91
1546150185.94
1546150185.98
1546150186.01
1546150186.05
1546150186.08
1546150186.11
1546150186.14
1546150186.18
1546150186.21
1546150186.25
1546150186.28
1546150186.31
1546150186.35
1546150186.38
1546150186.41
1546150186.44
1546150186.47
1546150186.51
1546150186.54
1546150186.57
1546150186.61
1546150186.64
1546150186.67
1546150186.71
1546150186.74
1546150186.77
1546150186.81
1546150186.84
1546150186.87
1546150186.91
1546150186.94
1546150186.97
1546150187.01
1546150187.04
1546150187.07
1546150187.11
1546150187.14
1546150187.17
1546150187.21
1546150187.24
1546150187.27
1546150187.31
1546150187.34
1546150187.37
1546150187.41
1546150187.44
1546150187.47
1546150187.51
1546150187.54
1546150187.57
1546150187.61
1546150187.64
1546150187.67
1546150187.7
1546150187.74
1546150187.77
1546150187.81
1546150187.84
1546150187.87
1546150187.91
1546150187.94
1546150187.97
1546150188.01
1546150188.04
1546150188.07
1546150188.11
1546150188.14
1546150188.17
1546150188.21
1546150188.24
1546150188.27
1546150188.31
1546150188.34
1546150188.37
1546150188.41
1546150188.44
1546150188.47
1546150188.51
1546150188.54
1546150188.57
1546150188.61
1546150188.64
1546150188.67
1546150188.7
1546150188.74
1546150188.77
1546150188.81
1546150188.84
1546150188.87
1546150188.9
1546150188.94
1546150188.97
1546150189.01
1546150189.04
1546150189.07
1546150189.11
1546150189.14
1546150189.17
1546150189.2
1546150189.24
1546150189.27
1546150189.3
1546150189.34
1546150189.37
1546150189.4
1546150189.44
1546150189.47
1546150189.5
1546150189.54
1546150189.57
1546150189.61
1546150189.64
1546150189.67
1546150189.7
1546150189.74
1546150189.77
1546150189.8
1546150189.84
1546150189.87
1546150189.9
1546150189.94
1546150189.97
1546150190.0
1546150190.04
1546150190.07
1546150190.1
1546150190.14
1546150190.17
1546150190.2
1546150190.24
1546150190.27
1546150190.3
1546150190.34
1546150190.37
1546150190.4
1546150190.44
1546150190.47
1546150190.5
1546150190.54
1546150190.57
1546150190.6
1546150190.64
1546150190.67
1546150190.7
1546150190.74
1546150190.77
1546150190.8
1546150190.84
1546150190.87
1546150190.9
1546150190.94
1546150190.97
1546150191.0
1546150191.04
1546150191.07
1546150191.1
1546150191.14
1546150191.17
1546150191.2
1546150191.24
1546150191.27
1546150191.3
1546150191.34
1546150191.37
1546150191.4
1546150191.44
1546150191.47
1546150191.5
1546150191.54
1546150191.57
1546150191.6
1546150191.64
1546150191.67
1546150191.7
1546150191.73
1546150191.77
1546150191.8
1546150191.84
1546150191.87
1546150191.9
1546150191.93
1546150191.97
1546150192.0
1546150192.04
1546150192.07
1546150192.1
1546150192.13
1546150192.17
1546150192.2
1546150192.23
1546150192.27
1546150192.3
1546150192.34
1546150192.37
1546150192.4
1546150192.43
1546150192.47
1546150192.5
1546150192.54
1546150192.57
1546150192.6
1546150192.63
1546150192.67
1546150192.7
1546150192.73
1546150192.77
1546150192.8
1546150192.84
1546150192.87
1546150192.9
1546150192.93
1546150192.97
1546150193.0
1546150193.03
1546150193.07
1546150193.1
1546150193.13
1546150193.17
1546150193.2
1546150193.23
1546150193.27
1546150193.3
1546150193.34
1546150193.37
1546150193.4
1546150193.43
1546150193.47
1546150193.5
1546150193.53
1546150193.57
1546150193.6
1546150193.63
1546150193.67
1546150193.7
1546150193.73
1546150193.77
1546150193.8
1546150193.83
1546150193.87
1546150193.9
1546150193.93
1546150193.97
1546150194.0
1546150194.03
1546150194.07
1546150194.1
1546150194.13
1546150194.17
1546150194.2
1546150194.23
1546150194.27
1546150194.3
1546150194.33
1546150194.37
1546150194.4
1546150194.43
1546150194.47
1546150194.5
1546150194.53
1546150194.57
1546150194.6
1546150194.63
1546150194.67
1546150194.7
1546150194.73
1546150194.77
1546150194.8
1546150194.83
1546150194.87
1546150194.9
1546150194.93
1546150194.97
1546150195.0
1546150195.03
1546150195.07
1546150195.1
1546150195.13
1546150195.17
1546150195.2
1546150195.23
1546150195.27
1546150195.3
1546150195.33
1546150195.37
1546150195.4
1546150195.43
1546150195.47
1546150195.5
1546150195.53
1546150195.57
1546150195.6
1546150195.63
1546150195.67
1546150195.7
1546150195.73
1546150195.77
1546150195.8
1546150195.83
1546150195.87
1546150195.9
1546150195.93
1546150195.97
1546150196.0
1546150196.03
1546150196.07
1546150196.1
1546150196.13
1546150196.17
1546150196.2
1546150196.23
1546150196.27
1546150196.3
1546150196.33
1546150196.37
1546150196.4
1546150196.43
1546150196.47
1546150196.5
1546150196.53
1546150196.57
1546150196.6
1546150196.63
1546150196.66
1546150196.7
1546150196.73
1546150196.77
1546150196.8
1546150196.83
1546150196.87
1546150196.9
1546150196.93
1546150196.96
1546150197.0
1546150197.03
1546150197.07
1546150197.1
1546150197.13
1546150197.16
1546150197.2
1546150197.23
1546150197.27
1546150197.3
1546150197.33
1546150197.37
1546150197.4
1546150197.43
1546150197.47
1546150197.5
1546150197.53
1546150197.57
1546150197.6
1546150197.63
1546150197.66
1546150197.7
1546150197.73
1546150197.77
1546150197.8
1546150197.83
1546150197.87
1546150197.9
1546150197.93
1546150197.96
1546150198.0
1546150198.03
1546150198.07
1546150198.1
1546150198.13
1546150198.16
1546150198.2
1546150198.23
1546150198.27
1546150198.3
1546150198.33
1546150198.36
1546150198.4
1546150198.43
1546150198.46
1546150198.5
1546150198.53
1546150198.56
1546150198.6
1546150198.63
1546150198.66
1546150198.7
1546150198.73
1546150198.76
1546150198.8
1546150198.83
1546150198.86
1546150198.9
1546150198.93
1546150198.96
1546150199.0
1546150199.03
1546150199.06
1546150199.1
1546150199.13
1546150199.16
1546150199.2
1546150199.23
1546150199.27
1546150199.3
1546150199.33
1546150199.37
1546150199.4
1546150199.43
1546150199.46
1546150199.5
1546150199.53
1546150199.56
1546150199.6
1546150199.63
1546150199.66
1546150199.7
1546150199.73
1546150199.76
1546150199.8
1546150199.83
1546150199.87
1546150199.9
1546150199.93
1546150199.96
1546150200.0
1546150200.03
1546150200.06
1546150200.1
1546150200.13
1546150200.16
1546150200.2
1546150200.23
1546150200.26
1546150200.3
1546150200.33
1546150200.36
1546150200.4
1546150200.43
1546150200.46
1546150200.5
1546150200.53
1546150200.56
1546150200.6
1546150200.63
1546150200.66
1546150200.7
1546150200.73
1546150200.76
1546150200.8
1546150200.83
1546150200.87
1546150200.9
1546150200.93
1546150200.96
1546150201.0
1546150201.03
1546150201.07
1546150201.1
1546150201.13
1546150201.16
1546150201.2
1546150201.23
1546150201.26
1546150201.3
1546150201.33
1546150201.36
1546150201.4
1546150201.43
1546150201.46
1546150201.5
1546150201.53
1546150201.56
1546150201.6
1546150201.63
1546150201.66
1546150201.7
1546150201.73
1546150201.76
1546150201.8
1546150201.83
1546150201.86
1546150201.9
1546150201.93
1546150201.96
1546150202.0
1546150202.03
1546150202.06
1546150202.1
1546150202.13
1546150202.16
1546150202.2
1546150202.23
1546150202.26
1546150202.3
1546150202.33
1546150202.36
1546150202.4
1546150202.43
1546150202.46
1546150202.5
1546150202.53
1546150202.56
1546150202.6
1546150202.63
1546150202.66
1546150202.7
1546150202.73
1546150202.76
1546150202.8
1546150202.83
1546150202.86
1546150202.89
1546150202.93
1546150202.96
1546150202.99
1546150203.03
1546150203.06
1546150203.1
1546150203.13
1546150203.16
1546150203.2
1546150203.23
1546150203.26
1546150203.3
1546150203.33
1546150203.36
1546150203.4
1546150203.43
1546150203.46
1546150203.5
1546150203.53
1546150203.56
1546150203.6
1546150203.63
1546150203.66
1546150203.69
1546150203.73
1546150203.76
1546150203.8
1546150203.83
1546150203.86
1546150203.89
1546150203.93
1546150203.96
1546150203.99
1546150204.03
1546150204.06
1546150204.1
1546150204.13
1546150204.16
1546150204.19
1546150204.23
1546150204.26
1546150204.3
1546150204.33
1546150204.36
1546150204.39
1546150204.43
1546150204.46
1546150204.49
1546150204.53
1546150204.56
1546150204.59
1546150204.63
1546150204.66
1546150204.7
1546150204.73
1546150204.76
1546150204.8
1546150204.83
1546150204.86
1546150204.89
1546150204.93
1546150204.96
1546150204.99
1546150205.03
1546150205.06
1546150205.1
1546150205.13
1546150205.16
1546150205.19
1546150205.23
1546150205.26
1546150205.3
1546150205.33
1546150205.36
1546150205.4
1546150205.43
1546150205.46
1546150205.5
1546150205.53
1546150205.56
1546150205.6
1546150205.63
1546150205.66
1546150205.7
1546150205.73
1546150205.76
1546150205.8
1546150205.83
1546150205.86
1546150205.9
1546150205.93
1546150205.96
1546150206.0
1546150206.03
1546150206.06
1546150206.1
1546150206.13
1546150206.16
1546150206.2
1546150206.23
1546150206.26
1546150206.3
1546150206.33
1546150206.36
1546150206.4
1546150206.43
1546150206.46
1546150206.5
1546150206.53
1546150206.56
1546150206.6
1546150206.63
1546150206.66
1546150206.7
1546150206.73
1546150206.76
1546150206.8
1546150206.83
1546150206.86
1546150206.9
1546150206.93
1546150206.96
1546150207.0
1546150207.03
1546150207.06
1546150207.1
1546150207.13
1546150207.16
1546150207.2
1546150207.23
1546150207.26
1546150207.3
1546150207.33
1546150207.36
1546150207.4
1546150207.43
1546150207.46
1546150207.5
1546150207.53
1546150207.57
1546150207.6
1546150207.63
1546150207.66
1546150207.7
1546150207.73
1546150207.76
1546150207.8
1546150207.83
1546150207.86
1546150207.9
1546150207.93
1546150207.96
1546150208.0
1546150208.03
1546150208.06
1546150208.1
1546150208.13
1546150208.16
1546150208.2
1546150208.23
1546150208.26
1546150208.3
1546150208.33
1546150208.36
1546150208.4
1546150208.43
1546150208.46
1546150208.5
1546150208.53
1546150208.56
1546150208.6
1546150208.63
1546150208.66
1546150208.7
1546150208.73
1546150208.77
1546150208.8
1546150208.83
1546150208.87
1546150208.9
1546150208.93
1546150208.96
1546150209.0
1546150209.03
1546150209.07
1546150209.1
1546150209.13
1546150209.17
1546150209.2
1546150209.23
1546150209.27
1546150209.3
1546150209.33
1546150209.37
1546150209.4
1546150209.43
1546150209.47
1546150209.5
1546150209.53
1546150209.57
1546150209.6
1546150209.63
1546150209.66
1546150209.7
1546150209.73
1546150209.77
1546150209.8
1546150209.83
1546150209.87
1546150209.9
1546150209.93
1546150209.97
1546150210.0
1546150210.03
1546150210.07
1546150210.1
1546150210.13
1546150210.17
1546150210.2
1546150210.23
1546150210.26
1546150210.29
1546150210.33
1546150210.36
1546150210.39
1546150210.42
1546150210.46
1546150210.49
1546150210.53
1546150210.56
1546150210.59
1546150210.62
1546150210.66
1546150210.69
1546150210.73
1546150210.76
1546150210.79
1546150210.83
1546150210.86
1546150210.89
1546150210.92
1546150210.96
1546150210.99
1546150211.03
1546150211.06
1546150211.09
1546150211.12
1546150211.16
1546150211.19
1546150211.22
1546150211.26
1546150211.29
1546150211.33
1546150211.36
1546150211.39
1546150211.42
1546150211.46
1546150211.49
1546150211.53
1546150211.56
1546150211.59
1546150211.62
1546150211.66
1546150211.69
1546150211.72
1546150211.76
1546150211.79
1546150211.83
1546150211.86
1546150211.89
1546150211.92
1546150211.96
1546150211.99
1546150212.02
1546150212.06
1546150212.09
1546150212.12
1546150212.16
1546150212.19
1546150212.22
1546150212.26
1546150212.29
1546150212.33
1546150212.36
1546150212.39
1546150212.42
1546150212.46
1546150212.49
1546150212.52
1546150212.56
1546150212.59
1546150212.62
1546150212.66
1546150212.69
1546150212.72
1546150212.76
1546150212.79
1546150212.82
1546150212.86
1546150212.89
1546150212.92
1546150212.96
1546150212.99
1546150213.02
1546150213.06
1546150213.09
1546150213.12
1546150213.16
1546150213.19
1546150213.22
1546150213.26
1546150213.29
1546150213.32
1546150213.36
1546150213.39
1546150213.42
1546150213.46
1546150213.49
1546150213.52
1546150213.56
1546150213.59
1546150213.62
1546150213.66
1546150213.69
1546150213.72
1546150213.76
1546150213.79
1546150213.82
1546150213.86
1546150213.89
1546150213.92
1546150213.96
1546150213.99
1546150214.02
1546150214.06
1546150214.09
1546150214.12
1546150214.16
1546150214.19
1546150214.22
1546150214.26
1546150214.29
1546150214.32
1546150214.36
1546150214.39
1546150214.42
1546150214.46
1546150214.49
1546150214.52
1546150214.56
1546150214.59
1546150214.62
1546150214.65
1546150214.69
1546150214.72
1546150214.76
1546150214.79
1546150214.82
1546150214.86
1546150214.89
1546150214.92
1546150214.96
1546150214.99
1546150215.02
1546150215.06
1546150215.09
1546150215.12
1546150215.16
1546150215.19
1546150215.22
1546150215.26
1546150215.29
1546150215.32
1546150215.36
1546150215.39
1546150215.42
1546150215.45
1546150215.49
1546150215.52
1546150215.56
1546150215.59
1546150215.62
1546150215.65
1546150215.69
1546150215.72
1546150215.76
1546150215.79
1546150215.82
1546150215.86
1546150215.89
1546150215.92
1546150215.96
1546150215.99
1546150216.02
1546150216.06
1546150216.09
1546150216.12
1546150216.16
1546150216.19
1546150216.22
1546150216.26
1546150216.29
1546150216.32
1546150216.36
1546150216.39
1546150216.42
1546150216.46
1546150216.49
1546150216.52
1546150216.56
1546150216.59
1546150216.62
1546150216.65
1546150216.69
1546150216.72
1546150216.76
1546150216.79
1546150216.82
1546150216.86
1546150216.89
1546150216.92
1546150216.96
1546150216.99
1546150217.02
1546150217.06
1546150217.09
1546150217.12
1546150217.16
1546150217.19
1546150217.22
1546150217.26
1546150217.29
1546150217.32
1546150217.36
1546150217.39
1546150217.42
1546150217.46
1546150217.49
1546150217.52
1546150217.56
1546150217.59
1546150217.62
1546150217.66
1546150217.69
1546150217.72
1546150217.76
1546150217.79
1546150217.82
1546150217.86
1546150217.89
1546150217.92
1546150217.96
1546150217.99
1546150218.03
1546150218.06
1546150218.09
1546150218.12
1546150218.16
1546150218.19
1546150218.22
1546150218.26
1546150218.29
1546150218.32
1546150218.36
1546150218.39
1546150218.42
1546150218.46
1546150218.49
1546150218.52
1546150218.56
1546150218.59
1546150218.62
1546150218.66
1546150218.69
1546150218.72
1546150218.76
1546150218.79
1546150218.82
1546150218.86
1546150218.89
1546150218.92
1546150218.96
1546150218.99
1546150219.02
1546150219.06
1546150219.09
1546150219.12
1546150219.16
1546150219.19
1546150219.22
1546150219.26
1546150219.29
1546150219.33
1546150219.36
1546150219.39
1546150219.42
1546150219.46
1546150219.49
1546150219.53
1546150219.56
1546150219.59
1546150219.62
1546150219.66
1546150219.69
1546150219.72
1546150219.76
1546150219.79
1546150219.82
1546150219.86
1546150219.89
1546150219.92
1546150219.96
1546150219.99
1546150220.02
1546150220.06
1546150220.09
1546150220.12
1546150220.16
1546150220.19
1546150220.22
1546150220.26
1546150220.29
1546150220.32
1546150220.36
1546150220.39
1546150220.42
1546150220.46
1546150220.49
1546150220.52
1546150220.56
1546150220.59
1546150220.62
1546150220.66
1546150220.69
1546150220.72
1546150220.76
1546150220.79
1546150220.82
1546150220.86
1546150220.89
1546150220.92
1546150220.96
1546150220.99
1546150221.02
1546150221.06
1546150221.09
1546150221.12
1546150221.16
1546150221.19
1546150221.22
1546150221.26
1546150221.29
1546150221.32
1546150221.36
1546150221.39
1546150221.42
1546150221.46
1546150221.49
1546150221.52
1546150221.56
1546150221.59
1546150221.62
1546150221.66
1546150221.69
1546150221.72
1546150221.76
1546150221.79
1546150221.82
1546150221.86
1546150221.89
1546150221.92
1546150221.96
1546150221.99
1546150222.02
1546150222.06
1546150222.09
1546150222.12
1546150222.16
1546150222.19
1546150222.22
1546150222.26
1546150222.29
1546150222.32
1546150222.36
1546150222.39
1546150222.42
1546150222.45
1546150222.49
1546150222.52
1546150222.56
1546150222.59
1546150222.62
1546150222.66
1546150222.69
1546150222.72
1546150222.76
1546150222.79
1546150222.82
1546150222.86
1546150222.89
1546150222.92
1546150222.95
1546150222.99
1546150223.02
1546150223.05
1546150223.09
1546150223.12
1546150223.15
1546150223.19
1546150223.22
1546150223.26
1546150223.29
1546150223.32
1546150223.36
1546150223.39
1546150223.42
1546150223.45
1546150223.49
1546150223.52
1546150223.55
1546150223.59
1546150223.62
1546150223.65
1546150223.69
1546150223.72
1546150223.76
1546150223.79
1546150223.82
1546150223.85
1546150223.89
1546150223.92
1546150223.95
1546150223.99
1546150224.02
1546150224.06
1546150224.09
1546150224.12
1546150224.15
1546150224.19
1546150224.22
1546150224.26
1546150224.29
1546150224.32
1546150224.35
1546150224.39
1546150224.42
1546150224.45
1546150224.49
1546150224.52
1546150224.55
1546150224.59
1546150224.62
1546150224.65
1546150224.69
1546150224.72
1546150224.75
1546150224.79
1546150224.82
1546150224.86
1546150224.89
1546150224.92
1546150224.95
1546150224.99
1546150225.02
1546150225.05
1546150225.09
1546150225.12
1546150225.15
1546150225.18
1546150225.22
1546150225.25
1546150225.29
1546150225.32
1546150225.35
1546150225.39
1546150225.42
1546150225.45
1546150225.48
1546150225.52
1546150225.55
1546150225.59
1546150225.62
1546150225.65
1546150225.69
1546150225.72
1546150225.75
1546150225.79
1546150225.82
1546150225.85
1546150225.88
1546150225.92
1546150225.95
1546150225.98
1546150226.02
1546150226.05
1546150226.09
1546150226.12
1546150226.15
1546150226.18
1546150226.22
1546150226.25
1546150226.29
1546150226.32
1546150226.35
1546150226.38
1546150226.42
1546150226.45
1546150226.48
1546150226.52
1546150226.55
1546150226.59
1546150226.62
1546150226.65
1546150226.68
1546150226.72
1546150226.75
1546150226.78
1546150226.82
1546150226.85
1546150226.88
1546150226.92
1546150226.95
1546150226.98
1546150227.02
1546150227.05
1546150227.08
1546150227.12
1546150227.15
1546150227.18
1546150227.22
1546150227.25
1546150227.28
1546150227.32
1546150227.35
1546150227.38
1546150227.42
1546150227.45
1546150227.48
1546150227.52
1546150227.55
1546150227.58
1546150227.62
1546150227.65
1546150227.68
1546150227.72
1546150227.75
1546150227.78
1546150227.82
1546150227.85
1546150227.88
1546150227.92
1546150227.95
1546150227.98
1546150228.02
1546150228.05
1546150228.08
1546150228.12
1546150228.15
1546150228.18
1546150228.21
1546150228.25
1546150228.28
1546150228.32
1546150228.35
1546150228.38
1546150228.41
1546150228.45
1546150228.48
1546150228.52
1546150228.55
1546150228.58
1546150228.62
1546150228.65
1546150228.68
1546150228.72
1546150228.75
1546150228.78
1546150228.82
1546150228.85
1546150228.88
1546150228.92
1546150228.95
1546150228.98
1546150229.02
1546150229.05
1546150229.08
1546150229.12
1546150229.15
1546150229.18
1546150229.22
1546150229.25
1546150229.28
1546150229.32
1546150229.35
1546150229.38
1546150229.42
1546150229.45
1546150229.48
1546150229.52
1546150229.55
1546150229.58
1546150229.62
1546150229.65
1546150229.68
1546150229.72
1546150229.75
1546150229.78
1546150229.82
1546150229.85
1546150229.88
1546150229.92
1546150229.95
1546150229.98
1546150230.02
1546150230.05
1546150230.08
1546150230.12
1546150230.15
1546150230.18
1546150230.22
1546150230.25
1546150230.28
1546150230.32
1546150230.35
1546150230.38
1546150230.42
1546150230.45
1546150230.48
1546150230.52
1546150230.55
1546150230.59
1546150230.62
1546150230.65
1546150230.68
1546150230.72
1546150230.75
1546150230.79
1546150230.82
1546150230.85
1546150230.88
1546150230.92
1546150230.95
1546150230.98
1546150231.02
1546150231.05
1546150231.09
1546150231.12
1546150231.15
1546150231.18
1546150231.22
1546150231.25
1546150231.29
1546150231.32
1546150231.35
1546150231.38
1546150231.42
1546150231.45
1546150231.48
1546150231.52
1546150231.55
1546150231.58
1546150231.62
1546150231.65
1546150231.68
1546150231.72
1546150231.75
1546150231.79
1546150231.82
1546150231.85
1546150231.88
1546150231.92
1546150231.95
1546150231.99
1546150232.02
1546150232.05
1546150232.09
1546150232.12
1546150232.15
1546150232.19
1546150232.22
1546150232.25
1546150232.29
1546150232.32
1546150232.35
1546150232.38
1546150232.42
1546150232.45
1546150232.49
1546150232.52
1546150232.55
1546150232.59
1546150232.62
1546150232.65
1546150232.69
1546150232.72
1546150232.75
1546150232.79
1546150232.82
1546150232.85
1546150232.89
1546150232.92
1546150232.95
1546150232.99
1546150233.02
1546150233.05
1546150233.09
1546150233.12
1546150233.15
1546150233.19
1546150233.22
1546150233.25
1546150233.29
1546150233.32
1546150233.35
1546150233.39
1546150233.42
1546150233.45
1546150233.49
1546150233.52
1546150233.55
1546150233.59
1546150233.62
1546150233.65
1546150233.69
1546150233.72
1546150233.75
1546150233.79
1546150233.82
1546150233.85
1546150233.89
1546150233.92
1546150233.95
1546150233.99
1546150234.02
1546150234.05
1546150234.08
1546150234.11
1546150234.15
1546150234.18
1546150234.21
1546150234.25
1546150234.28
1546150234.31
1546150234.35
1546150234.38
1546150234.41
1546150234.45
1546150234.48
1546150234.51
1546150234.55
1546150234.58
1546150234.61
1546150234.65
1546150234.68
1546150234.71
1546150234.75
1546150234.78
1546150234.81
1546150234.85
1546150234.88
1546150234.91
1546150234.95
1546150234.98
1546150235.01
1546150235.05
1546150235.08
1546150235.11
1546150235.15
1546150235.18
1546150235.21
1546150235.25
1546150235.28
1546150235.31
1546150235.35
1546150235.38
1546150235.41
1546150235.45
1546150235.48
1546150235.51
1546150235.55
1546150235.58
1546150235.61
1546150235.65
1546150235.68
1546150235.71
1546150235.75
1546150235.78
1546150235.81
1546150235.85
1546150235.88
1546150235.91
1546150235.95
1546150235.98
1546150236.01
1546150236.05
1546150236.08
1546150236.11
1546150236.15
1546150236.18
1546150236.21
1546150236.25
1546150236.28
1546150236.31
1546150236.35
1546150236.38
1546150236.41
1546150236.45
1546150236.48
1546150236.51
1546150236.55
1546150236.58
1546150236.61
1546150236.65
1546150236.68
1546150236.71
1546150236.75
1546150236.78
1546150236.81
1546150236.85
1546150236.88
1546150236.91
1546150236.95
1546150236.98
1546150237.01
1546150237.05
1546150237.08
1546150237.11
1546150237.15
1546150237.18
1546150237.21
1546150237.25
1546150237.28
1546150237.31
1546150237.35
1546150237.38
1546150237.41
1546150237.45
1546150237.48
1546150237.51
1546150237.55
1546150237.58
1546150237.61
1546150237.65
1546150237.68
1546150237.71
1546150237.75
1546150237.78
1546150237.81
1546150237.85
1546150237.88
1546150237.91
1546150237.95
1546150237.98
1546150238.01
1546150238.05
1546150238.08
1546150238.11
1546150238.15
1546150238.18
1546150238.21
1546150238.25
1546150238.28
1546150238.31
1546150238.35
1546150238.38
1546150238.41
1546150238.45
1546150238.48
1546150238.51
1546150238.55
1546150238.58
1546150238.61
1546150238.65
1546150238.68
1546150238.71
1546150238.75
1546150238.78
1546150238.81
1546150238.85
1546150238.88
1546150238.91
1546150238.95
1546150238.98
1546150239.01
1546150239.05
1546150239.08
1546150239.11
1546150239.15
1546150239.18
1546150239.21
1546150239.25
1546150239.28
1546150239.31
1546150239.35
1546150239.38
1546150239.41
1546150239.45
1546150239.48
1546150239.51
1546150239.55
1546150239.58
1546150239.61
1546150239.64
1546150239.68
1546150239.71
1546150239.74
1546150239.78
1546150239.81
1546150239.85
1546150239.88
1546150239.91
1546150239.94
1546150239.98
1546150240.01
1546150240.05
1546150240.08
1546150240.11
1546150240.15
1546150240.18
1546150240.21
1546150240.25
1546150240.28
1546150240.31
1546150240.35
1546150240.38
1546150240.41
1546150240.44
1546150240.48
1546150240.51
1546150240.55
1546150240.58
1546150240.61
1546150240.64
1546150240.68
1546150240.71
1546150240.75
1546150240.78
1546150240.81
1546150240.85
1546150240.88
1546150240.91
1546150240.94
1546150240.98
1546150241.01
1546150241.05
1546150241.08
1546150241.11
1546150241.14
1546150241.18
1546150241.21
1546150241.24
1546150241.28
1546150241.31
1546150241.35
1546150241.38
1546150241.41
1546150241.44
1546150241.48
1546150241.51
1546150241.54
1546150241.58
1546150241.61
1546150241.64
1546150241.68
1546150241.71
1546150241.74
1546150241.78
1546150241.81
1546150241.85
1546150241.88
1546150241.91
1546150241.94
1546150241.98
1546150242.01
1546150242.05
1546150242.08
1546150242.11
1546150242.14
1546150242.18
1546150242.21
1546150242.24
1546150242.28
1546150242.31
1546150242.35
1546150242.38
1546150242.41
1546150242.45
1546150242.48
1546150242.51
1546150242.55
1546150242.58
1546150242.61
1546150242.64
1546150242.68
1546150242.71
1546150242.74
1546150242.78
1546150242.81
1546150242.85
1546150242.88
1546150242.91
1546150242.94
1546150242.98
1546150243.01
1546150243.05
1546150243.08
1546150243.11
1546150243.14
1546150243.18
1546150243.21
1546150243.24
1546150243.28
1546150243.31
1546150243.35
1546150243.38
1546150243.41
1546150243.44
1546150243.48
1546150243.51
1546150243.54
1546150243.58
1546150243.61
1546150243.64
1546150243.68
1546150243.71
1546150243.74
1546150243.78
1546150243.81
1546150243.84
1546150243.88
1546150243.91
1546150243.94
1546150243.98
1546150244.01
1546150244.04
1546150244.08
1546150244.11
1546150244.14
1546150244.18
1546150244.21
1546150244.24
1546150244.28
1546150244.31
1546150244.34
1546150244.38
1546150244.41
1546150244.44
1546150244.48
1546150244.51
1546150244.54
1546150244.58
1546150244.61
1546150244.64
1546150244.68
1546150244.71
1546150244.74
1546150244.78
1546150244.81
1546150244.84
1546150244.88
1546150244.91
1546150244.94
1546150244.98
1546150245.01
1546150245.04
1546150245.08
1546150245.11
1546150245.14
1546150245.18
1546150245.21
1546150245.24
1546150245.28
1546150245.31
1546150245.35
1546150245.38
1546150245.41
1546150245.44
1546150245.48
1546150245.51
1546150245.54
1546150245.58
1546150245.61
1546150245.64
1546150245.68
1546150245.71
1546150245.74
1546150245.78
1546150245.81
1546150245.84
1546150245.88
1546150245.91
1546150245.94
1546150245.98
1546150246.01
1546150246.04
1546150246.08
1546150246.11
1546150246.14
1546150246.18
1546150246.21
1546150246.24
1546150246.28
1546150246.31
1546150246.34
1546150246.38
1546150246.41
1546150246.44
1546150246.47
1546150246.51
1546150246.54
1546150246.58
1546150246.61
1546150246.64
1546150246.67
1546150246.71
1546150246.74
1546150246.78
1546150246.81
1546150246.84
1546150246.88
1546150246.91
1546150246.94
1546150246.97
1546150247.01
1546150247.04
1546150247.08
1546150247.11
1546150247.14
1546150247.17
1546150247.21
1546150247.24
1546150247.28
1546150247.31
1546150247.34
1546150247.38
1546150247.41
1546150247.44
1546150247.47
1546150247.51
1546150247.54
1546150247.58
1546150247.61
1546150247.64
1546150247.67
1546150247.71
1546150247.74
1546150247.78
1546150247.81
1546150247.84
1546150247.87
1546150247.91
1546150247.94
1546150247.97
1546150248.01
1546150248.04
1546150248.08
1546150248.11
1546150248.14
1546150248.17
1546150248.21
1546150248.24
1546150248.28
1546150248.31
1546150248.34
1546150248.37
1546150248.41
1546150248.44
1546150248.47
1546150248.51
1546150248.54
1546150248.57
1546150248.61
1546150248.64
1546150248.67
1546150248.71
1546150248.74
1546150248.77
1546150248.81
1546150248.84
1546150248.88
1546150248.91
1546150248.94
1546150248.97
1546150249.01
1546150249.04
1546150249.08
1546150249.11
1546150249.14
1546150249.17
1546150249.21
1546150249.24
1546150249.28
1546150249.31
1546150249.34
1546150249.38
1546150249.41
1546150249.44
1546150249.47
1546150249.51
1546150249.54
1546150249.58
1546150249.61
1546150249.64
1546150249.67
1546150249.71
1546150249.74
1546150249.77
1546150249.81
1546150249.84
1546150249.87
1546150249.91
1546150249.94
1546150249.97
1546150250.01
1546150250.04
1546150250.07
1546150250.11
1546150250.14
1546150250.17
1546150250.21
1546150250.24
1546150250.27
1546150250.31
1546150250.34
1546150250.37
1546150250.41
1546150250.44
1546150250.47
1546150250.51
1546150250.54
1546150250.57
1546150250.61
1546150250.64
1546150250.67
1546150250.71
1546150250.74
1546150250.77
1546150250.81
1546150250.84
1546150250.87
1546150250.91
1546150250.94
1546150250.97
1546150251.01
1546150251.04
1546150251.07
1546150251.11
1546150251.14
1546150251.17
1546150251.21
1546150251.24
1546150251.27
1546150251.31
1546150251.34
1546150251.37
1546150251.41
1546150251.44
1546150251.47
1546150251.51
1546150251.54
1546150251.57
1546150251.61
1546150251.64
1546150251.67
1546150251.71
1546150251.74
1546150251.77
1546150251.81
1546150251.84
1546150251.87
1546150251.91
1546150251.94
1546150251.97
1546150252.01
1546150252.04
1546150252.07
1546150252.11
1546150252.14
1546150252.17
1546150252.21
1546150252.24
1546150252.27
1546150252.31
1546150252.34
1546150252.37
1546150252.41
1546150252.44
1546150252.47
1546150252.51
1546150252.54
1546150252.57
1546150252.61
1546150252.64
1546150252.67
1546150252.7
1546150252.74
1546150252.77
1546150252.81
1546150252.84
1546150252.87
1546150252.9
1546150252.94
1546150252.97
1546150253.01
1546150253.04
1546150253.07
1546150253.11
1546150253.14
1546150253.17
1546150253.21
1546150253.24
1546150253.27
1546150253.31
1546150253.34
1546150253.37
1546150253.4
1546150253.44
1546150253.47
1546150253.51
1546150253.54
1546150253.57
1546150253.61
1546150253.64
1546150253.67
1546150253.7
1546150253.74
1546150253.77
1546150253.81
1546150253.84
1546150253.87
1546150253.91
1546150253.94
1546150253.97
1546150254.01
1546150254.04
1546150254.07
1546150254.11
1546150254.14
1546150254.17
1546150254.21
1546150254.24
1546150254.27
1546150254.31
1546150254.34
1546150254.37
1546150254.41
1546150254.44
1546150254.47
1546150254.51
1546150254.54
1546150254.57
1546150254.61
1546150254.64
1546150254.67
1546150254.71
1546150254.74
1546150254.77
1546150254.81
1546150254.84
1546150254.87
1546150254.91
1546150254.94
1546150254.97
1546150255.01
1546150255.04
1546150255.07
1546150255.11
1546150255.14
1546150255.17
1546150255.21
1546150255.24
1546150255.27
1546150255.31
1546150255.34
1546150255.37
1546150255.41
1546150255.44
1546150255.47
1546150255.51
1546150255.54
1546150255.57
1546150255.61
1546150255.64
1546150255.67
1546150255.71
1546150255.74
1546150255.77
1546150255.81
1546150255.84
1546150255.87
1546150255.91
1546150255.94
1546150255.97
1546150256.01
1546150256.04
1546150256.07
1546150256.11
1546150256.14
1546150256.17
1546150256.21
1546150256.24
1546150256.27
1546150256.31
1546150256.34
1546150256.37
1546150256.41
1546150256.44
1546150256.47
1546150256.51
1546150256.54
1546150256.58
1546150256.61
1546150256.64
1546150256.67
1546150256.71
1546150256.74
1546150256.78
1546150256.81
1546150256.84
1546150256.88
1546150256.91
1546150256.94
1546150256.97
1546150257.01
1546150257.04
1546150257.08
1546150257.11
1546150257.14
1546150257.17
1546150257.21
1546150257.24
1546150257.28
1546150257.31
1546150257.34
1546150257.38
1546150257.41
1546150257.44
1546150257.47
1546150257.51
1546150257.54
1546150257.58
1546150257.61
1546150257.64
1546150257.67
1546150257.7
1546150257.73
1546150257.77
1546150257.8
1546150257.83
1546150257.87
1546150257.9
1546150257.93
1546150257.97
1546150258.0
1546150258.03
1546150258.07
1546150258.1
1546150258.13
1546150258.17
1546150258.2
1546150258.23
1546150258.27
1546150258.3
1546150258.33
1546150258.37
1546150258.4
1546150258.43
1546150258.47
1546150258.5
1546150258.53
1546150258.57
1546150258.6
1546150258.63
1546150258.67
1546150258.7
1546150258.73
1546150258.77
1546150258.8
1546150258.83
1546150258.87
1546150258.9
1546150258.93
1546150258.97
1546150259.0
1546150259.04
1546150259.07
1546150259.1
1546150259.13
1546150259.17
1546150259.2
1546150259.23
1546150259.27
1546150259.3
1546150259.34
1546150259.37
1546150259.4
1546150259.43
1546150259.47
1546150259.5
1546150259.53
1546150259.57
1546150259.6
1546150259.63
1546150259.67
1546150259.7
1546150259.73
1546150259.77
1546150259.8
1546150259.84
1546150259.87
1546150259.9
1546150259.93
1546150259.97
1546150260.0
1546150260.03
1546150260.07
1546150260.1
1546150260.13
1546150260.17
1546150260.2
1546150260.23
1546150260.27
1546150260.3
1546150260.33
1546150260.37
1546150260.4
1546150260.43
1546150260.47
1546150260.5
1546150260.53
1546150260.57
1546150260.6
1546150260.63
1546150260.67
1546150260.7
1546150260.73
1546150260.77
1546150260.8
1546150260.83
1546150260.87
1546150260.9
1546150260.93
1546150260.97
1546150261.0
1546150261.03
1546150261.07
1546150261.1
1546150261.13
1546150261.17
1546150261.2
1546150261.23
1546150261.27
1546150261.3
1546150261.33
1546150261.37
1546150261.4
1546150261.43
1546150261.47
1546150261.5
1546150261.53
1546150261.57
1546150261.6
1546150261.63
1546150261.67
1546150261.7
1546150261.73
1546150261.77
1546150261.8
1546150261.83
1546150261.87
1546150261.9
1546150261.93
1546150261.97
1546150262.0
1546150262.03
1546150262.07
1546150262.1
1546150262.13
1546150262.17
1546150262.2
1546150262.23
1546150262.27
1546150262.3
1546150262.33
1546150262.37
1546150262.4
1546150262.43
1546150262.46
1546150262.5
1546150262.53
1546150262.57
1546150262.6
1546150262.63
1546150262.67
1546150262.7
1546150262.73
1546150262.77
1546150262.8
1546150262.83
1546150262.86
1546150262.9
1546150262.93
1546150262.96
1546150263.0
1546150263.03
1546150263.07
1546150263.1
1546150263.13
1546150263.16
1546150263.2
1546150263.23
1546150263.26
1546150263.3
1546150263.33
1546150263.37
1546150263.4
1546150263.43
1546150263.46
1546150263.5
1546150263.53
1546150263.57
1546150263.6
1546150263.63
1546150263.66
1546150263.7
1546150263.73
1546150263.76
1546150263.8
1546150263.83
1546150263.87
1546150263.9
1546150263.93
1546150263.96
1546150264.0
1546150264.03
1546150264.07
1546150264.1
1546150264.13
1546150264.16
1546150264.2
1546150264.23
1546150264.26
1546150264.3
1546150264.33
1546150264.36
1546150264.4
1546150264.43
1546150264.46
1546150264.5
1546150264.53
1546150264.56
1546150264.6
1546150264.63
1546150264.66
1546150264.7
1546150264.73
1546150264.76
1546150264.8
1546150264.83
1546150264.86
1546150264.9
1546150264.93
1546150264.96
1546150265.0
1546150265.03
1546150265.06
1546150265.1
1546150265.13
1546150265.16
1546150265.2
1546150265.23
1546150265.27
1546150265.3
1546150265.33
1546150265.36
1546150265.4
1546150265.43
1546150265.46
1546150265.5
1546150265.53
1546150265.57
1546150265.6
1546150265.63
1546150265.66
1546150265.7
1546150265.73
1546150265.76
1546150265.8
1546150265.83
1546150265.86
1546150265.9
1546150265.93
1546150265.96
1546150266.0
1546150266.03
1546150266.06
1546150266.1
1546150266.13
1546150266.16
1546150266.2
1546150266.23
1546150266.26
1546150266.3
1546150266.33
1546150266.36
1546150266.4
1546150266.43
1546150266.46
1546150266.5
1546150266.53
1546150266.56
1546150266.6
1546150266.63
1546150266.66
1546150266.7
1546150266.73
1546150266.76
1546150266.8
1546150266.83
1546150266.86
1546150266.9
1546150266.93
1546150266.96
1546150267.0
1546150267.03
1546150267.06
1546150267.1
1546150267.13
1546150267.16
1546150267.2
1546150267.23
1546150267.26
1546150267.3
1546150267.33
1546150267.36
1546150267.4
1546150267.43
1546150267.46
1546150267.5
1546150267.53
1546150267.56
1546150267.6
1546150267.63
1546150267.66
1546150267.7
1546150267.73
1546150267.76
1546150267.8
1546150267.83
1546150267.86
1546150267.9
1546150267.93
1546150267.96
1546150268.0
1546150268.03
1546150268.06
1546150268.1
1546150268.13
1546150268.16
1546150268.2
1546150268.23
1546150268.26
1546150268.3
1546150268.33
1546150268.36
1546150268.4
1546150268.43
1546150268.46
1546150268.5
1546150268.53
1546150268.56
1546150268.6
1546150268.63
1546150268.66
1546150268.7
1546150268.73
1546150268.76
1546150268.8
1546150268.83
1546150268.86
1546150268.9
1546150268.93
1546150268.96
1546150269.0
1546150269.03
1546150269.06
1546150269.1
1546150269.13
1546150269.16
1546150269.2
1546150269.23
1546150269.26
1546150269.3
1546150269.33
1546150269.37
1546150269.4
1546150269.43
1546150269.46
1546150269.5
1546150269.53
1546150269.57
1546150269.6
1546150269.63
1546150269.66
1546150269.7
1546150269.73
1546150269.76
1546150269.8
1546150269.83
1546150269.86
1546150269.9
1546150269.93
1546150269.96
1546150270.0
1546150270.03
1546150270.06
1546150270.1
1546150270.13
1546150270.16
1546150270.2
1546150270.23
1546150270.27
1546150270.3
1546150270.33
1546150270.36
1546150270.4
1546150270.43
1546150270.46
1546150270.5
1546150270.53
1546150270.57
1546150270.6
1546150270.63
1546150270.66
1546150270.7
1546150270.73
1546150270.76
1546150270.8
1546150270.83
1546150270.86
1546150270.9
1546150270.93
1546150270.96
1546150271.0
1546150271.03
1546150271.06
1546150271.1
1546150271.13
1546150271.16
1546150271.2
1546150271.23
1546150271.26
1546150271.3
1546150271.33
1546150271.36
1546150271.4
1546150271.43
1546150271.46
1546150271.5
1546150271.53
1546150271.57
1546150271.6
1546150271.63
1546150271.66
1546150271.7
1546150271.73
1546150271.76
1546150271.8
1546150271.83
1546150271.86
1546150271.9
1546150271.93
1546150271.96
1546150272.0
1546150272.03
1546150272.06
1546150272.1
1546150272.13
1546150272.16
1546150272.2
1546150272.23
1546150272.26
1546150272.3
1546150272.33
1546150272.36
1546150272.4
1546150272.43
1546150272.46
1546150272.5
1546150272.53
1546150272.57
1546150272.6
1546150272.63
1546150272.66
1546150272.7
1546150272.73
1546150272.76
1546150272.8
1546150272.83
1546150272.86
1546150272.9
1546150272.93
1546150272.96
1546150273.0
1546150273.03
1546150273.07
1546150273.1
1546150273.13
1546150273.16
1546150273.2
1546150273.23
1546150273.26
1546150273.3
1546150273.33
1546150273.36
1546150273.4
1546150273.43
1546150273.46
1546150273.5
1546150273.53
1546150273.56
1546150273.6
1546150273.63
1546150273.66
1546150273.7
1546150273.73
1546150273.76
1546150273.8
1546150273.83
1546150273.86
1546150273.9
1546150273.93
1546150273.96
1546150274.0
1546150274.03
1546150274.06
1546150274.1
1546150274.13
1546150274.16
1546150274.2
1546150274.23
1546150274.26
1546150274.3
1546150274.33
1546150274.36
1546150274.4
1546150274.43
1546150274.46
1546150274.5
1546150274.53
1546150274.56
1546150274.6
1546150274.63
1546150274.66
1546150274.69
1546150274.73
1546150274.76
1546150274.8
1546150274.83
1546150274.86
1546150274.9
1546150274.93
1546150274.96
1546150274.99
1546150275.03
1546150275.06
1546150275.1
1546150275.13
1546150275.16
1546150275.2
1546150275.23
1546150275.26
1546150275.3
1546150275.33
1546150275.36
1546150275.39
1546150275.43
1546150275.46
1546150275.5
1546150275.53
1546150275.56
1546150275.6
1546150275.63
1546150275.66
1546150275.69
1546150275.73
1546150275.76
1546150275.8
1546150275.83
1546150275.86
1546150275.89
1546150275.93
1546150275.96
1546150275.99
1546150276.03
1546150276.06
1546150276.1
1546150276.13
1546150276.16
1546150276.19
1546150276.23
1546150276.26
1546150276.3
1546150276.33
1546150276.36
1546150276.39
1546150276.43
1546150276.46
1546150276.49
1546150276.53
1546150276.56
1546150276.59
1546150276.63
1546150276.66
1546150276.69
1546150276.73
1546150276.76
1546150276.8
1546150276.83
1546150276.86
1546150276.89
1546150276.93
1546150276.96
1546150276.99
1546150277.03
1546150277.06
1546150277.09
1546150277.13
1546150277.16
1546150277.19
1546150277.23
1546150277.26
1546150277.3
1546150277.33
1546150277.36
1546150277.39
1546150277.43
1546150277.46
1546150277.5
1546150277.53
1546150277.56
1546150277.6
1546150277.63
1546150277.66
1546150277.69
1546150277.73
1546150277.76
1546150277.8
1546150277.83
1546150277.86
1546150277.9
1546150277.93
1546150277.96
1546150278.0
1546150278.03
1546150278.06
1546150278.1
1546150278.13
1546150278.16
1546150278.2
1546150278.23
1546150278.26
1546150278.3
1546150278.33
1546150278.36
1546150278.4
1546150278.43
1546150278.46
1546150278.5
1546150278.53
1546150278.56
1546150278.6
1546150278.63
1546150278.66
1546150278.7
1546150278.73
1546150278.76
1546150278.8
1546150278.83
1546150278.86
1546150278.9
1546150278.93
1546150278.96
1546150279.0
1546150279.03
1546150279.06
1546150279.1
1546150279.13
1546150279.16
1546150279.2
1546150279.23
1546150279.26
1546150279.3
1546150279.33
1546150279.37
1546150279.4
1546150279.43
1546150279.46
1546150279.5
1546150279.53
1546150279.56
1546150279.6
1546150279.63
1546150279.66
1546150279.7
1546150279.73
1546150279.76
1546150279.8
1546150279.83
1546150279.86
1546150279.9
1546150279.93
1546150279.96
1546150280.0
1546150280.03
1546150280.07
1546150280.1
1546150280.13
1546150280.16
1546150280.2
1546150280.23
1546150280.27
1546150280.3
1546150280.33
1546150280.37
1546150280.4
1546150280.43
1546150280.46
1546150280.5
1546150280.53
1546150280.57
1546150280.6
1546150280.63
1546150280.67
1546150280.7
1546150280.73
1546150280.77
1546150280.8
1546150280.83
1546150280.87
1546150280.9
1546150280.93
1546150280.97
1546150281.0
1546150281.03
1546150281.07
1546150281.1
1546150281.13
1546150281.17
1546150281.19
1546150281.23
1546150281.26
1546150281.29
1546150281.33
1546150281.36
1546150281.39
1546150281.43
1546150281.46
1546150281.49
1546150281.53
1546150281.56
1546150281.59
1546150281.63
1546150281.66
1546150281.69
1546150281.73
1546150281.76
1546150281.79
1546150281.83
1546150281.86
1546150281.89
1546150281.93
1546150281.96
1546150281.99
1546150282.03
1546150282.06
1546150282.09
1546150282.13
1546150282.16
1546150282.19
1546150282.23
1546150282.26
1546150282.29
1546150282.33
1546150282.36
1546150282.39
1546150282.43
1546150282.46
1546150282.49
1546150282.53
1546150282.56
1546150282.6
1546150282.63
1546150282.66
1546150282.69
1546150282.73
1546150282.76
1546150282.79
1546150282.83
1546150282.86
1546150282.89
1546150282.93
1546150282.96
1546150282.99
1546150283.03
1546150283.06
1546150283.09
1546150283.13
1546150283.16
1546150283.19
1546150283.23
1546150283.26
1546150283.29
1546150283.33
1546150283.36
1546150283.39
1546150283.43
1546150283.46
1546150283.49
1546150283.53
1546150283.56
1546150283.59
1546150283.63
1546150283.66
1546150283.69
1546150283.73
1546150283.76
1546150283.79
1546150283.83
1546150283.86
1546150283.89
1546150283.93
1546150283.96
1546150283.99
1546150284.03
1546150284.06
1546150284.09
1546150284.13
1546150284.16
1546150284.19
1546150284.23
1546150284.26
1546150284.29
1546150284.33
1546150284.36
1546150284.39
1546150284.43
1546150284.46
1546150284.49
1546150284.53
1546150284.56
1546150284.59
1546150284.63
1546150284.66
1546150284.69
1546150284.73
1546150284.76
1546150284.79
1546150284.83
1546150284.86
1546150284.89
1546150284.93
1546150284.96
1546150284.99
1546150285.03
1546150285.06
1546150285.09
1546150285.13
1546150285.16
1546150285.19
1546150285.23
1546150285.26
1546150285.29
1546150285.33
1546150285.36
1546150285.39
1546150285.43
1546150285.46
1546150285.49
1546150285.53
1546150285.56
1546150285.59
1546150285.63
1546150285.66
1546150285.69
1546150285.73
1546150285.76
1546150285.79
1546150285.83
1546150285.86
1546150285.89
1546150285.92
1546150285.96
1546150285.99
1546150286.03
1546150286.06
1546150286.09
1546150286.12
1546150286.16
1546150286.19
1546150286.22
1546150286.26
1546150286.29
1546150286.33
1546150286.36
1546150286.39
1546150286.43
1546150286.46
1546150286.49
1546150286.53
1546150286.56
1546150286.59
1546150286.62
1546150286.66
1546150286.69
1546150286.73
1546150286.76
1546150286.79
1546150286.83
1546150286.86
1546150286.89
1546150286.92
1546150286.96
1546150286.99
1546150287.03
1546150287.06
1546150287.09
1546150287.13
1546150287.16
1546150287.19
1546150287.22
1546150287.26
1546150287.29
1546150287.33
1546150287.36
1546150287.39
1546150287.42
1546150287.46
1546150287.49
1546150287.53
1546150287.56
1546150287.59
1546150287.62
1546150287.66
1546150287.69
1546150287.73
1546150287.76
1546150287.79
1546150287.83
1546150287.86
1546150287.89
1546150287.92
1546150287.96
1546150287.99
1546150288.03
1546150288.06
1546150288.09
1546150288.12
1546150288.16
1546150288.19
1546150288.22
1546150288.26
1546150288.29
1546150288.33
1546150288.36
1546150288.39
1546150288.42
1546150288.46
1546150288.49
1546150288.53
1546150288.56
1546150288.59
1546150288.62
1546150288.66
1546150288.69
1546150288.73
1546150288.76
1546150288.79
1546150288.83
1546150288.86
1546150288.89
1546150288.93
1546150288.96
1546150288.99
1546150289.03
1546150289.06
1546150289.09
1546150289.13
1546150289.16
1546150289.19
1546150289.23
1546150289.26
1546150289.29
1546150289.33
1546150289.36
1546150289.39
1546150289.43
1546150289.46
1546150289.49
1546150289.53
1546150289.56
1546150289.59
1546150289.62
1546150289.66
1546150289.69
1546150289.72
1546150289.76
1546150289.79
1546150289.83
1546150289.86
1546150289.89
1546150289.93
1546150289.96
1546150289.99
1546150290.03
1546150290.06
1546150290.09
1546150290.13
1546150290.16
1546150290.19
1546150290.23
1546150290.26
1546150290.29
1546150290.33
1546150290.36
1546150290.39
1546150290.42
1546150290.46
1546150290.49
1546150290.53
1546150290.56
1546150290.59
1546150290.62
1546150290.66
1546150290.69
1546150290.72
1546150290.76
1546150290.79
1546150290.83
1546150290.86
1546150290.89
1546150290.92
1546150290.96
1546150290.99
1546150291.03
1546150291.06
1546150291.09
1546150291.12
1546150291.16
1546150291.19
1546150291.22
1546150291.26
1546150291.29
1546150291.33
1546150291.36
1546150291.39
1546150291.42
1546150291.46
1546150291.49
1546150291.52
1546150291.56
1546150291.59
1546150291.62
1546150291.66
1546150291.69
1546150291.72
1546150291.76
1546150291.79
1546150291.82
1546150291.86
1546150291.89
1546150291.92
1546150291.96
1546150291.99
1546150292.02
1546150292.06
1546150292.09
1546150292.12
1546150292.16
1546150292.19
1546150292.22
1546150292.26
1546150292.29
1546150292.33
1546150292.36
1546150292.39
1546150292.42
1546150292.46
1546150292.49
1546150292.52
1546150292.56
1546150292.59
1546150292.62
1546150292.66
1546150292.69
1546150292.72
1546150292.76
1546150292.79
1546150292.82
1546150292.86
1546150292.89
1546150292.92
1546150292.96
1546150292.99
1546150293.02
1546150293.06
1546150293.09
1546150293.12
1546150293.16
1546150293.19
1546150293.22
1546150293.26
1546150293.29
1546150293.32
1546150293.36
1546150293.39
1546150293.42
1546150293.46
1546150293.49
1546150293.52
1546150293.56
1546150293.59
1546150293.62
1546150293.66
1546150293.69
1546150293.72
1546150293.76
1546150293.79
1546150293.82
1546150293.86
1546150293.89
1546150293.92
1546150293.96
1546150293.99
1546150294.02
1546150294.06
1546150294.09
1546150294.12
1546150294.16
1546150294.19
1546150294.22
1546150294.26
1546150294.29
1546150294.32
1546150294.36
1546150294.39
1546150294.42
1546150294.46
1546150294.49
1546150294.52
1546150294.56
1546150294.59
1546150294.62
1546150294.66
1546150294.69
1546150294.72
1546150294.76
1546150294.79
1546150294.82
1546150294.86
1546150294.89
1546150294.92
1546150294.95
1546150294.99
1546150295.02
1546150295.06
1546150295.09
1546150295.12
1546150295.15
1546150295.19
1546150295.22
1546150295.26
1546150295.29
1546150295.32
1546150295.35
1546150295.39
1546150295.42
1546150295.45
1546150295.49
1546150295.52
1546150295.55
1546150295.59
1546150295.62
1546150295.65
1546150295.69
1546150295.72
1546150295.76
1546150295.79
1546150295.82
1546150295.86
1546150295.89
1546150295.92
1546150295.96
1546150295.99
1546150296.02
1546150296.06
1546150296.09
1546150296.12
1546150296.16
1546150296.19
1546150296.22
1546150296.26
1546150296.29
1546150296.32
1546150296.36
1546150296.39
1546150296.42
1546150296.45
1546150296.49
1546150296.52
1546150296.56
1546150296.59
1546150296.62
1546150296.65
1546150296.69
1546150296.72
1546150296.75
1546150296.79
1546150296.82
1546150296.85
1546150296.89
1546150296.92
1546150296.95
1546150296.99
1546150297.02
1546150297.05
1546150297.09
1546150297.12
1546150297.15
1546150297.19
1546150297.22
1546150297.25
1546150297.29
1546150297.32
1546150297.35
1546150297.39
1546150297.42
1546150297.45
1546150297.49
1546150297.52
1546150297.55
1546150297.59
1546150297.62
1546150297.65
1546150297.69
1546150297.72
1546150297.75
1546150297.79
1546150297.82
1546150297.85
1546150297.89
1546150297.92
1546150297.95
1546150297.99
1546150298.02
1546150298.05
1546150298.09
1546150298.12
1546150298.15
1546150298.19
1546150298.22
1546150298.25
1546150298.29
1546150298.32
1546150298.35
1546150298.39
1546150298.42
1546150298.45
1546150298.49
1546150298.52
1546150298.55
1546150298.59
1546150298.62
1546150298.65
1546150298.69
1546150298.72
1546150298.75
1546150298.79
1546150298.82
1546150298.85
1546150298.89
1546150298.92
1546150298.95
1546150298.99
1546150299.02
1546150299.05
1546150299.09
1546150299.12
1546150299.15
1546150299.19
1546150299.22
1546150299.25
1546150299.29
1546150299.32
1546150299.35
1546150299.39
1546150299.42
1546150299.45
1546150299.49
1546150299.52
1546150299.55
1546150299.59
1546150299.62
1546150299.65
1546150299.69
1546150299.72
1546150299.76
1546150299.79
1546150299.82
1546150299.86
1546150299.89
1546150299.92
1546150299.95
1546150299.99
1546150300.02
1546150300.06
1546150300.09
1546150300.12
1546150300.16
1546150300.19
1546150300.22
1546150300.25
1546150300.29
1546150300.32
1546150300.36
1546150300.39
1546150300.42
1546150300.46
1546150300.49
1546150300.52
1546150300.56
1546150300.59
1546150300.62
1546150300.65
1546150300.69
1546150300.72
1546150300.76
1546150300.79
1546150300.82
1546150300.86
1546150300.89
1546150300.92
1546150300.95
1546150300.99
1546150301.02
1546150301.06
1546150301.09
1546150301.12
1546150301.16
1546150301.19
1546150301.22
1546150301.26
1546150301.29
1546150301.32
1546150301.36
1546150301.39
1546150301.42
1546150301.46
1546150301.49
1546150301.52
1546150301.56
1546150301.59
1546150301.62
1546150301.65
1546150301.69
1546150301.72
1546150301.76
1546150301.79
1546150301.82
1546150301.86
1546150301.89
1546150301.92
1546150301.95
1546150301.99
1546150302.02
1546150302.06
1546150302.09
1546150302.12
1546150302.16
1546150302.19
1546150302.22
1546150302.26
1546150302.29
1546150302.32
1546150302.36
1546150302.39
1546150302.42
1546150302.46
1546150302.49
1546150302.52
1546150302.56
1546150302.59
1546150302.62
1546150302.66
1546150302.69
1546150302.72
1546150302.76
1546150302.79
1546150302.83
1546150302.86
1546150302.89
1546150302.93
1546150302.96
1546150302.99
1546150303.03
1546150303.06
1546150303.09
1546150303.13
1546150303.16
1546150303.19
1546150303.22
1546150303.26
1546150303.29
1546150303.33
1546150303.36
1546150303.39
1546150303.43
1546150303.46
1546150303.49
1546150303.53
1546150303.56
1546150303.59
1546150303.62
1546150303.66
1546150303.69
1546150303.73
1546150303.76
1546150303.79
1546150303.83
1546150303.86
1546150303.89
1546150303.93
1546150303.96
1546150303.99
1546150304.02
1546150304.06
1546150304.09
1546150304.12
1546150304.16
1546150304.19
1546150304.23
1546150304.26
1546150304.29
1546150304.33
1546150304.36
1546150304.39
1546150304.42
1546150304.46
1546150304.49
1546150304.53
1546150304.56
1546150304.59
1546150304.62
1546150304.65
1546150304.68
1546150304.72
1546150304.75
1546150304.78
1546150304.82
1546150304.85
1546150304.88
1546150304.92
1546150304.95
1546150304.98
1546150305.02
1546150305.05
1546150305.09
1546150305.12
1546150305.15
1546150305.19
1546150305.22
1546150305.25
1546150305.29
1546150305.32
1546150305.35
1546150305.38
1546150305.42
1546150305.45
1546150305.48
1546150305.52
1546150305.55
1546150305.59
1546150305.62
1546150305.65
1546150305.68
1546150305.72
1546150305.75
1546150305.78
1546150305.82
1546150305.85
1546150305.88
1546150305.92
1546150305.95
1546150305.98
1546150306.02
1546150306.05
1546150306.09
1546150306.12
1546150306.15
1546150306.18
1546150306.22
1546150306.25
1546150306.29
1546150306.32
1546150306.35
1546150306.38
1546150306.42
1546150306.45
1546150306.48
1546150306.52
1546150306.55
1546150306.58
1546150306.62
1546150306.65
1546150306.68
1546150306.72
1546150306.75
1546150306.78
1546150306.82
1546150306.85
1546150306.88
1546150306.92
1546150306.95
1546150306.98
1546150307.02
1546150307.05
1546150307.08
1546150307.12
1546150307.15
1546150307.18
1546150307.22
1546150307.25
1546150307.28
1546150307.32
1546150307.35
1546150307.38
1546150307.42
1546150307.45
1546150307.48
1546150307.52
1546150307.55
1546150307.59
1546150307.62
1546150307.65
1546150307.68
1546150307.72
1546150307.75
1546150307.78
1546150307.82
1546150307.85
1546150307.88
1546150307.92
1546150307.95
1546150307.98
1546150308.02
1546150308.05
1546150308.08
1546150308.12
1546150308.15
1546150308.18
1546150308.22
1546150308.25
1546150308.28
1546150308.32
1546150308.35
1546150308.38
1546150308.42
1546150308.45
1546150308.48
1546150308.52
1546150308.55
1546150308.59
1546150308.62
1546150308.65
1546150308.68
1546150308.72
1546150308.75
1546150308.78
1546150308.82
1546150308.85
1546150308.88
1546150308.92
1546150308.95
1546150308.98
1546150309.02
1546150309.05
1546150309.09
1546150309.12
1546150309.15
1546150309.18
1546150309.22
1546150309.25
1546150309.28
1546150309.32
1546150309.35
1546150309.38
1546150309.42
1546150309.45
1546150309.48
1546150309.52
1546150309.55
1546150309.59
1546150309.62
1546150309.65
1546150309.68
1546150309.72
1546150309.75
1546150309.79
1546150309.82
1546150309.85
1546150309.89
1546150309.92
1546150309.95
1546150309.98
1546150310.02
1546150310.05
1546150310.08
1546150310.12
1546150310.15
1546150310.18
1546150310.22
