1546223967.15
1546223967.29
1546223967.32
1546223967.36
1546223967.39
1546223967.42
1546223967.44
1546223967.48
1546223967.51
1546223967.54
1546223967.58
1546223967.61
1546223967.64
1546223967.68
1546223967.71
1546223967.74
1546223967.78
1546223967.81
1546223967.84
1546223967.88
1546223967.91
1546223967.94
1546223967.97
1546223968.01
1546223968.04
1546223968.08
1546223968.11
1546223968.14
1546223968.18
1546223968.21
1546223968.24
1546223968.28
1546223968.31
1546223968.34
1546223968.38
1546223968.41
1546223968.44
1546223968.47
1546223968.51
1546223968.54
1546223968.58
1546223968.61
1546223968.64
1546223968.68
1546223968.71
1546223968.74
1546223968.78
1546223968.81
1546223968.84
1546223968.88
1546223968.91
1546223968.94
1546223968.97
1546223969.01
1546223969.04
1546223969.08
1546223969.11
1546223969.14
1546223969.17
1546223969.21
1546223969.24
1546223969.28
1546223969.31
1546223969.34
1546223969.38
1546223969.41
1546223969.44
1546223969.48
1546223969.51
1546223969.54
1546223969.58
1546223969.61
1546223969.64
1546223969.68
1546223969.71
1546223969.74
1546223969.78
1546223969.81
1546223969.84
1546223969.88
1546223969.91
1546223969.94
1546223969.98
1546223970.01
1546223970.04
1546223970.08
1546223970.11
1546223970.14
1546223970.18
1546223970.21
1546223970.24
1546223970.28
1546223970.31
1546223970.34
1546223970.38
1546223970.41
1546223970.44
1546223970.47
1546223970.51
1546223970.54
1546223970.58
1546223970.61
1546223970.64
1546223970.67
1546223970.71
1546223970.74
1546223970.78
1546223970.81
1546223970.84
1546223970.88
1546223970.91
1546223970.94
1546223970.97
1546223971.01
1546223971.04
1546223971.08
1546223971.11
1546223971.14
1546223971.17
1546223971.21
1546223971.24
1546223971.28
1546223971.31
1546223971.34
1546223971.38
1546223971.41
1546223971.44
1546223971.48
1546223971.51
1546223971.54
1546223971.58
1546223971.61
1546223971.64
1546223971.68
1546223971.71
1546223971.74
1546223971.78
1546223971.81
1546223971.84
1546223971.88
1546223971.91
1546223971.94
1546223971.98
1546223972.01
1546223972.04
1546223972.08
1546223972.11
1546223972.14
1546223972.18
1546223972.21
1546223972.24
1546223972.28
1546223972.31
1546223972.34
1546223972.38
1546223972.41
1546223972.44
1546223972.48
1546223972.51
1546223972.54
1546223972.58
1546223972.61
1546223972.64
1546223972.68
1546223972.71
1546223972.74
1546223972.78
1546223972.81
1546223972.84
1546223972.88
1546223972.91
1546223972.94
1546223972.98
1546223973.01
1546223973.04
1546223973.08
1546223973.11
1546223973.14
1546223973.18
1546223973.21
1546223973.24
1546223973.28
1546223973.31
1546223973.34
1546223973.38
1546223973.41
1546223973.44
1546223973.48
1546223973.51
1546223973.54
1546223973.58
1546223973.61
1546223973.64
1546223973.68
1546223973.71
1546223973.74
1546223973.78
1546223973.81
1546223973.84
1546223973.88
1546223973.91
1546223973.94
1546223973.98
1546223974.01
1546223974.04
1546223974.08
1546223974.11
1546223974.14
1546223974.18
1546223974.21
1546223974.24
1546223974.28
1546223974.31
1546223974.34
1546223974.38
1546223974.41
1546223974.44
1546223974.48
1546223974.51
1546223974.54
1546223974.58
1546223974.61
1546223974.64
1546223974.68
1546223974.71
1546223974.74
1546223974.78
1546223974.81
1546223974.84
1546223974.88
1546223974.91
1546223974.94
1546223974.98
1546223975.01
1546223975.04
1546223975.08
1546223975.11
1546223975.14
1546223975.18
1546223975.21
1546223975.24
1546223975.28
1546223975.31
1546223975.34
1546223975.38
1546223975.41
1546223975.44
1546223975.48
1546223975.51
1546223975.54
1546223975.58
1546223975.61
1546223975.64
1546223975.68
1546223975.71
1546223975.74
1546223975.78
1546223975.81
1546223975.84
1546223975.88
1546223975.91
1546223975.94
1546223975.98
1546223976.01
1546223976.05
1546223976.08
1546223976.11
1546223976.15
1546223976.18
1546223976.21
1546223976.24
1546223976.28
1546223976.31
1546223976.35
1546223976.38
1546223976.41
1546223976.45
1546223976.48
1546223976.51
1546223976.55
1546223976.58
1546223976.61
1546223976.65
1546223976.68
1546223976.71
1546223976.75
1546223976.78
1546223976.81
1546223976.85
1546223976.88
1546223976.91
1546223976.95
1546223976.98
1546223977.01
1546223977.05
1546223977.08
1546223977.11
1546223977.15
1546223977.18
1546223977.21
1546223977.25
1546223977.28
1546223977.31
1546223977.35
1546223977.38
1546223977.41
1546223977.45
1546223977.48
1546223977.52
1546223977.55
1546223977.58
1546223977.62
1546223977.65
1546223977.68
1546223977.72
1546223977.75
1546223977.78
1546223977.82
1546223977.85
1546223977.88
1546223977.91
1546223977.95
1546223977.98
1546223978.02
1546223978.05
1546223978.08
1546223978.12
1546223978.15
1546223978.18
1546223978.22
1546223978.25
1546223978.28
1546223978.32
1546223978.35
1546223978.38
1546223978.42
1546223978.45
1546223978.48
1546223978.52
1546223978.55
1546223978.58
1546223978.62
1546223978.65
1546223978.68
1546223978.72
1546223978.75
1546223978.78
1546223978.82
1546223978.85
1546223978.88
1546223978.92
1546223978.95
1546223978.98
1546223979.02
1546223979.05
1546223979.08
1546223979.12
1546223979.15
1546223979.18
1546223979.22
1546223979.25
1546223979.28
1546223979.32
1546223979.35
1546223979.38
1546223979.42
1546223979.45
1546223979.48
1546223979.52
1546223979.55
1546223979.59
1546223979.62
1546223979.65
1546223979.68
1546223979.72
1546223979.75
1546223979.79
1546223979.82
1546223979.85
1546223979.89
1546223979.92
1546223979.95
1546223979.98
1546223980.01
1546223980.05
1546223980.08
1546223980.11
1546223980.14
1546223980.18
1546223980.21
1546223980.24
1546223980.28
1546223980.31
1546223980.34
1546223980.38
1546223980.41
1546223980.44
1546223980.48
1546223980.51
1546223980.55
1546223980.58
1546223980.61
1546223980.64
1546223980.68
1546223980.71
1546223980.74
1546223980.78
1546223980.81
1546223980.84
1546223980.88
1546223980.91
1546223980.94
1546223980.98
1546223981.01
1546223981.04
1546223981.08
1546223981.11
1546223981.14
1546223981.18
1546223981.21
1546223981.24
1546223981.28
1546223981.31
1546223981.34
1546223981.38
1546223981.41
1546223981.44
1546223981.48
1546223981.51
1546223981.54
1546223981.58
1546223981.61
1546223981.64
1546223981.68
1546223981.71
1546223981.74
1546223981.78
1546223981.81
1546223981.84
1546223981.88
1546223981.91
1546223981.94
1546223981.98
1546223982.01
1546223982.05
1546223982.08
1546223982.11
1546223982.15
1546223982.18
1546223982.21
1546223982.25
1546223982.28
1546223982.31
1546223982.35
1546223982.38
1546223982.41
1546223982.44
1546223982.48
1546223982.51
1546223982.54
1546223982.58
1546223982.61
1546223982.64
1546223982.68
1546223982.71
1546223982.74
1546223982.78
1546223982.81
1546223982.84
1546223982.88
1546223982.91
1546223982.94
1546223982.98
1546223983.01
1546223983.05
1546223983.08
1546223983.11
1546223983.14
1546223983.18
1546223983.21
1546223983.24
1546223983.28
1546223983.31
1546223983.34
1546223983.38
1546223983.41
1546223983.44
1546223983.48
1546223983.51
1546223983.54
1546223983.58
1546223983.61
1546223983.64
1546223983.68
1546223983.71
1546223983.74
1546223983.78
1546223983.81
1546223983.84
1546223983.88
1546223983.91
1546223983.94
1546223983.98
1546223984.01
1546223984.04
1546223984.08
1546223984.11
1546223984.14
1546223984.18
1546223984.21
1546223984.24
1546223984.28
1546223984.31
1546223984.34
1546223984.38
1546223984.41
1546223984.44
1546223984.48
1546223984.51
1546223984.54
1546223984.58
1546223984.61
1546223984.64
1546223984.67
1546223984.71
1546223984.74
1546223984.78
1546223984.81
1546223984.84
1546223984.88
1546223984.91
1546223984.94
1546223984.98
1546223985.01
1546223985.04
1546223985.08
1546223985.11
1546223985.14
1546223985.18
1546223985.21
1546223985.24
1546223985.28
1546223985.31
1546223985.34
1546223985.38
1546223985.41
1546223985.44
1546223985.48
1546223985.51
1546223985.54
1546223985.58
1546223985.61
1546223985.64
1546223985.68
1546223985.71
1546223985.74
1546223985.78
1546223985.81
1546223985.84
1546223985.88
1546223985.91
1546223985.94
1546223985.98
1546223986.01
1546223986.04
1546223986.08
1546223986.11
1546223986.14
1546223986.18
1546223986.21
1546223986.24
1546223986.28
1546223986.31
1546223986.34
1546223986.38
1546223986.41
1546223986.44
1546223986.48
1546223986.51
1546223986.54
1546223986.58
1546223986.61
1546223986.64
1546223986.68
1546223986.71
1546223986.74
1546223986.78
1546223986.81
1546223986.84
1546223986.88
1546223986.91
1546223986.94
1546223986.97
1546223987.01
1546223987.04
1546223987.08
1546223987.11
1546223987.14
1546223987.18
1546223987.21
1546223987.24
1546223987.28
1546223987.31
1546223987.34
1546223987.38
1546223987.41
1546223987.44
1546223987.47
1546223987.51
1546223987.54
1546223987.58
1546223987.61
1546223987.64
1546223987.67
1546223987.71
1546223987.74
1546223987.78
1546223987.81
1546223987.84
1546223987.88
1546223987.91
1546223987.94
1546223987.97
1546223988.01
1546223988.04
1546223988.08
1546223988.11
1546223988.14
1546223988.17
1546223988.21
1546223988.24
1546223988.28
1546223988.31
1546223988.34
1546223988.37
1546223988.41
1546223988.44
1546223988.47
1546223988.51
1546223988.54
1546223988.57
1546223988.61
1546223988.64
1546223988.67
1546223988.71
1546223988.74
1546223988.77
1546223988.81
1546223988.84
1546223988.88
1546223988.91
1546223988.94
1546223988.97
1546223989.01
1546223989.04
1546223989.08
1546223989.11
1546223989.14
1546223989.17
1546223989.21
1546223989.24
1546223989.28
1546223989.31
1546223989.34
1546223989.37
1546223989.41
1546223989.44
1546223989.47
1546223989.51
1546223989.54
1546223989.57
1546223989.61
1546223989.64
1546223989.67
1546223989.71
1546223989.74
1546223989.78
1546223989.81
1546223989.84
1546223989.88
1546223989.91
1546223989.94
1546223989.97
1546223990.01
1546223990.04
1546223990.08
1546223990.11
1546223990.14
1546223990.18
1546223990.21
1546223990.24
1546223990.28
1546223990.31
1546223990.34
1546223990.38
1546223990.41
1546223990.44
1546223990.48
1546223990.51
1546223990.54
1546223990.58
1546223990.61
1546223990.64
1546223990.68
1546223990.71
1546223990.74
1546223990.78
1546223990.81
1546223990.84
1546223990.88
1546223990.91
1546223990.94
1546223990.98
1546223991.01
1546223991.04
1546223991.08
1546223991.11
1546223991.14
1546223991.18
1546223991.21
1546223991.24
1546223991.28
1546223991.31
1546223991.34
1546223991.38
1546223991.41
1546223991.44
1546223991.48
1546223991.51
1546223991.54
1546223991.58
1546223991.61
1546223991.64
1546223991.67
1546223991.71
1546223991.74
1546223991.78
1546223991.81
1546223991.84
1546223991.88
1546223991.91
1546223991.94
1546223991.97
1546223992.01
1546223992.04
1546223992.08
1546223992.11
1546223992.14
1546223992.18
1546223992.21
1546223992.24
1546223992.28
1546223992.31
1546223992.34
1546223992.38
1546223992.41
1546223992.44
1546223992.48
1546223992.51
1546223992.54
1546223992.58
1546223992.61
1546223992.64
1546223992.68
1546223992.71
1546223992.74
1546223992.78
1546223992.81
1546223992.84
1546223992.88
1546223992.91
1546223992.94
1546223992.98
1546223993.01
1546223993.04
1546223993.08
1546223993.11
1546223993.14
1546223993.18
1546223993.21
1546223993.24
1546223993.28
1546223993.31
1546223993.34
1546223993.38
1546223993.41
1546223993.44
1546223993.48
1546223993.51
1546223993.54
1546223993.58
1546223993.61
1546223993.64
1546223993.68
1546223993.71
1546223993.74
1546223993.78
1546223993.81
1546223993.84
1546223993.88
1546223993.91
1546223993.94
1546223993.98
1546223994.01
1546223994.04
1546223994.08
1546223994.11
1546223994.14
1546223994.18
1546223994.21
1546223994.24
1546223994.28
1546223994.31
1546223994.34
1546223994.38
1546223994.41
1546223994.44
1546223994.48
1546223994.51
1546223994.54
1546223994.58
1546223994.61
1546223994.64
1546223994.67
1546223994.71
1546223994.74
1546223994.77
1546223994.81
1546223994.84
1546223994.88
1546223994.91
1546223994.94
1546223994.97
1546223995.01
1546223995.04
1546223995.08
1546223995.11
1546223995.14
1546223995.18
1546223995.21
1546223995.24
1546223995.28
1546223995.31
1546223995.34
1546223995.38
1546223995.41
1546223995.44
1546223995.48
1546223995.51
1546223995.54
1546223995.58
1546223995.61
1546223995.64
1546223995.68
1546223995.71
1546223995.74
1546223995.78
1546223995.81
1546223995.84
1546223995.87
1546223995.91
1546223995.94
1546223995.97
1546223996.01
1546223996.04
1546223996.08
1546223996.11
1546223996.14
1546223996.18
1546223996.21
1546223996.24
1546223996.28
1546223996.31
1546223996.34
1546223996.38
1546223996.41
1546223996.44
1546223996.47
1546223996.51
1546223996.54
1546223996.58
1546223996.61
1546223996.64
1546223996.67
1546223996.71
1546223996.74
1546223996.78
1546223996.81
1546223996.84
1546223996.88
1546223996.91
1546223996.94
1546223996.97
1546223997.01
1546223997.04
1546223997.08
1546223997.11
1546223997.14
1546223997.17
1546223997.21
1546223997.24
1546223997.28
1546223997.31
1546223997.34
1546223997.38
1546223997.41
1546223997.44
1546223997.48
1546223997.51
1546223997.54
1546223997.58
1546223997.61
1546223997.64
1546223997.68
1546223997.71
1546223997.74
1546223997.78
1546223997.81
1546223997.84
1546223997.88
1546223997.91
1546223997.94
1546223997.98
1546223998.01
1546223998.04
1546223998.08
1546223998.11
1546223998.14
1546223998.18
1546223998.21
1546223998.24
1546223998.28
1546223998.31
1546223998.34
1546223998.38
1546223998.41
1546223998.44
1546223998.47
1546223998.51
1546223998.54
1546223998.58
1546223998.61
1546223998.64
1546223998.67
1546223998.71
1546223998.74
1546223998.78
1546223998.81
1546223998.84
1546223998.88
1546223998.91
1546223998.94
1546223998.98
1546223999.01
1546223999.04
1546223999.08
1546223999.11
1546223999.14
1546223999.18
1546223999.21
1546223999.24
1546223999.28
1546223999.31
1546223999.34
1546223999.38
1546223999.41
1546223999.44
1546223999.48
1546223999.51
1546223999.54
1546223999.58
1546223999.61
1546223999.64
1546223999.68
1546223999.71
1546223999.74
1546223999.78
1546223999.81
1546223999.84
1546223999.88
1546223999.91
1546223999.94
1546223999.98
1546224000.01
1546224000.04
1546224000.08
1546224000.11
1546224000.14
1546224000.18
1546224000.21
1546224000.24
1546224000.28
1546224000.31
1546224000.34
1546224000.38
1546224000.41
1546224000.44
1546224000.48
1546224000.51
1546224000.55
1546224000.58
1546224000.61
1546224000.64
1546224000.68
1546224000.71
1546224000.74
1546224000.78
1546224000.81
1546224000.85
1546224000.88
1546224000.91
1546224000.95
1546224000.98
1546224001.01
1546224001.05
1546224001.08
1546224001.11
1546224001.15
1546224001.18
1546224001.21
1546224001.25
1546224001.28
1546224001.31
1546224001.35
1546224001.38
1546224001.41
1546224001.45
1546224001.48
1546224001.51
1546224001.55
1546224001.58
1546224001.62
1546224001.65
1546224001.68
1546224001.71
1546224001.75
1546224001.78
1546224001.81
1546224001.85
1546224001.88
1546224001.91
1546224001.95
1546224001.98
1546224002.02
1546224002.05
1546224002.08
1546224002.11
1546224002.15
1546224002.18
1546224002.21
1546224002.25
1546224002.28
1546224002.31
1546224002.35
1546224002.38
1546224002.41
1546224002.45
1546224002.48
1546224002.52
1546224002.55
1546224002.58
1546224002.62
1546224002.65
1546224002.68
1546224002.71
1546224002.75
1546224002.78
1546224002.82
1546224002.85
1546224002.88
1546224002.92
1546224002.95
1546224002.98
1546224003.02
1546224003.05
1546224003.08
1546224003.12
1546224003.15
1546224003.18
1546224003.22
1546224003.25
1546224003.28
1546224003.32
1546224003.35
1546224003.38
1546224003.42
1546224003.45
1546224003.48
1546224003.52
1546224003.55
1546224003.58
1546224003.62
1546224003.65
1546224003.68
1546224003.72
1546224003.75
1546224003.78
1546224003.81
1546224003.84
1546224003.88
1546224003.91
1546224003.94
1546224003.98
1546224004.01
1546224004.04
1546224004.08
1546224004.11
1546224004.14
1546224004.18
1546224004.21
1546224004.24
1546224004.28
1546224004.31
1546224004.34
1546224004.38
1546224004.41
1546224004.44
1546224004.47
1546224004.51
1546224004.54
1546224004.58
1546224004.61
1546224004.64
1546224004.67
1546224004.71
1546224004.74
1546224004.78
1546224004.81
1546224004.84
1546224004.88
1546224004.91
1546224004.94
1546224004.97
1546224005.01
1546224005.04
1546224005.08
1546224005.11
1546224005.14
1546224005.18
1546224005.21
1546224005.24
1546224005.28
1546224005.31
1546224005.34
1546224005.38
1546224005.41
1546224005.44
1546224005.47
1546224005.51
1546224005.54
1546224005.58
1546224005.61
1546224005.64
1546224005.68
1546224005.71
1546224005.74
1546224005.78
1546224005.81
1546224005.84
1546224005.88
1546224005.91
1546224005.94
1546224005.98
1546224006.01
1546224006.04
1546224006.08
1546224006.11
1546224006.14
1546224006.18
1546224006.21
1546224006.24
1546224006.28
1546224006.31
1546224006.34
1546224006.38
1546224006.41
1546224006.44
1546224006.48
1546224006.51
1546224006.54
1546224006.58
1546224006.61
1546224006.64
1546224006.68
1546224006.71
1546224006.74
1546224006.78
1546224006.81
1546224006.84
1546224006.88
1546224006.91
1546224006.94
1546224006.98
1546224007.01
1546224007.04
1546224007.08
1546224007.11
1546224007.14
1546224007.18
1546224007.21
1546224007.24
1546224007.28
1546224007.31
1546224007.34
1546224007.38
1546224007.41
1546224007.44
1546224007.48
1546224007.51
1546224007.54
1546224007.58
1546224007.61
1546224007.64
1546224007.68
1546224007.71
1546224007.74
1546224007.78
1546224007.81
1546224007.84
1546224007.88
1546224007.91
1546224007.94
1546224007.98
1546224008.01
1546224008.04
1546224008.08
1546224008.11
1546224008.14
1546224008.18
1546224008.21
1546224008.24
1546224008.28
1546224008.31
1546224008.35
1546224008.38
1546224008.41
1546224008.44
1546224008.48
1546224008.51
1546224008.55
1546224008.58
1546224008.61
1546224008.64
1546224008.68
1546224008.71
1546224008.74
1546224008.78
1546224008.81
1546224008.85
1546224008.88
1546224008.91
1546224008.94
1546224008.98
1546224009.01
1546224009.04
1546224009.08
1546224009.11
1546224009.14
1546224009.18
1546224009.21
1546224009.24
1546224009.28
1546224009.31
1546224009.35
1546224009.38
1546224009.41
1546224009.44
1546224009.48
1546224009.51
1546224009.55
1546224009.58
1546224009.61
1546224009.64
1546224009.68
1546224009.71
1546224009.74
1546224009.78
1546224009.81
1546224009.85
1546224009.88
1546224009.91
1546224009.94
1546224009.98
1546224010.01
1546224010.04
1546224010.08
1546224010.11
1546224010.14
1546224010.18
1546224010.21
1546224010.24
1546224010.28
1546224010.31
1546224010.35
1546224010.38
1546224010.41
1546224010.44
1546224010.48
1546224010.51
1546224010.54
1546224010.58
1546224010.61
1546224010.64
1546224010.68
1546224010.71
1546224010.74
1546224010.78
1546224010.81
1546224010.85
1546224010.88
1546224010.91
1546224010.94
1546224010.98
1546224011.01
1546224011.05
1546224011.08
1546224011.11
1546224011.15
1546224011.18
1546224011.21
1546224011.24
1546224011.28
1546224011.31
1546224011.34
1546224011.38
1546224011.41
1546224011.44
1546224011.48
1546224011.51
1546224011.54
1546224011.58
1546224011.61
1546224011.64
1546224011.68
1546224011.71
1546224011.74
1546224011.78
1546224011.81
1546224011.84
1546224011.88
1546224011.91
1546224011.94
1546224011.98
1546224012.01
1546224012.04
1546224012.08
1546224012.11
1546224012.14
1546224012.18
1546224012.21
1546224012.24
1546224012.28
1546224012.31
1546224012.34
1546224012.38
1546224012.41
1546224012.44
1546224012.48
1546224012.51
1546224012.54
1546224012.58
1546224012.61
1546224012.64
1546224012.68
1546224012.71
1546224012.74
1546224012.78
1546224012.81
1546224012.84
1546224012.88
1546224012.91
1546224012.94
1546224012.97
1546224013.01
1546224013.04
1546224013.08
1546224013.11
1546224013.14
1546224013.18
1546224013.21
1546224013.24
1546224013.28
1546224013.31
1546224013.34
1546224013.38
1546224013.41
1546224013.44
1546224013.48
1546224013.51
1546224013.54
1546224013.58
1546224013.61
1546224013.64
1546224013.68
1546224013.71
1546224013.74
1546224013.78
1546224013.81
1546224013.84
1546224013.88
1546224013.91
1546224013.94
1546224013.98
1546224014.01
1546224014.04
1546224014.08
1546224014.11
1546224014.14
1546224014.18
1546224014.21
1546224014.24
1546224014.28
1546224014.31
1546224014.34
1546224014.38
1546224014.41
1546224014.44
1546224014.48
1546224014.51
1546224014.54
1546224014.58
1546224014.61
1546224014.64
1546224014.68
1546224014.71
1546224014.74
1546224014.78
1546224014.81
1546224014.85
1546224014.88
1546224014.91
1546224014.94
1546224014.98
1546224015.01
1546224015.05
1546224015.08
1546224015.11
1546224015.15
1546224015.18
1546224015.21
1546224015.25
1546224015.28
1546224015.31
1546224015.35
1546224015.38
1546224015.41
1546224015.45
1546224015.48
1546224015.51
1546224015.55
1546224015.58
1546224015.61
1546224015.65
1546224015.68
1546224015.71
1546224015.74
1546224015.78
1546224015.81
1546224015.85
1546224015.88
1546224015.91
1546224015.94
1546224015.98
1546224016.01
1546224016.05
1546224016.08
1546224016.11
1546224016.14
1546224016.18
1546224016.21
1546224016.25
1546224016.28
1546224016.31
1546224016.35
1546224016.38
1546224016.41
1546224016.44
1546224016.48
1546224016.51
1546224016.55
1546224016.58
1546224016.61
1546224016.64
1546224016.68
1546224016.71
1546224016.74
1546224016.78
1546224016.81
1546224016.85
1546224016.88
1546224016.91
1546224016.94
1546224016.98
1546224017.01
1546224017.04
1546224017.08
1546224017.11
1546224017.14
1546224017.18
1546224017.21
1546224017.24
1546224017.28
1546224017.31
1546224017.35
1546224017.38
1546224017.41
1546224017.44
1546224017.48
1546224017.51
1546224017.55
1546224017.58
1546224017.61
1546224017.65
1546224017.68
1546224017.71
1546224017.75
1546224017.78
1546224017.81
1546224017.85
1546224017.88
1546224017.91
1546224017.94
1546224017.98
1546224018.01
1546224018.05
1546224018.08
1546224018.11
1546224018.14
1546224018.18
1546224018.21
1546224018.24
1546224018.28
1546224018.31
1546224018.35
1546224018.38
1546224018.41
1546224018.45
1546224018.48
1546224018.51
1546224018.55
1546224018.58
1546224018.61
1546224018.65
1546224018.68
1546224018.71
1546224018.75
1546224018.78
1546224018.81
1546224018.85
1546224018.88
1546224018.91
1546224018.95
1546224018.98
1546224019.01
1546224019.05
1546224019.08
1546224019.11
1546224019.14
1546224019.18
1546224019.21
1546224019.24
1546224019.28
1546224019.31
1546224019.35
1546224019.38
1546224019.41
1546224019.44
1546224019.48
1546224019.51
1546224019.55
1546224019.58
1546224019.61
1546224019.64
1546224019.68
1546224019.71
1546224019.74
1546224019.78
1546224019.81
1546224019.85
1546224019.88
1546224019.91
1546224019.94
1546224019.98
1546224020.01
1546224020.05
1546224020.08
1546224020.11
1546224020.14
1546224020.18
1546224020.21
1546224020.24
1546224020.28
1546224020.31
1546224020.34
1546224020.38
1546224020.41
1546224020.44
1546224020.48
1546224020.51
1546224020.54
1546224020.58
1546224020.61
1546224020.64
1546224020.68
1546224020.71
1546224020.74
1546224020.78
1546224020.81
1546224020.84
1546224020.88
1546224020.91
1546224020.94
1546224020.98
1546224021.01
1546224021.04
1546224021.08
1546224021.11
1546224021.14
1546224021.18
1546224021.21
1546224021.24
1546224021.28
1546224021.31
1546224021.34
1546224021.38
1546224021.41
1546224021.44
1546224021.48
1546224021.51
1546224021.54
1546224021.58
1546224021.61
1546224021.64
1546224021.68
1546224021.71
1546224021.74
1546224021.78
1546224021.81
1546224021.84
1546224021.88
1546224021.91
1546224021.94
1546224021.98
1546224022.01
1546224022.04
1546224022.08
1546224022.11
1546224022.14
1546224022.18
1546224022.21
1546224022.24
1546224022.28
1546224022.31
1546224022.34
1546224022.38
1546224022.41
1546224022.44
1546224022.48
1546224022.51
1546224022.54
1546224022.58
1546224022.61
1546224022.64
1546224022.68
1546224022.71
1546224022.74
1546224022.78
1546224022.81
1546224022.84
1546224022.88
1546224022.91
1546224022.94
1546224022.98
1546224023.01
1546224023.04
1546224023.08
1546224023.11
1546224023.14
1546224023.18
1546224023.21
1546224023.24
1546224023.28
1546224023.31
1546224023.34
1546224023.38
1546224023.41
1546224023.44
1546224023.48
1546224023.51
1546224023.55
1546224023.58
1546224023.61
1546224023.64
1546224023.68
1546224023.71
1546224023.74
1546224023.78
1546224023.81
1546224023.84
1546224023.88
1546224023.91
1546224023.94
1546224023.98
1546224024.01
1546224024.05
1546224024.08
1546224024.11
1546224024.14
1546224024.18
1546224024.21
1546224024.24
1546224024.28
1546224024.31
1546224024.35
1546224024.38
1546224024.41
1546224024.44
1546224024.48
1546224024.51
1546224024.55
1546224024.58
1546224024.61
1546224024.65
1546224024.68
1546224024.71
1546224024.74
1546224024.78
1546224024.81
1546224024.85
1546224024.88
1546224024.91
1546224024.95
1546224024.98
1546224025.01
1546224025.05
1546224025.08
1546224025.11
1546224025.15
1546224025.18
1546224025.21
1546224025.25
1546224025.28
1546224025.31
1546224025.35
1546224025.38
1546224025.41
1546224025.45
1546224025.48
1546224025.51
1546224025.55
1546224025.58
1546224025.61
1546224025.65
1546224025.68
1546224025.71
1546224025.75
1546224025.78
1546224025.81
1546224025.85
1546224025.88
1546224025.91
1546224025.95
1546224025.98
1546224026.01
1546224026.05
1546224026.08
1546224026.11
1546224026.15
1546224026.18
1546224026.21
1546224026.25
1546224026.28
1546224026.31
1546224026.35
1546224026.38
1546224026.41
1546224026.45
1546224026.48
1546224026.51
1546224026.55
1546224026.58
1546224026.61
1546224026.65
1546224026.68
1546224026.71
1546224026.75
1546224026.78
1546224026.82
1546224026.85
1546224026.88
1546224026.92
1546224026.95
1546224026.98
1546224027.02
1546224027.05
1546224027.08
1546224027.12
1546224027.15
1546224027.18
1546224027.22
1546224027.25
1546224027.28
1546224027.32
1546224027.35
1546224027.38
1546224027.42
1546224027.44
1546224027.48
1546224027.51
1546224027.54
1546224027.58
1546224027.61
1546224027.64
1546224027.67
1546224027.71
1546224027.74
1546224027.78
1546224027.81
1546224027.84
1546224027.88
1546224027.91
1546224027.94
1546224027.97
1546224028.01
1546224028.04
1546224028.08
1546224028.11
1546224028.14
1546224028.17
1546224028.21
1546224028.24
1546224028.28
1546224028.31
1546224028.34
1546224028.37
1546224028.41
1546224028.44
1546224028.47
1546224028.51
1546224028.54
1546224028.57
1546224028.61
1546224028.64
1546224028.67
1546224028.71
1546224028.74
1546224028.78
1546224028.81
1546224028.84
1546224028.88
1546224028.91
1546224028.94
1546224028.97
1546224029.01
1546224029.04
1546224029.08
1546224029.11
1546224029.14
1546224029.18
1546224029.21
1546224029.24
1546224029.28
1546224029.31
1546224029.34
1546224029.38
1546224029.41
1546224029.44
1546224029.48
1546224029.51
1546224029.54
1546224029.58
1546224029.61
1546224029.64
1546224029.67
1546224029.71
1546224029.74
1546224029.78
1546224029.81
1546224029.84
1546224029.88
1546224029.91
1546224029.94
1546224029.97
1546224030.01
1546224030.04
1546224030.08
1546224030.11
1546224030.14
1546224030.18
1546224030.21
1546224030.24
1546224030.28
1546224030.31
1546224030.34
1546224030.38
1546224030.41
1546224030.44
1546224030.47
1546224030.51
1546224030.54
1546224030.58
1546224030.61
1546224030.64
1546224030.68
1546224030.71
1546224030.74
1546224030.78
1546224030.81
1546224030.84
1546224030.88
1546224030.91
1546224030.94
1546224030.98
1546224031.01
1546224031.04
1546224031.08
1546224031.11
1546224031.14
1546224031.18
1546224031.21
1546224031.24
1546224031.28
1546224031.31
1546224031.34
1546224031.38
1546224031.41
1546224031.44
1546224031.48
1546224031.51
1546224031.54
1546224031.58
1546224031.61
1546224031.64
1546224031.68
1546224031.71
1546224031.74
1546224031.78
1546224031.81
1546224031.84
1546224031.88
1546224031.91
1546224031.94
1546224031.98
1546224032.01
1546224032.04
1546224032.08
1546224032.11
1546224032.14
1546224032.18
1546224032.21
1546224032.24
1546224032.28
1546224032.31
1546224032.34
1546224032.38
1546224032.41
1546224032.44
1546224032.48
1546224032.51
1546224032.54
1546224032.58
1546224032.61
1546224032.64
1546224032.68
1546224032.71
1546224032.74
1546224032.78
1546224032.81
1546224032.84
1546224032.88
1546224032.91
1546224032.94
1546224032.98
1546224033.01
1546224033.04
1546224033.08
1546224033.11
1546224033.14
1546224033.18
1546224033.21
1546224033.24
1546224033.28
1546224033.31
1546224033.35
1546224033.38
1546224033.41
1546224033.44
1546224033.48
1546224033.51
1546224033.54
1546224033.58
1546224033.61
1546224033.64
1546224033.68
1546224033.71
1546224033.74
1546224033.78
1546224033.81
1546224033.84
1546224033.88
1546224033.91
1546224033.94
1546224033.98
1546224034.01
1546224034.04
1546224034.08
1546224034.11
1546224034.14
1546224034.18
1546224034.21
1546224034.25
1546224034.28
1546224034.31
1546224034.35
1546224034.38
1546224034.41
1546224034.44
1546224034.48
1546224034.51
1546224034.55
1546224034.58
1546224034.61
1546224034.64
1546224034.68
1546224034.71
1546224034.74
1546224034.78
1546224034.81
1546224034.85
1546224034.88
1546224034.91
1546224034.94
1546224034.98
1546224035.01
1546224035.05
1546224035.08
1546224035.11
1546224035.15
1546224035.18
1546224035.21
1546224035.25
1546224035.28
1546224035.31
1546224035.35
1546224035.38
1546224035.41
1546224035.45
1546224035.48
1546224035.51
1546224035.55
1546224035.58
1546224035.61
1546224035.65
1546224035.68
1546224035.71
1546224035.75
1546224035.78
1546224035.81
1546224035.85
1546224035.88
1546224035.91
1546224035.95
1546224035.98
1546224036.01
1546224036.05
1546224036.08
1546224036.11
1546224036.15
1546224036.18
1546224036.21
1546224036.25
1546224036.28
1546224036.31
1546224036.35
1546224036.38
1546224036.41
1546224036.45
1546224036.48
1546224036.51
1546224036.55
1546224036.58
1546224036.61
1546224036.65
1546224036.68
1546224036.71
1546224036.75
1546224036.78
1546224036.81
1546224036.85
1546224036.88
1546224036.91
1546224036.95
1546224036.98
1546224037.01
1546224037.05
1546224037.08
1546224037.11
1546224037.15
1546224037.18
1546224037.21
1546224037.25
1546224037.28
1546224037.31
1546224037.35
1546224037.38
1546224037.41
1546224037.45
1546224037.48
1546224037.52
1546224037.55
1546224037.58
1546224037.62
1546224037.65
1546224037.68
1546224037.71
1546224037.75
1546224037.78
1546224037.82
1546224037.85
1546224037.88
1546224037.91
1546224037.95
1546224037.98
1546224038.02
1546224038.05
1546224038.08
1546224038.12
1546224038.15
1546224038.18
1546224038.21
1546224038.25
1546224038.28
1546224038.32
1546224038.35
1546224038.38
1546224038.41
1546224038.45
1546224038.48
1546224038.51
1546224038.55
1546224038.58
1546224038.61
1546224038.65
1546224038.68
1546224038.71
1546224038.75
1546224038.78
1546224038.81
1546224038.85
1546224038.88
1546224038.91
1546224038.95
1546224038.98
1546224039.01
1546224039.05
1546224039.08
1546224039.11
1546224039.15
1546224039.18
1546224039.21
1546224039.25
1546224039.28
1546224039.31
1546224039.35
1546224039.38
1546224039.41
1546224039.45
1546224039.48
1546224039.51
1546224039.55
1546224039.58
1546224039.61
1546224039.65
1546224039.68
1546224039.71
1546224039.75
1546224039.78
1546224039.81
1546224039.85
1546224039.88
1546224039.91
1546224039.95
1546224039.98
1546224040.01
1546224040.05
1546224040.08
1546224040.12
1546224040.15
1546224040.18
1546224040.21
1546224040.25
1546224040.28
1546224040.31
1546224040.35
1546224040.38
1546224040.41
1546224040.45
1546224040.48
1546224040.52
1546224040.55
1546224040.58
1546224040.61
1546224040.65
1546224040.68
1546224040.71
1546224040.75
1546224040.78
1546224040.81
1546224040.85
1546224040.88
1546224040.91
1546224040.95
1546224040.98
1546224041.01
1546224041.05
1546224041.08
1546224041.11
1546224041.15
1546224041.18
1546224041.21
1546224041.25
1546224041.28
1546224041.31
1546224041.35
1546224041.38
1546224041.41
1546224041.45
1546224041.48
1546224041.51
1546224041.55
1546224041.58
1546224041.61
1546224041.64
1546224041.68
1546224041.71
1546224041.75
1546224041.78
1546224041.81
1546224041.85
1546224041.88
1546224041.91
1546224041.94
1546224041.98
1546224042.01
1546224042.05
1546224042.08
1546224042.11
1546224042.14
1546224042.18
1546224042.21
1546224042.24
1546224042.28
1546224042.31
1546224042.35
1546224042.38
1546224042.41
1546224042.44
1546224042.48
1546224042.51
1546224042.55
1546224042.58
1546224042.61
1546224042.64
1546224042.68
1546224042.71
1546224042.74
1546224042.78
1546224042.81
1546224042.85
1546224042.88
1546224042.91
1546224042.95
1546224042.98
1546224043.01
1546224043.05
1546224043.08
1546224043.11
1546224043.15
1546224043.18
1546224043.21
1546224043.24
1546224043.28
1546224043.31
1546224043.35
1546224043.38
1546224043.41
1546224043.44
1546224043.48
1546224043.51
1546224043.55
1546224043.58
1546224043.61
1546224043.64
1546224043.68
1546224043.71
1546224043.74
1546224043.78
1546224043.81
1546224043.84
1546224043.88
1546224043.91
1546224043.94
1546224043.98
1546224044.01
1546224044.05
1546224044.08
1546224044.11
1546224044.14
1546224044.18
1546224044.21
1546224044.24
1546224044.28
1546224044.31
1546224044.34
1546224044.38
1546224044.41
1546224044.44
1546224044.48
1546224044.51
1546224044.54
1546224044.58
1546224044.61
1546224044.64
1546224044.68
1546224044.71
1546224044.74
1546224044.78
1546224044.81
1546224044.85
1546224044.88
1546224044.91
1546224044.94
1546224044.98
1546224045.01
1546224045.05
1546224045.08
1546224045.11
1546224045.15
1546224045.18
1546224045.21
1546224045.24
1546224045.28
1546224045.31
1546224045.35
1546224045.38
1546224045.41
1546224045.45
1546224045.48
1546224045.51
1546224045.55
1546224045.58
1546224045.61
1546224045.64
1546224045.68
1546224045.71
1546224045.75
1546224045.78
1546224045.81
1546224045.85
1546224045.88
1546224045.91
1546224045.95
1546224045.98
1546224046.01
1546224046.05
1546224046.08
1546224046.11
1546224046.15
1546224046.18
1546224046.21
1546224046.25
1546224046.28
1546224046.31
1546224046.35
1546224046.38
1546224046.41
1546224046.45
1546224046.48
1546224046.51
1546224046.55
1546224046.58
1546224046.62
1546224046.65
1546224046.68
1546224046.71
1546224046.75
1546224046.78
1546224046.81
1546224046.85
1546224046.88
1546224046.91
1546224046.95
1546224046.98
1546224047.02
1546224047.05
1546224047.08
1546224047.12
1546224047.15
1546224047.18
1546224047.21
1546224047.25
1546224047.28
1546224047.31
1546224047.35
1546224047.38
1546224047.42
1546224047.45
1546224047.48
1546224047.52
1546224047.55
1546224047.58
1546224047.62
1546224047.65
1546224047.68
1546224047.72
1546224047.75
1546224047.78
1546224047.82
1546224047.85
1546224047.88
1546224047.92
1546224047.95
1546224047.98
1546224048.02
1546224048.05
1546224048.08
1546224048.12
1546224048.15
1546224048.18
1546224048.22
1546224048.25
1546224048.28
1546224048.32
1546224048.35
1546224048.38
1546224048.42
1546224048.45
1546224048.48
1546224048.52
1546224048.55
1546224048.58
1546224048.62
1546224048.65
1546224048.68
1546224048.72
1546224048.75
1546224048.78
1546224048.82
1546224048.85
1546224048.88
1546224048.92
1546224048.95
1546224048.98
1546224049.02
1546224049.05
1546224049.08
1546224049.12
1546224049.15
1546224049.18
1546224049.22
1546224049.25
1546224049.28
1546224049.32
1546224049.35
1546224049.38
1546224049.42
1546224049.45
1546224049.48
1546224049.52
1546224049.55
1546224049.58
1546224049.62
1546224049.65
1546224049.68
1546224049.72
1546224049.75
1546224049.79
1546224049.82
1546224049.85
1546224049.89
1546224049.92
1546224049.95
1546224049.98
1546224050.02
1546224050.05
1546224050.09
1546224050.12
1546224050.15
1546224050.18
1546224050.22
1546224050.25
1546224050.29
1546224050.32
1546224050.35
1546224050.38
1546224050.42
1546224050.45
1546224050.48
1546224050.52
1546224050.55
1546224050.59
1546224050.62
1546224050.65
1546224050.69
1546224050.72
1546224050.75
1546224051.13
1546224051.16
1546224051.18
1546224051.21
1546224051.25
1546224051.28
1546224051.31
1546224051.35
1546224051.38
1546224051.41
1546224051.45
1546224051.48
1546224051.51
1546224051.55
1546224051.58
1546224051.61
1546224051.65
1546224051.68
1546224051.71
1546224051.75
1546224051.78
1546224051.81
1546224051.85
1546224051.88
1546224051.91
1546224051.94
1546224051.98
1546224052.01
1546224052.05
1546224052.08
1546224052.11
1546224052.15
1546224052.18
1546224052.21
1546224052.24
1546224052.28
1546224052.31
1546224052.35
1546224052.38
1546224052.41
1546224052.44
1546224052.48
1546224052.51
1546224052.55
1546224052.58
1546224052.61
1546224052.64
1546224052.68
1546224052.71
1546224052.74
1546224052.78
1546224052.81
1546224052.84
1546224052.88
1546224052.91
1546224052.94
1546224052.98
1546224053.01
1546224053.05
1546224053.08
1546224053.11
1546224053.15
1546224053.18
1546224053.21
1546224053.24
1546224053.28
1546224053.31
1546224053.35
1546224053.38
1546224053.41
1546224053.44
1546224053.48
1546224053.51
1546224053.55
1546224053.58
1546224053.61
1546224053.64
1546224053.68
1546224053.71
1546224053.75
1546224053.78
1546224053.81
1546224053.85
1546224053.88
1546224053.91
1546224053.95
1546224053.98
1546224054.01
1546224054.05
1546224054.08
1546224054.11
1546224054.15
1546224054.18
1546224054.21
1546224054.25
1546224054.28
1546224054.31
1546224054.35
1546224054.38
1546224054.41
1546224054.45
1546224054.48
1546224054.51
1546224054.55
1546224054.58
1546224054.61
1546224054.65
1546224054.68
1546224054.71
1546224054.75
1546224054.78
1546224054.81
1546224054.85
1546224054.88
1546224054.91
1546224054.95
1546224054.98
1546224055.01
1546224055.05
1546224055.08
1546224055.11
1546224055.14
1546224055.18
1546224055.21
1546224055.24
1546224055.28
1546224055.31
1546224055.35
1546224055.38
1546224055.41
1546224055.45
1546224055.48
1546224055.51
1546224055.55
1546224055.58
1546224055.61
1546224055.64
1546224055.68
1546224055.71
1546224055.75
1546224055.78
1546224055.81
1546224055.85
1546224055.88
1546224055.91
1546224055.94
1546224055.98
1546224056.01
1546224056.05
1546224056.08
1546224056.11
1546224056.15
1546224056.18
1546224056.21
1546224056.25
1546224056.28
1546224056.31
1546224056.35
1546224056.38
1546224056.41
1546224056.45
1546224056.48
1546224056.51
1546224056.55
1546224056.58
1546224056.61
1546224056.65
1546224056.68
1546224056.71
1546224056.75
1546224056.78
1546224056.81
1546224056.85
1546224056.88
1546224056.91
1546224056.94
1546224056.98
1546224057.01
1546224057.05
1546224057.08
1546224057.11
1546224057.14
1546224057.18
1546224057.21
1546224057.25
1546224057.28
1546224057.31
1546224057.34
1546224057.38
1546224057.41
1546224057.44
1546224057.48
1546224057.51
1546224057.55
1546224057.58
1546224057.61
1546224057.64
1546224057.68
1546224057.71
1546224057.74
1546224057.78
1546224057.81
1546224057.84
1546224057.88
1546224057.91
1546224057.94
1546224057.98
1546224058.01
1546224058.04
1546224058.08
1546224058.11
1546224058.14
1546224058.18
1546224058.21
1546224058.24
1546224058.28
1546224058.31
1546224058.34
1546224058.38
1546224058.41
1546224058.44
1546224058.48
1546224058.51
1546224058.54
1546224058.58
1546224058.61
1546224058.64
1546224058.68
1546224058.71
1546224058.74
1546224058.78
1546224058.81
1546224058.84
1546224058.88
1546224058.91
1546224058.94
1546224058.98
1546224059.01
1546224059.04
1546224059.08
1546224059.11
1546224059.14
1546224059.18
1546224059.21
1546224059.24
1546224059.28
1546224059.31
1546224059.35
1546224059.38
1546224059.41
1546224059.44
1546224059.48
1546224059.51
1546224059.54
1546224059.58
1546224059.61
1546224059.64
1546224059.68
1546224059.71
1546224059.74
1546224059.78
1546224059.81
1546224059.84
1546224059.88
1546224059.91
1546224059.94
1546224059.98
1546224060.01
1546224060.04
1546224060.08
1546224060.11
1546224060.14
1546224060.18
1546224060.21
1546224060.24
1546224060.28
1546224060.31
1546224060.34
1546224060.38
1546224060.41
1546224060.44
1546224060.48
1546224060.51
1546224060.54
1546224060.58
1546224060.61
1546224060.64
1546224060.68
1546224060.71
1546224060.74
1546224060.78
1546224060.81
1546224060.85
1546224060.88
1546224060.91
1546224060.94
1546224060.98
1546224061.01
1546224061.04
1546224061.08
1546224061.11
1546224061.14
1546224061.18
1546224061.21
1546224061.24
1546224061.28
1546224061.31
1546224061.34
1546224061.38
1546224061.41
1546224061.44
1546224061.48
1546224061.51
1546224061.54
1546224061.58
1546224061.61
1546224061.64
1546224061.68
1546224061.71
1546224061.74
1546224061.78
1546224061.81
1546224061.84
1546224061.88
1546224061.91
1546224061.94
1546224061.98
1546224062.01
1546224062.04
1546224062.08
1546224062.11
1546224062.14
1546224062.18
1546224062.21
1546224062.24
1546224062.28
1546224062.31
1546224062.34
1546224062.38
1546224062.41
1546224062.44
1546224062.48
1546224062.51
1546224062.54
1546224062.58
1546224062.61
1546224062.64
1546224062.68
1546224062.71
1546224062.74
1546224062.78
1546224062.81
1546224062.84
1546224062.88
1546224062.91
1546224062.94
1546224062.98
1546224063.01
1546224063.04
1546224063.08
1546224063.11
1546224063.14
1546224063.18
1546224063.21
1546224063.24
1546224063.28
1546224063.31
1546224063.34
1546224063.38
1546224063.41
1546224063.44
1546224063.48
1546224063.51
1546224063.54
1546224063.58
1546224063.61
1546224063.64
1546224063.68
1546224063.71
1546224063.74
1546224063.78
1546224063.81
1546224063.84
1546224063.88
1546224063.91
1546224063.94
1546224063.98
1546224064.01
1546224064.05
1546224064.08
1546224064.11
1546224064.14
1546224064.18
1546224064.21
1546224064.24
1546224064.28
1546224064.31
1546224064.34
1546224064.38
1546224064.41
1546224064.44
1546224064.48
1546224064.51
1546224064.55
1546224064.58
1546224064.61
1546224064.64
1546224064.68
1546224064.71
1546224064.74
1546224064.78
1546224064.81
1546224064.84
1546224064.88
1546224064.91
1546224064.94
1546224064.98
1546224065.01
1546224065.05
1546224065.08
1546224065.11
1546224065.14
1546224065.18
1546224065.21
1546224065.24
1546224065.28
1546224065.31
1546224065.35
1546224065.38
1546224065.41
1546224065.44
1546224065.48
1546224065.51
1546224065.54
1546224065.58
1546224065.61
1546224065.64
1546224065.68
1546224065.71
1546224065.74
1546224065.78
1546224065.81
1546224065.85
1546224065.88
1546224065.91
1546224065.94
1546224065.98
1546224066.01
1546224066.04
1546224066.08
1546224066.11
1546224066.14
1546224066.18
1546224066.21
1546224066.24
1546224066.28
1546224066.31
1546224066.34
1546224066.38
1546224066.41
1546224066.44
1546224066.48
1546224066.51
1546224066.54
1546224066.58
1546224066.61
1546224066.64
1546224066.68
1546224066.71
1546224066.74
1546224066.78
1546224066.81
1546224066.84
1546224066.88
1546224066.91
1546224066.94
1546224066.98
1546224067.01
1546224067.04
1546224067.08
1546224067.11
1546224067.14
1546224067.18
1546224067.21
1546224067.24
1546224067.28
1546224067.31
1546224067.34
1546224067.38
1546224067.41
1546224067.44
1546224067.48
1546224067.51
1546224067.54
1546224067.58
1546224067.61
1546224067.64
1546224067.68
1546224067.71
1546224067.74
1546224067.78
1546224067.81
1546224067.84
1546224067.88
1546224067.91
1546224067.94
1546224067.98
1546224068.01
1546224068.04
1546224068.08
1546224068.11
1546224068.14
1546224068.18
1546224068.21
1546224068.24
1546224068.28
1546224068.31
1546224068.34
1546224068.38
1546224068.41
1546224068.44
1546224068.48
1546224068.51
1546224068.54
1546224068.58
1546224068.61
1546224068.64
1546224068.68
1546224068.71
1546224068.74
1546224068.78
1546224068.81
1546224068.85
1546224068.88
1546224068.91
1546224068.94
1546224068.98
1546224069.01
1546224069.04
1546224069.08
1546224069.11
1546224069.14
1546224069.18
1546224069.21
1546224069.24
1546224069.28
1546224069.31
1546224069.34
1546224069.38
1546224069.41
1546224069.44
1546224069.47
1546224069.51
1546224069.54
1546224069.58
1546224069.61
1546224069.64
1546224069.68
1546224069.71
1546224069.74
1546224069.78
1546224069.81
1546224069.84
1546224069.88
1546224069.91
1546224069.94
1546224069.98
1546224070.01
1546224070.04
1546224070.08
1546224070.11
1546224070.14
1546224070.18
1546224070.21
1546224070.24
1546224070.28
1546224070.31
1546224070.34
1546224070.38
1546224070.41
1546224070.44
1546224070.48
1546224070.51
1546224070.54
1546224070.58
1546224070.61
1546224070.64
1546224070.68
1546224070.71
1546224070.74
1546224070.78
1546224070.81
1546224070.84
1546224070.88
1546224070.91
1546224070.94
1546224070.98
1546224071.01
1546224071.05
1546224071.08
1546224071.11
1546224071.14
1546224071.18
1546224071.21
1546224071.24
1546224071.28
1546224071.31
1546224071.35
1546224071.38
1546224071.41
1546224071.45
1546224071.48
1546224071.51
1546224071.55
1546224071.58
1546224071.61
1546224071.65
1546224071.68
1546224071.71
1546224071.75
1546224071.78
1546224071.81
1546224071.85
1546224071.88
1546224071.91
1546224071.95
1546224071.98
1546224072.01
1546224072.05
1546224072.08
1546224072.11
1546224072.15
1546224072.18
1546224072.21
1546224072.25
1546224072.28
1546224072.31
1546224072.35
1546224072.38
1546224072.41
1546224072.45
1546224072.48
1546224072.52
1546224072.55
1546224072.58
1546224072.62
1546224072.65
1546224072.68
1546224072.71
1546224072.75
1546224072.78
1546224072.82
1546224072.85
1546224072.88
1546224072.92
1546224072.95
1546224072.98
1546224073.02
1546224073.05
1546224073.08
1546224073.12
1546224073.15
1546224073.18
1546224073.22
1546224073.25
1546224073.28
1546224073.32
1546224073.35
1546224073.38
1546224073.42
1546224073.45
1546224073.48
1546224073.52
1546224073.55
1546224073.58
1546224073.62
1546224073.65
1546224073.68
1546224073.72
1546224073.75
1546224073.78
1546224073.82
1546224073.85
1546224073.88
1546224073.92
1546224073.95
1546224073.98
1546224074.02
1546224074.05
1546224074.09
1546224074.12
1546224074.15
1546224074.19
1546224074.22
1546224074.25
1546224074.29
1546224074.32
1546224074.35
1546224074.39
1546224074.42
1546224074.45
1546224074.48
1546224074.51
1546224074.55
1546224074.58
1546224074.61
1546224074.64
1546224074.68
1546224074.71
1546224074.74
1546224074.78
1546224074.81
1546224074.85
1546224074.88
1546224074.91
1546224074.95
1546224074.98
1546224075.01
1546224075.05
1546224075.08
1546224075.11
1546224075.14
1546224075.18
1546224075.21
1546224075.24
1546224075.28
1546224075.31
1546224075.34
1546224075.38
1546224075.41
1546224075.44
1546224075.48
1546224075.51
1546224075.55
1546224075.58
1546224075.61
1546224075.64
1546224075.68
1546224075.71
1546224075.74
1546224075.78
1546224075.81
1546224075.84
1546224075.88
1546224075.91
1546224075.94
1546224075.98
1546224076.01
1546224076.04
1546224076.08
1546224076.11
1546224076.14
1546224076.17
1546224076.21
1546224076.24
1546224076.28
1546224076.31
1546224076.34
1546224076.38
1546224076.41
1546224076.44
1546224076.48
1546224076.51
1546224076.54
1546224076.58
1546224076.61
1546224076.64
1546224076.67
1546224076.71
1546224076.74
1546224076.78
1546224076.81
1546224076.84
1546224076.88
1546224076.91
1546224076.94
1546224076.97
1546224077.01
1546224077.04
1546224077.08
1546224077.11
1546224077.14
1546224077.17
1546224077.21
1546224077.24
1546224077.27
1546224077.31
1546224077.34
1546224077.37
1546224077.41
1546224077.44
1546224077.47
1546224077.51
1546224077.54
1546224077.58
1546224077.61
1546224077.64
1546224077.67
1546224077.71
1546224077.74
1546224077.77
1546224077.81
1546224077.84
1546224077.88
1546224077.91
1546224077.94
1546224077.97
1546224078.01
1546224078.04
1546224078.08
1546224078.11
1546224078.14
1546224078.17
1546224078.21
1546224078.24
1546224078.28
1546224078.31
1546224078.34
1546224078.38
1546224078.41
1546224078.44
1546224078.47
1546224078.51
1546224078.54
1546224078.58
1546224078.61
1546224078.64
1546224078.68
1546224078.71
1546224078.74
1546224078.78
1546224078.81
1546224078.84
1546224078.88
1546224078.91
1546224078.94
1546224078.98
1546224079.01
1546224079.04
1546224079.08
1546224079.11
1546224079.14
1546224079.18
1546224079.21
1546224079.24
1546224079.28
1546224079.31
1546224079.34
1546224079.38
1546224079.41
1546224079.44
1546224079.47
1546224079.51
1546224079.54
1546224079.58
1546224079.61
1546224079.64
1546224079.67
1546224079.71
1546224079.74
1546224079.78
1546224079.81
1546224079.84
1546224079.88
1546224079.91
1546224079.94
1546224079.98
1546224080.01
1546224080.04
1546224080.08
1546224080.11
1546224080.14
1546224080.17
1546224080.21
1546224080.24
1546224080.28
1546224080.31
1546224080.34
1546224080.38
1546224080.41
1546224080.44
1546224080.48
1546224080.51
1546224080.54
1546224080.58
1546224080.61
1546224080.64
1546224080.68
1546224080.71
1546224080.74
1546224080.78
1546224080.81
1546224080.84
1546224080.88
1546224080.91
1546224080.94
1546224080.98
1546224081.01
1546224081.04
1546224081.08
1546224081.11
1546224081.14
1546224081.18
1546224081.21
1546224081.24
1546224081.28
1546224081.31
1546224081.34
1546224081.38
1546224081.41
1546224081.44
1546224081.48
1546224081.51
1546224081.54
1546224081.58
1546224081.61
1546224081.64
1546224081.68
1546224081.71
1546224081.74
1546224081.78
1546224081.81
1546224081.84
1546224081.88
1546224081.91
1546224081.94
1546224081.98
1546224082.01
1546224082.04
1546224082.08
1546224082.11
1546224082.14
1546224082.18
1546224082.21
1546224082.24
1546224082.28
1546224082.31
1546224082.34
1546224082.38
1546224082.41
1546224082.44
1546224082.48
1546224082.51
1546224082.54
1546224082.58
1546224082.61
1546224082.64
1546224082.68
1546224082.71
1546224082.74
1546224082.78
1546224082.81
1546224082.85
1546224082.88
1546224082.91
1546224082.94
1546224082.98
1546224083.01
1546224083.05
1546224083.08
1546224083.11
1546224083.14
1546224083.18
1546224083.21
1546224083.24
1546224083.28
1546224083.31
1546224083.34
1546224083.38
1546224083.41
1546224083.44
1546224083.48
1546224083.51
1546224083.55
1546224083.58
1546224083.61
1546224083.64
1546224083.68
1546224083.71
1546224083.74
1546224083.78
1546224083.81
1546224083.85
1546224083.88
1546224083.91
1546224083.95
1546224083.98
1546224084.01
1546224084.05
1546224084.08
1546224084.11
1546224084.15
1546224084.18
1546224084.21
1546224084.24
1546224084.28
1546224084.31
1546224084.35
1546224084.38
1546224084.41
1546224084.45
1546224084.48
1546224084.51
1546224084.55
1546224084.58
1546224084.61
1546224084.65
1546224084.68
1546224084.71
1546224084.75
1546224084.78
1546224084.81
1546224084.85
1546224084.88
1546224084.91
1546224084.95
1546224084.98
1546224085.01
1546224085.05
1546224085.08
1546224085.11
1546224085.14
1546224085.18
1546224085.21
1546224085.25
1546224085.28
1546224085.31
1546224085.35
1546224085.38
1546224085.41
1546224085.44
1546224085.48
1546224085.51
1546224085.55
1546224085.58
1546224085.61
1546224085.65
1546224085.68
1546224085.71
1546224085.74
1546224085.78
1546224085.81
1546224085.85
1546224085.88
1546224085.91
1546224085.95
1546224085.98
1546224086.01
1546224086.05
1546224086.08
1546224086.11
1546224086.15
1546224086.18
1546224086.21
1546224086.25
1546224086.28
1546224086.31
1546224086.35
1546224086.38
1546224086.41
1546224086.44
1546224086.48
1546224086.51
1546224086.55
1546224086.58
1546224086.61
1546224086.64
1546224086.68
1546224086.71
1546224086.74
1546224086.78
1546224086.81
1546224086.85
1546224086.88
1546224086.91
1546224086.95
1546224086.98
1546224087.01
1546224087.05
1546224087.08
1546224087.11
1546224087.14
1546224087.18
1546224087.21
1546224087.24
1546224087.28
1546224087.31
1546224087.35
1546224087.38
1546224087.41
1546224087.45
1546224087.48
1546224087.51
1546224087.55
1546224087.58
1546224087.61
1546224087.65
1546224087.68
1546224087.71
1546224087.74
1546224087.78
1546224087.81
1546224087.84
1546224087.88
1546224087.91
1546224087.94
1546224087.98
1546224088.01
1546224088.04
1546224088.08
1546224088.11
1546224088.14
1546224088.18
1546224088.21
1546224088.24
1546224088.28
1546224088.31
1546224088.34
1546224088.38
1546224088.41
1546224088.44
1546224088.48
1546224088.51
1546224088.55
1546224088.58
1546224088.61
1546224088.64
1546224088.68
1546224088.71
1546224088.74
1546224088.78
1546224088.81
1546224088.85
1546224088.88
1546224088.91
1546224088.95
1546224088.98
1546224089.01
1546224089.05
1546224089.08
1546224089.11
1546224089.15
1546224089.18
1546224089.21
1546224089.25
1546224089.28
1546224089.31
1546224089.35
1546224089.38
1546224089.41
1546224089.45
1546224089.48
1546224089.51
1546224089.55
1546224089.58
1546224089.61
1546224089.64
1546224089.68
1546224089.71
1546224089.75
1546224089.78
1546224089.81
1546224089.85
1546224089.88
1546224089.91
1546224089.94
1546224089.98
1546224090.01
1546224090.04
1546224090.08
1546224090.11
1546224090.14
1546224090.18
1546224090.21
1546224090.24
1546224090.28
1546224090.31
1546224090.35
1546224090.38
1546224090.41
1546224090.44
1546224090.48
1546224090.51
1546224090.54
1546224090.58
1546224090.61
1546224090.64
1546224090.68
1546224090.71
1546224090.74
1546224090.78
1546224090.81
1546224090.85
1546224090.88
1546224090.91
1546224090.94
1546224090.98
1546224091.01
1546224091.05
1546224091.08
1546224091.11
1546224091.14
1546224091.18
1546224091.21
1546224091.24
1546224091.28
1546224091.31
1546224091.35
1546224091.38
1546224091.41
1546224091.45
1546224091.48
1546224091.51
1546224091.55
1546224091.58
1546224091.61
1546224091.65
1546224091.68
1546224091.71
1546224091.75
1546224091.78
1546224091.81
1546224091.85
1546224091.88
1546224091.91
1546224091.95
1546224091.98
1546224092.01
1546224092.05
1546224092.08
1546224092.11
1546224092.15
1546224092.18
1546224092.21
1546224092.24
1546224092.28
1546224092.31
1546224092.35
1546224092.38
1546224092.41
1546224092.44
1546224092.48
1546224092.51
1546224092.55
1546224092.58
1546224092.61
1546224092.65
1546224092.68
1546224092.71
1546224092.74
1546224092.78
1546224092.81
1546224092.85
1546224092.88
1546224092.91
1546224092.95
1546224092.98
1546224093.01
1546224093.05
1546224093.08
1546224093.11
1546224093.14
1546224093.18
1546224093.21
1546224093.24
1546224093.28
1546224093.31
1546224093.35
1546224093.38
1546224093.41
1546224093.45
1546224093.48
1546224093.51
1546224093.55
1546224093.58
1546224093.61
1546224093.65
1546224093.68
1546224093.71
1546224093.75
1546224093.78
1546224093.81
1546224093.85
1546224093.88
1546224093.91
1546224093.95
1546224093.98
1546224094.01
1546224094.05
1546224094.08
1546224094.11
1546224094.15
1546224094.18
1546224094.21
1546224094.25
1546224094.28
1546224094.31
1546224094.35
1546224094.38
1546224094.41
1546224094.45
1546224094.48
1546224094.51
1546224094.55
1546224094.58
1546224094.61
1546224094.65
1546224094.68
1546224094.71
1546224094.75
1546224094.78
1546224094.81
1546224094.85
1546224094.88
1546224094.91
1546224094.95
1546224094.98
1546224095.01
1546224095.05
1546224095.08
1546224095.11
1546224095.15
1546224095.18
1546224095.21
1546224095.25
1546224095.28
1546224095.32
1546224095.35
1546224095.38
1546224095.42
1546224095.45
1546224095.48
1546224095.52
1546224095.55
1546224095.58
1546224095.62
1546224095.65
1546224095.68
1546224095.72
1546224095.75
