1546230654.52
1546230654.67
1546230654.7
1546230654.73
1546230654.77
1546230654.79
1546230654.82
1546230654.85
1546230654.88
1546230654.92
1546230654.95
1546230654.98
1546230655.02
1546230655.05
1546230655.08
1546230655.12
1546230655.15
1546230655.18
1546230655.21
1546230655.25
1546230655.28
1546230655.32
1546230655.35
1546230655.38
1546230655.42
1546230655.45
1546230655.48
1546230655.52
1546230655.55
1546230655.58
1546230655.62
1546230655.65
1546230655.68
1546230655.71
1546230655.75
1546230655.78
1546230655.82
1546230655.85
1546230655.88
1546230655.92
1546230655.95
1546230655.98
1546230656.02
1546230656.05
1546230656.08
1546230656.11
1546230656.15
1546230656.18
1546230656.21
1546230656.25
1546230656.28
1546230656.32
1546230656.35
1546230656.38
1546230656.41
1546230656.45
1546230656.48
1546230656.51
1546230656.55
1546230656.58
1546230656.61
1546230656.65
1546230656.68
1546230656.71
1546230656.75
1546230656.78
1546230656.82
1546230656.85
1546230656.88
1546230656.91
1546230656.95
1546230656.98
1546230657.02
1546230657.05
1546230657.08
1546230657.11
1546230657.15
1546230657.18
1546230657.21
1546230657.25
1546230657.28
1546230657.32
1546230657.35
1546230657.38
1546230657.41
1546230657.45
1546230657.48
1546230657.52
1546230657.55
1546230657.58
1546230657.62
1546230657.65
1546230657.68
1546230657.71
1546230657.75
1546230657.78
1546230657.81
1546230657.85
1546230657.88
1546230657.91
1546230657.95
1546230657.98
1546230658.01
1546230658.05
1546230658.08
1546230658.11
1546230658.15
1546230658.18
1546230658.21
1546230658.25
1546230658.28
1546230658.31
1546230658.35
1546230658.38
1546230658.42
1546230658.45
1546230658.48
1546230658.52
1546230658.55
1546230658.58
1546230658.62
1546230658.65
1546230658.68
1546230658.72
1546230658.75
1546230658.78
1546230658.82
1546230658.85
1546230658.88
1546230658.92
1546230658.95
1546230658.98
1546230659.02
1546230659.05
1546230659.08
1546230659.12
1546230659.15
1546230659.18
1546230659.21
1546230659.25
1546230659.28
1546230659.32
1546230659.35
1546230659.38
1546230659.42
1546230659.45
1546230659.48
1546230659.52
1546230659.55
1546230659.58
1546230659.62
1546230659.65
1546230659.68
1546230659.72
1546230659.75
1546230659.78
1546230659.82
1546230659.85
1546230659.88
1546230659.91
1546230659.95
1546230659.98
1546230660.01
1546230660.05
1546230660.08
1546230660.11
1546230660.15
1546230660.18
1546230660.21
1546230660.25
1546230660.28
1546230660.32
1546230660.35
1546230660.38
1546230660.41
1546230660.45
1546230660.48
1546230660.52
1546230660.55
1546230660.58
1546230660.62
1546230660.65
1546230660.68
1546230660.71
1546230660.75
1546230660.78
1546230660.81
1546230660.85
1546230660.88
1546230660.91
1546230660.95
1546230660.98
1546230661.01
1546230661.05
1546230661.08
1546230661.11
1546230661.15
1546230661.18
1546230661.21
1546230661.25
1546230661.28
1546230661.32
1546230661.35
1546230661.38
1546230661.41
1546230661.45
1546230661.48
1546230661.51
1546230661.55
1546230661.58
1546230661.62
1546230661.65
1546230661.68
1546230661.71
1546230661.75
1546230661.78
1546230661.82
1546230661.85
1546230661.88
1546230661.91
1546230661.95
1546230661.98
1546230662.02
1546230662.05
1546230662.08
1546230662.12
1546230662.15
1546230662.18
1546230662.21
1546230662.25
1546230662.28
1546230662.32
1546230662.35
1546230662.38
1546230662.41
1546230662.45
1546230662.48
1546230662.52
1546230662.55
1546230662.58
1546230662.61
1546230662.65
1546230662.68
1546230662.71
1546230662.75
1546230662.78
1546230662.81
1546230662.85
1546230662.88
1546230662.91
1546230662.95
1546230662.98
1546230663.01
1546230663.05
1546230663.08
1546230663.12
1546230663.15
1546230663.18
1546230663.21
1546230663.25
1546230663.28
1546230663.31
1546230663.35
1546230663.38
1546230663.41
1546230663.45
1546230663.48
1546230663.51
1546230663.55
1546230663.58
1546230663.61
1546230663.65
1546230663.68
1546230663.71
1546230663.75
1546230663.78
1546230663.82
1546230663.85
1546230663.88
1546230663.91
1546230663.95
1546230663.98
1546230664.01
1546230664.05
1546230664.08
1546230664.11
1546230664.15
1546230664.18
1546230664.21
1546230664.25
1546230664.28
1546230664.32
1546230664.35
1546230664.38
1546230664.41
1546230664.45
1546230664.48
1546230664.52
1546230664.55
1546230664.58
1546230664.62
1546230664.65
1546230664.68
1546230664.71
1546230664.75
1546230664.78
1546230664.82
1546230664.85
1546230664.88
1546230664.91
1546230664.95
1546230664.98
1546230665.02
1546230665.05
1546230665.08
1546230665.12
1546230665.15
1546230665.18
1546230665.22
1546230665.25
1546230665.28
1546230665.32
1546230665.35
1546230665.38
1546230665.42
1546230665.45
1546230665.48
1546230665.52
1546230665.55
1546230665.58
1546230665.62
1546230665.65
1546230665.68
1546230665.72
1546230665.75
1546230665.78
1546230665.82
1546230665.85
1546230665.88
1546230665.92
1546230665.95
1546230665.98
1546230666.02
1546230666.05
1546230666.08
1546230666.12
1546230666.15
1546230666.18
1546230666.22
1546230666.25
1546230666.28
1546230666.32
1546230666.35
1546230666.38
1546230666.42
1546230666.45
1546230666.48
1546230666.52
1546230666.55
1546230666.59
1546230666.62
1546230666.65
1546230666.68
1546230666.72
1546230666.75
1546230666.79
1546230666.82
1546230666.85
1546230666.89
1546230666.92
1546230666.95
1546230666.99
1546230667.02
1546230667.05
1546230667.09
1546230667.12
1546230667.15
1546230667.18
1546230667.21
1546230667.24
1546230667.28
1546230667.31
1546230667.35
1546230667.38
1546230667.41
1546230667.44
1546230667.48
1546230667.51
1546230667.55
1546230667.58
1546230667.61
1546230667.64
1546230667.68
1546230667.71
1546230667.74
1546230667.78
1546230667.81
1546230667.85
1546230667.88
1546230667.91
1546230667.94
1546230667.98
1546230668.01
1546230668.05
1546230668.08
1546230668.11
1546230668.14
1546230668.18
1546230668.21
1546230668.24
1546230668.28
1546230668.31
1546230668.35
1546230668.38
1546230668.41
1546230668.44
1546230668.48
1546230668.51
1546230668.55
1546230668.58
1546230668.61
1546230668.64
1546230668.68
1546230668.71
1546230668.74
1546230668.78
1546230668.81
1546230668.84
1546230668.88
1546230668.91
1546230668.94
1546230668.98
1546230669.01
1546230669.04
1546230669.08
1546230669.11
1546230669.14
1546230669.18
1546230669.21
1546230669.24
1546230669.28
1546230669.31
1546230669.34
1546230669.38
1546230669.41
1546230669.44
1546230669.48
1546230669.51
1546230669.54
1546230669.58
1546230669.61
1546230669.64
1546230669.68
1546230669.71
1546230669.74
1546230669.78
1546230669.81
1546230669.84
1546230669.88
1546230669.91
1546230669.94
1546230669.98
1546230670.01
1546230670.04
1546230670.08
1546230670.11
1546230670.14
1546230670.17
1546230670.21
1546230670.24
1546230670.28
1546230670.31
1546230670.34
1546230670.38
1546230670.41
1546230670.44
1546230670.47
1546230670.51
1546230670.54
1546230670.58
1546230670.61
1546230670.64
1546230670.67
1546230670.71
1546230670.74
1546230670.78
1546230670.81
1546230670.84
1546230670.87
1546230670.91
1546230670.94
1546230670.97
1546230671.01
1546230671.04
1546230671.08
1546230671.11
1546230671.14
1546230671.17
1546230671.21
1546230671.24
1546230671.27
1546230671.31
1546230671.34
1546230671.37
1546230671.41
1546230671.44
1546230671.47
1546230671.51
1546230671.54
1546230671.57
1546230671.61
1546230671.64
1546230671.67
1546230671.71
1546230671.74
1546230671.77
1546230671.81
1546230671.84
1546230671.87
1546230671.91
1546230671.94
1546230671.97
1546230672.01
1546230672.04
1546230672.07
1546230672.11
1546230672.14
1546230672.17
1546230672.2
1546230672.24
1546230672.27
1546230672.31
1546230672.34
1546230672.37
1546230672.4
1546230672.44
1546230672.47
1546230672.51
1546230672.54
1546230672.57
1546230672.61
1546230672.64
1546230672.67
1546230672.7
1546230672.74
1546230672.77
1546230672.81
1546230672.84
1546230672.87
1546230672.91
1546230672.94
1546230672.97
1546230673.01
1546230673.04
1546230673.07
1546230673.11
1546230673.14
1546230673.17
1546230673.21
1546230673.24
1546230673.27
1546230673.31
1546230673.34
1546230673.37
1546230673.4
1546230673.44
1546230673.47
1546230673.5
1546230673.54
1546230673.57
1546230673.61
1546230673.64
1546230673.67
1546230673.7
1546230673.74
1546230673.77
1546230673.81
1546230673.84
1546230673.87
1546230673.9
1546230673.94
1546230673.97
1546230674.01
1546230674.04
1546230674.07
1546230674.11
1546230674.14
1546230674.17
1546230674.2
1546230674.24
1546230674.27
1546230674.31
1546230674.34
1546230674.37
1546230674.4
1546230674.44
1546230674.47
1546230674.5
1546230674.54
1546230674.57
1546230674.6
1546230674.64
1546230674.67
1546230674.7
1546230674.74
1546230674.77
1546230674.8
1546230674.84
1546230674.87
1546230674.9
1546230674.94
1546230674.97
1546230675.01
1546230675.04
1546230675.07
1546230675.11
1546230675.14
1546230675.17
1546230675.21
1546230675.24
1546230675.27
1546230675.31
1546230675.34
1546230675.37
1546230675.4
1546230675.44
1546230675.47
1546230675.51
1546230675.54
1546230675.57
1546230675.61
1546230675.64
1546230675.67
1546230675.7
1546230675.74
1546230675.77
1546230675.8
1546230675.84
1546230675.87
1546230675.91
1546230675.94
1546230675.97
1546230676.01
1546230676.04
1546230676.07
1546230676.1
1546230676.14
1546230676.17
1546230676.2
1546230676.24
1546230676.27
1546230676.3
1546230676.34
1546230676.37
1546230676.41
1546230676.44
1546230676.47
1546230676.51
1546230676.54
1546230676.57
1546230676.6
1546230676.64
1546230676.67
1546230676.7
1546230676.74
1546230676.77
1546230676.81
1546230676.84
1546230676.87
1546230676.9
1546230676.94
1546230676.97
1546230677.0
1546230677.04
1546230677.07
1546230677.1
1546230677.14
1546230677.17
1546230677.2
1546230677.24
1546230677.27
1546230677.3
1546230677.34
1546230677.37
1546230677.4
1546230677.44
1546230677.47
1546230677.5
1546230677.54
1546230677.57
1546230677.6
1546230677.64
1546230677.67
1546230677.7
1546230677.74
1546230677.77
1546230677.8
1546230677.84
1546230677.87
1546230677.9
1546230677.94
1546230677.97
1546230678.0
1546230678.04
1546230678.07
1546230678.1
1546230678.14
1546230678.17
1546230678.2
1546230678.24
1546230678.27
1546230678.3
1546230678.34
1546230678.37
1546230678.4
1546230678.44
1546230678.47
1546230678.5
1546230678.54
1546230678.57
1546230678.6
1546230678.64
1546230678.67
1546230678.7
1546230678.74
1546230678.77
1546230678.8
1546230678.84
1546230678.87
1546230678.9
1546230678.94
1546230678.97
1546230679.0
1546230679.04
1546230679.07
1546230679.1
1546230679.14
1546230679.17
1546230679.2
1546230679.24
1546230679.27
1546230679.3
1546230679.34
1546230679.37
1546230679.4
1546230679.44
1546230679.47
1546230679.5
1546230679.54
1546230679.57
1546230679.6
1546230679.64
1546230679.67
1546230679.7
1546230679.74
1546230679.77
1546230679.8
1546230679.84
1546230679.87
1546230679.9
1546230679.94
1546230679.97
1546230680.0
1546230680.04
1546230680.07
1546230680.1
1546230680.14
1546230680.17
1546230680.2
1546230680.24
1546230680.27
1546230680.3
1546230680.34
1546230680.37
1546230680.4
1546230680.44
1546230680.47
1546230680.5
1546230680.54
1546230680.57
1546230680.6
1546230680.63
1546230680.67
1546230680.7
1546230680.73
1546230680.77
1546230680.8
1546230680.84
1546230680.87
1546230680.9
1546230680.94
1546230680.97
1546230681.0
1546230681.04
1546230681.07
1546230681.1
1546230681.14
1546230681.17
1546230681.2
1546230681.23
1546230681.27
1546230681.3
1546230681.34
1546230681.37
1546230681.4
1546230681.44
1546230681.47
1546230681.5
1546230681.54
1546230681.57
1546230681.6
1546230681.63
1546230681.67
1546230681.7
1546230681.73
1546230681.77
1546230681.8
1546230681.84
1546230681.87
1546230681.9
1546230681.93
1546230681.97
1546230682.0
1546230682.04
1546230682.07
1546230682.1
1546230682.13
1546230682.17
1546230682.2
1546230682.23
1546230682.27
1546230682.3
1546230682.34
1546230682.37
1546230682.4
1546230682.43
1546230682.47
1546230682.5
1546230682.54
1546230682.57
1546230682.6
1546230682.63
1546230682.67
1546230682.7
1546230682.73
1546230682.77
1546230682.8
1546230682.83
1546230682.87
1546230682.9
1546230682.93
1546230682.97
1546230683.0
1546230683.04
1546230683.07
1546230683.1
1546230683.13
1546230683.17
1546230683.2
1546230683.23
1546230683.27
1546230683.3
1546230683.33
1546230683.37
1546230683.4
1546230683.43
1546230683.47
1546230683.5
1546230683.53
1546230683.57
1546230683.6
1546230683.63
1546230683.67
1546230683.7
1546230683.73
1546230683.77
1546230683.8
1546230683.83
1546230683.87
1546230683.9
1546230683.93
1546230683.97
1546230684.0
1546230684.03
1546230684.07
1546230684.1
1546230684.13
1546230684.17
1546230684.2
1546230684.23
1546230684.27
1546230684.3
1546230684.33
1546230684.37
1546230684.4
1546230684.43
1546230684.47
1546230684.5
1546230684.53
1546230684.57
1546230684.6
1546230684.63
1546230684.67
1546230684.7
1546230684.73
1546230684.77
1546230684.8
1546230684.83
1546230684.87
1546230684.9
1546230684.93
1546230684.97
1546230685.0
1546230685.03
1546230685.07
1546230685.1
1546230685.13
1546230685.17
1546230685.2
1546230685.23
1546230685.27
1546230685.3
1546230685.33
1546230685.37
1546230685.4
1546230685.43
1546230685.47
1546230685.5
1546230685.53
1546230685.57
1546230685.6
1546230685.63
1546230685.67
1546230685.7
1546230685.73
1546230685.77
1546230685.8
1546230685.83
1546230685.87
1546230685.9
1546230685.93
1546230685.97
1546230686.0
1546230686.03
1546230686.07
1546230686.1
1546230686.13
1546230686.17
1546230686.2
1546230686.23
1546230686.27
1546230686.3
1546230686.33
1546230686.37
1546230686.4
1546230686.43
1546230686.47
1546230686.5
1546230686.53
1546230686.57
1546230686.6
1546230686.63
1546230686.67
1546230686.7
1546230686.73
1546230686.77
1546230686.8
1546230686.83
1546230686.87
1546230686.9
1546230686.93
1546230686.97
1546230687.0
1546230687.03
1546230687.07
1546230687.1
1546230687.13
1546230687.17
1546230687.2
1546230687.23
1546230687.27
1546230687.3
1546230687.33
1546230687.37
1546230687.4
1546230687.43
1546230687.47
1546230687.5
1546230687.54
1546230687.57
1546230687.6
1546230687.63
1546230687.67
1546230687.7
1546230687.73
1546230687.77
1546230687.8
1546230687.84
1546230687.87
1546230687.9
1546230687.94
1546230687.97
1546230688.0
1546230688.04
1546230688.07
1546230688.1
1546230688.13
1546230688.17
1546230688.2
1546230688.24
1546230688.27
1546230688.3
1546230688.34
1546230688.37
1546230688.4
1546230688.44
1546230688.47
1546230688.5
1546230688.54
1546230688.57
1546230688.6
1546230688.63
1546230688.67
1546230688.7
1546230688.74
1546230688.77
1546230688.8
1546230688.84
1546230688.87
1546230688.9
1546230688.93
1546230688.97
1546230689.0
1546230689.04
1546230689.07
1546230689.1
1546230689.13
1546230689.17
1546230689.2
1546230689.24
1546230689.27
1546230689.3
1546230689.34
1546230689.37
1546230689.4
1546230689.44
1546230689.47
1546230689.5
1546230689.54
1546230689.57
1546230689.61
1546230689.64
1546230689.67
1546230689.7
1546230689.74
1546230689.77
1546230689.8
1546230689.84
1546230689.87
1546230689.9
1546230689.94
1546230689.97
1546230690.0
1546230690.04
1546230690.07
1546230690.1
1546230690.14
1546230690.17
1546230690.2
1546230690.24
1546230690.27
1546230690.3
1546230690.34
1546230690.37
1546230690.4
1546230690.44
1546230690.47
1546230690.5
1546230690.54
1546230690.57
1546230690.6
1546230690.64
1546230690.67
1546230690.7
1546230690.73
1546230690.76
1546230690.8
1546230690.83
1546230690.86
1546230690.9
1546230690.93
1546230690.96
1546230691.0
1546230691.03
1546230691.06
1546230691.1
1546230691.13
1546230691.16
1546230691.2
1546230691.23
1546230691.26
1546230691.3
1546230691.33
1546230691.36
1546230691.4
1546230691.43
1546230691.46
1546230691.5
1546230691.53
1546230691.56
1546230691.6
1546230691.63
1546230691.66
1546230691.7
1546230691.73
1546230691.76
1546230691.8
1546230691.83
1546230691.86
1546230691.9
1546230691.93
1546230691.96
1546230692.0
1546230692.03
1546230692.06
1546230692.1
1546230692.13
1546230692.16
1546230692.2
1546230692.23
1546230692.26
1546230692.3
1546230692.33
1546230692.36
1546230692.4
1546230692.43
1546230692.46
1546230692.5
1546230692.53
1546230692.56
1546230692.6
1546230692.63
1546230692.66
1546230692.7
1546230692.73
1546230692.76
1546230692.8
1546230692.83
1546230692.86
1546230692.9
1546230692.93
1546230692.96
1546230693.0
1546230693.03
1546230693.06
1546230693.1
1546230693.13
1546230693.16
1546230693.2
1546230693.23
1546230693.26
1546230693.3
1546230693.33
1546230693.36
1546230693.4
1546230693.43
1546230693.46
1546230693.5
1546230693.53
1546230693.56
1546230693.6
1546230693.63
1546230693.66
1546230693.7
1546230693.73
1546230693.77
1546230693.8
1546230693.83
1546230693.87
1546230693.9
1546230693.93
1546230693.96
1546230694.0
1546230694.03
1546230694.07
1546230694.1
1546230694.13
1546230694.16
1546230694.2
1546230694.23
1546230694.27
1546230694.3
1546230694.33
1546230694.37
1546230694.4
1546230694.43
1546230694.46
1546230694.5
1546230694.53
1546230694.57
1546230694.6
1546230694.63
1546230694.66
1546230694.7
1546230694.73
1546230694.77
1546230694.8
1546230694.83
1546230694.87
1546230694.9
1546230694.93
1546230694.97
1546230695.0
1546230695.03
1546230695.07
1546230695.1
1546230695.13
1546230695.17
1546230695.2
1546230695.23
1546230695.27
1546230695.3
1546230695.33
1546230695.37
1546230695.4
1546230695.43
1546230695.46
1546230695.5
1546230695.53
1546230695.57
1546230695.6
1546230695.63
1546230695.67
1546230695.7
1546230695.73
1546230695.77
1546230695.8
1546230695.83
1546230695.87
1546230695.9
1546230695.93
1546230695.97
1546230696.0
1546230696.03
1546230696.07
1546230696.1
1546230696.13
1546230696.17
1546230696.2
1546230696.23
1546230696.27
1546230696.3
1546230696.33
1546230696.37
1546230696.4
1546230696.43
1546230696.47
1546230696.5
1546230696.53
1546230696.57
1546230696.6
1546230696.63
1546230696.67
1546230696.7
1546230696.73
1546230696.77
1546230696.8
1546230696.83
1546230696.87
1546230696.9
1546230696.93
1546230696.96
1546230697.0
1546230697.03
1546230697.07
1546230697.1
1546230697.13
1546230697.16
1546230697.2
1546230697.23
1546230697.27
1546230697.3
1546230697.33
1546230697.37
1546230697.4
1546230697.43
1546230697.46
1546230697.5
1546230697.53
1546230697.56
1546230697.6
1546230697.63
1546230697.66
1546230697.7
1546230697.73
1546230697.76
1546230697.8
1546230697.83
1546230697.86
1546230697.9
1546230697.93
1546230697.96
1546230698.0
1546230698.03
1546230698.07
1546230698.1
1546230698.13
1546230698.16
1546230698.2
1546230698.23
1546230698.26
1546230698.3
1546230698.33
1546230698.36
1546230698.4
1546230698.43
1546230698.46
1546230698.5
1546230698.53
1546230698.56
1546230698.6
1546230698.63
1546230698.66
1546230698.7
1546230698.73
1546230698.76
1546230698.8
1546230698.83
1546230698.86
1546230698.9
1546230698.93
1546230698.96
1546230699.0
1546230699.03
1546230699.06
1546230699.1
1546230699.13
1546230699.16
1546230699.2
1546230699.23
1546230699.26
1546230699.3
1546230699.33
1546230699.36
1546230699.4
1546230699.43
1546230699.46
1546230699.5
1546230699.53
1546230699.56
1546230699.6
1546230699.63
1546230699.66
1546230699.7
1546230699.73
1546230699.76
1546230699.8
1546230699.83
1546230699.87
1546230699.9
1546230699.93
1546230699.96
1546230700.0
1546230700.03
1546230700.06
1546230700.1
1546230700.13
1546230700.16
1546230700.2
1546230700.23
1546230700.26
1546230700.3
1546230700.33
1546230700.36
1546230700.4
1546230700.43
1546230700.46
1546230700.5
1546230700.53
1546230700.56
1546230700.6
1546230700.63
1546230700.66
1546230700.7
1546230700.73
1546230700.76
1546230700.8
1546230700.83
1546230700.86
1546230700.9
1546230700.93
1546230700.96
1546230701.0
1546230701.03
1546230701.06
1546230701.1
1546230701.13
1546230701.16
1546230701.2
1546230701.23
1546230701.26
1546230701.3
1546230701.33
1546230701.36
1546230701.4
1546230701.43
1546230701.46
1546230701.5
1546230701.53
1546230701.56
1546230701.6
1546230701.63
1546230701.66
1546230701.7
1546230701.73
1546230701.76
1546230701.8
1546230701.83
1546230701.86
1546230701.9
1546230701.93
1546230701.96
1546230702.0
1546230702.03
1546230702.06
1546230702.1
1546230702.13
1546230702.16
1546230702.2
1546230702.23
1546230702.26
1546230702.3
1546230702.33
1546230702.36
1546230702.39
1546230702.43
1546230702.46
1546230702.5
1546230702.53
1546230702.56
1546230702.6
1546230702.63
1546230702.66
1546230702.69
1546230702.73
1546230702.76
1546230702.79
1546230702.83
1546230702.86
1546230702.89
1546230702.93
1546230702.96
1546230702.99
1546230703.03
1546230703.06
1546230703.1
1546230703.13
1546230703.16
1546230703.19
1546230703.23
1546230703.26
1546230703.29
1546230703.33
1546230703.36
1546230703.39
1546230703.43
1546230703.46
1546230703.49
1546230703.53
1546230703.56
1546230703.59
1546230703.63
1546230703.66
1546230703.69
1546230703.73
1546230703.76
1546230703.79
1546230703.83
1546230703.86
1546230703.89
1546230703.93
1546230703.96
1546230703.99
1546230704.03
1546230704.06
1546230704.09
1546230704.13
1546230704.16
1546230704.19
1546230704.23
1546230704.26
1546230704.29
1546230704.33
1546230704.36
1546230704.39
1546230704.43
1546230704.46
1546230704.49
1546230704.53
1546230704.56
1546230704.59
1546230704.62
1546230704.66
1546230704.69
1546230704.72
1546230704.76
1546230704.79
1546230704.83
1546230704.86
1546230704.89
1546230704.93
1546230704.96
1546230704.99
1546230705.03
1546230705.06
1546230705.09
1546230705.13
1546230705.16
1546230705.19
1546230705.23
1546230705.26
1546230705.29
1546230705.33
1546230705.36
1546230705.39
1546230705.42
1546230705.46
1546230705.49
1546230705.53
1546230705.56
1546230705.59
1546230705.63
1546230705.66
1546230705.69
1546230705.72
1546230705.76
1546230705.79
1546230705.83
1546230705.86
1546230705.89
1546230705.92
1546230705.96
1546230705.99
1546230706.03
1546230706.06
1546230706.09
1546230706.12
1546230706.16
1546230706.19
1546230706.22
1546230706.26
1546230706.29
1546230706.33
1546230706.36
1546230706.39
1546230706.43
1546230706.46
1546230706.49
1546230706.53
1546230706.56
1546230706.59
1546230706.63
1546230706.66
1546230706.69
1546230706.73
1546230706.76
1546230706.79
1546230706.83
1546230706.86
1546230706.89
1546230706.93
1546230706.96
1546230706.99
1546230707.03
1546230707.06
1546230707.09
1546230707.13
1546230707.16
1546230707.19
1546230707.23
1546230707.26
1546230707.29
1546230707.33
1546230707.36
1546230707.39
1546230707.43
1546230707.46
1546230707.49
1546230707.53
1546230707.56
1546230707.59
1546230707.62
1546230707.66
1546230707.69
1546230707.73
1546230707.76
1546230707.79
1546230707.83
1546230707.86
1546230707.89
1546230707.93
1546230707.96
1546230707.99
1546230708.03
1546230708.06
1546230708.09
1546230708.12
1546230708.16
1546230708.19
1546230708.23
1546230708.26
1546230708.29
1546230708.33
1546230708.36
1546230708.39
1546230708.43
1546230708.46
1546230708.49
1546230708.53
1546230708.56
1546230708.59
1546230708.62
1546230708.66
1546230708.69
1546230708.73
1546230708.76
1546230708.79
1546230708.83
1546230708.86
1546230708.89
1546230708.92
1546230708.96
1546230708.99
1546230709.03
1546230709.06
1546230709.09
1546230709.12
1546230709.16
1546230709.19
1546230709.22
1546230709.26
1546230709.29
1546230709.33
1546230709.36
1546230709.39
1546230709.43
1546230709.46
1546230709.49
1546230709.53
1546230709.56
1546230709.59
1546230709.63
1546230709.66
1546230709.69
1546230709.73
1546230709.76
1546230709.79
1546230709.83
1546230709.86
1546230709.89
1546230709.93
1546230709.96
1546230709.99
1546230710.03
1546230710.06
1546230710.09
1546230710.13
1546230710.16
1546230710.19
1546230710.23
1546230710.26
1546230710.29
1546230710.33
1546230710.36
1546230710.39
1546230710.43
1546230710.46
1546230710.49
1546230710.53
1546230710.56
1546230710.6
1546230710.63
1546230710.66
1546230710.7
1546230710.73
1546230710.76
1546230710.8
1546230710.83
1546230710.86
1546230710.9
1546230710.93
1546230710.96
1546230711.0
1546230711.03
1546230711.06
1546230711.1
1546230711.13
1546230711.16
1546230711.2
1546230711.23
1546230711.27
1546230711.3
1546230711.33
1546230711.36
1546230711.4
1546230711.43
1546230711.46
1546230711.5
1546230711.53
1546230711.57
1546230711.6
1546230711.63
1546230711.66
1546230711.7
1546230711.73
1546230711.77
1546230711.8
1546230711.83
1546230711.87
1546230711.9
1546230711.93
1546230711.97
1546230712.0
1546230712.03
1546230712.07
1546230712.1
1546230712.13
1546230712.17
1546230712.2
1546230712.23
1546230712.27
1546230712.3
1546230712.33
1546230712.37
1546230712.4
1546230712.43
1546230712.47
1546230712.5
1546230712.53
1546230712.57
1546230712.6
1546230712.63
1546230712.67
1546230712.7
1546230712.73
1546230712.77
1546230712.8
1546230712.83
1546230712.87
1546230712.9
1546230712.93
1546230712.97
1546230713.0
1546230713.04
1546230713.07
1546230713.1
1546230713.13
1546230713.17
1546230713.2
1546230713.23
1546230713.27
1546230713.3
1546230713.34
1546230713.37
1546230713.4
1546230713.44
1546230713.47
1546230713.5
1546230713.54
1546230713.57
1546230713.6
1546230713.64
1546230713.67
1546230713.7
1546230713.74
1546230713.77
1546230713.8
1546230713.84
1546230713.87
1546230713.9
1546230713.94
1546230713.97
1546230714.0
1546230714.04
1546230714.07
1546230714.1
1546230714.14
1546230714.17
1546230714.2
1546230714.23
1546230714.26
1546230714.3
1546230714.33
1546230714.36
1546230714.39
1546230714.43
1546230714.46
1546230714.49
1546230714.53
1546230714.56
1546230714.6
1546230714.63
1546230714.66
1546230714.69
1546230714.73
1546230714.76
1546230714.79
1546230714.83
1546230714.86
1546230714.89
1546230714.93
1546230714.96
1546230714.99
1546230715.03
1546230715.06
1546230715.1
1546230715.13
1546230715.16
1546230715.19
1546230715.23
1546230715.26
1546230715.3
1546230715.33
1546230715.36
1546230715.39
1546230715.43
1546230715.46
1546230715.49
1546230715.53
1546230715.56
1546230715.59
1546230715.63
1546230715.66
1546230715.69
1546230715.73
1546230715.76
1546230715.8
1546230715.83
1546230715.86
1546230715.89
1546230715.93
1546230715.96
1546230715.99
1546230716.03
1546230716.06
1546230716.09
1546230716.13
1546230716.16
1546230716.19
1546230716.23
1546230716.26
1546230716.29
1546230716.33
1546230716.36
1546230716.39
1546230716.43
1546230716.46
1546230716.49
1546230716.53
1546230716.56
1546230716.59
1546230716.63
1546230716.66
1546230716.69
1546230716.73
1546230716.76
1546230716.8
1546230716.83
1546230716.86
1546230716.89
1546230716.93
1546230716.96
1546230716.99
1546230717.03
1546230717.06
1546230717.09
1546230717.13
1546230717.16
1546230717.19
1546230717.23
1546230717.26
1546230717.29
1546230717.33
1546230717.36
1546230717.39
1546230717.43
1546230717.46
1546230717.49
1546230717.53
1546230717.56
1546230717.59
1546230717.63
1546230717.66
1546230717.69
1546230717.73
1546230717.76
1546230717.79
1546230717.83
1546230717.86
1546230717.89
1546230717.93
1546230717.96
1546230717.99
1546230718.03
1546230718.06
1546230718.09
1546230718.13
1546230718.16
1546230718.19
1546230718.23
1546230718.26
1546230718.29
1546230718.33
1546230718.36
1546230718.39
1546230718.43
1546230718.46
1546230718.49
1546230718.53
1546230718.56
1546230718.59
1546230718.63
1546230718.66
1546230718.69
1546230718.73
1546230718.76
1546230718.79
1546230718.83
1546230718.86
1546230718.89
1546230718.93
1546230718.96
1546230718.99
1546230719.03
1546230719.06
1546230719.09
1546230719.12
1546230719.16
1546230719.19
1546230719.23
1546230719.26
1546230719.29
1546230719.33
1546230719.36
1546230719.39
1546230719.43
1546230719.46
1546230719.49
1546230719.53
1546230719.56
1546230719.59
1546230719.62
1546230719.66
1546230719.69
1546230719.73
1546230719.76
1546230719.79
1546230719.83
1546230719.86
1546230719.89
1546230719.93
1546230719.96
1546230719.99
1546230720.03
1546230720.06
1546230720.09
1546230720.12
1546230720.16
1546230720.19
1546230720.23
1546230720.26
1546230720.29
1546230720.33
1546230720.36
1546230720.39
1546230720.42
1546230720.46
1546230720.49
1546230720.52
1546230720.56
1546230720.59
1546230720.62
1546230720.66
1546230720.69
1546230720.73
1546230720.76
1546230720.79
1546230720.83
1546230720.86
1546230720.89
1546230720.92
1546230720.96
1546230720.99
1546230721.03
1546230721.06
1546230721.09
1546230721.12
1546230721.16
1546230721.19
1546230721.22
1546230721.26
1546230721.29
1546230721.33
1546230721.36
1546230721.39
1546230721.43
1546230721.46
1546230721.49
1546230721.53
1546230721.56
1546230721.59
1546230721.62
1546230721.66
1546230721.69
1546230721.72
1546230721.76
1546230721.79
1546230721.82
1546230721.86
1546230721.89
1546230721.92
1546230721.96
1546230721.99
1546230722.02
1546230722.06
1546230722.09
1546230722.12
1546230722.16
1546230722.19
1546230722.22
1546230722.26
1546230722.29
1546230722.33
1546230722.36
1546230722.39
1546230722.42
1546230722.46
1546230722.49
1546230722.52
1546230722.56
1546230722.59
1546230722.62
1546230722.66
1546230722.69
1546230722.72
1546230722.76
1546230722.79
1546230722.82
1546230722.86
1546230722.89
1546230722.92
1546230722.96
1546230722.99
1546230723.02
1546230723.06
1546230723.09
1546230723.12
1546230723.16
1546230723.19
1546230723.22
1546230723.26
1546230723.29
1546230723.32
1546230723.36
1546230723.39
1546230723.42
1546230723.46
1546230723.49
1546230723.52
1546230723.56
1546230723.59
1546230723.62
1546230723.66
1546230723.69
1546230723.72
1546230723.76
1546230723.79
1546230723.82
1546230723.86
1546230723.89
1546230723.92
1546230723.96
1546230723.99
1546230724.03
1546230724.06
1546230724.09
1546230724.12
1546230724.16
1546230724.19
1546230724.22
1546230724.26
1546230724.29
1546230724.32
1546230724.36
1546230724.39
1546230724.42
1546230724.46
1546230724.49
1546230724.52
1546230724.56
1546230724.59
1546230724.62
1546230724.66
1546230724.69
1546230724.72
1546230724.76
1546230724.79
1546230724.82
1546230724.86
1546230724.89
1546230724.92
1546230724.96
1546230724.99
1546230725.02
1546230725.06
1546230725.09
1546230725.12
1546230725.16
1546230725.19
1546230725.22
1546230725.26
1546230725.29
1546230725.32
1546230725.36
1546230725.39
1546230725.42
1546230725.46
1546230725.49
1546230725.52
1546230725.56
1546230725.59
1546230725.62
1546230725.66
1546230725.69
1546230725.72
1546230725.76
1546230725.79
1546230725.82
1546230725.86
1546230725.89
1546230725.92
1546230725.95
1546230725.99
1546230726.02
1546230726.06
1546230726.09
1546230726.12
1546230726.15
1546230726.19
1546230726.22
1546230726.26
1546230726.29
1546230726.32
1546230726.35
1546230726.39
1546230726.42
1546230726.45
1546230726.49
1546230726.52
1546230726.55
1546230726.59
1546230726.62
1546230726.65
1546230726.69
1546230726.72
1546230726.75
1546230726.79
1546230726.82
1546230726.86
1546230726.89
1546230726.92
1546230726.95
1546230726.99
1546230727.02
1546230727.06
1546230727.09
1546230727.12
1546230727.16
1546230727.19
1546230727.22
1546230727.26
1546230727.29
1546230727.32
1546230727.36
1546230727.39
1546230727.42
1546230727.46
1546230727.49
1546230727.52
1546230727.56
1546230727.59
1546230727.62
1546230727.66
1546230727.69
1546230727.72
1546230727.76
1546230727.79
1546230727.82
1546230727.86
1546230727.89
1546230727.92
1546230727.96
1546230727.99
1546230728.02
1546230728.06
1546230728.09
1546230728.12
1546230728.16
1546230728.19
1546230728.22
1546230728.26
1546230728.29
1546230728.32
1546230728.36
1546230728.39
1546230728.42
1546230728.46
1546230728.49
1546230728.53
1546230728.56
1546230728.59
1546230728.63
1546230728.66
1546230728.69
1546230728.72
1546230728.76
1546230728.79
1546230728.82
1546230728.86
1546230728.89
1546230728.92
1546230728.96
1546230728.99
1546230729.02
1546230729.06
1546230729.09
1546230729.12
1546230729.16
1546230729.19
1546230729.22
1546230729.26
1546230729.29
1546230729.32
1546230729.36
1546230729.39
1546230729.42
1546230729.46
1546230729.49
1546230729.52
1546230729.56
1546230729.59
1546230729.62
1546230729.66
1546230729.69
1546230729.72
1546230729.76
1546230729.79
1546230729.82
1546230729.86
1546230729.89
1546230729.92
1546230729.96
1546230729.99
1546230730.02
1546230730.06
1546230730.09
1546230730.12
1546230730.16
1546230730.19
1546230730.22
1546230730.26
1546230730.29
1546230730.32
1546230730.36
1546230730.39
1546230730.42
1546230730.46
1546230730.49
1546230730.52
1546230730.56
1546230730.59
1546230730.62
1546230730.66
1546230730.69
1546230730.72
1546230730.76
1546230730.79
1546230730.82
1546230730.86
1546230730.89
1546230730.92
1546230730.95
1546230730.99
1546230731.02
1546230731.06
1546230731.09
1546230731.12
1546230731.16
1546230731.19
1546230731.22
1546230731.26
1546230731.29
1546230731.32
1546230731.36
1546230731.39
1546230731.42
1546230731.46
1546230731.49
1546230731.52
1546230731.56
1546230731.59
1546230731.62
1546230731.66
1546230731.69
1546230731.72
1546230731.76
1546230731.79
1546230731.82
1546230731.86
1546230731.89
1546230731.92
1546230731.96
1546230731.99
1546230732.02
1546230732.06
1546230732.09
1546230732.12
1546230732.16
1546230732.19
1546230732.22
1546230732.26
1546230732.29
1546230732.32
1546230732.36
1546230732.39
1546230732.42
1546230732.46
1546230732.49
1546230732.52
1546230732.56
1546230732.59
1546230732.62
1546230732.66
1546230732.69
1546230732.72
1546230732.76
1546230732.79
1546230732.82
1546230732.86
1546230732.89
1546230732.92
1546230732.95
1546230732.99
1546230733.02
1546230733.06
1546230733.09
1546230733.12
1546230733.16
1546230733.19
1546230733.22
1546230733.26
1546230733.29
1546230733.32
1546230733.36
1546230733.39
1546230733.42
1546230733.46
1546230733.49
1546230733.52
1546230733.56
1546230733.59
1546230733.62
1546230733.66
1546230733.69
1546230733.72
1546230733.76
1546230733.79
1546230733.82
1546230733.86
1546230733.89
1546230733.92
1546230733.95
1546230733.99
1546230734.02
1546230734.06
1546230734.09
1546230734.12
1546230734.15
1546230734.19
1546230734.22
1546230734.26
1546230734.29
1546230734.32
1546230734.36
1546230734.39
1546230734.42
1546230734.46
1546230734.49
1546230734.52
1546230734.55
1546230734.59
1546230734.62
1546230734.66
1546230734.69
1546230734.72
1546230734.76
1546230734.79
1546230734.82
1546230734.86
1546230734.89
1546230734.92
1546230734.95
1546230734.99
1546230735.02
1546230735.06
1546230735.09
1546230735.12
1546230735.16
1546230735.19
1546230735.22
1546230735.26
1546230735.29
1546230735.32
1546230735.36
1546230735.39
1546230735.42
1546230735.46
1546230735.49
1546230735.52
1546230735.56
1546230735.59
1546230735.62
1546230735.66
1546230735.69
1546230735.72
1546230735.76
1546230735.79
1546230735.82
1546230735.86
1546230735.89
1546230735.92
1546230735.96
1546230735.99
1546230736.02
1546230736.06
1546230736.09
1546230736.12
1546230736.16
1546230736.19
1546230736.22
1546230736.26
1546230736.29
1546230736.32
1546230736.36
1546230736.39
1546230736.42
1546230736.46
1546230736.49
1546230736.53
1546230736.56
1546230736.59
1546230736.62
1546230736.66
1546230736.69
1546230736.72
1546230736.76
1546230736.79
1546230736.83
1546230736.86
1546230736.89
1546230736.92
1546230736.96
1546230736.99
1546230737.03
1546230737.06
1546230737.09
1546230737.13
1546230737.16
1546230737.19
1546230737.22
1546230737.26
1546230737.29
1546230737.33
1546230737.36
1546230737.39
1546230737.42
1546230737.45
1546230737.48
1546230737.52
1546230737.55
1546230737.59
1546230737.62
1546230737.65
1546230737.69
1546230737.72
1546230737.75
1546230737.79
1546230737.82
1546230737.85
1546230737.89
1546230737.92
1546230737.95
1546230737.98
1546230738.02
1546230738.05
1546230738.09
1546230738.12
1546230738.15
1546230738.18
1546230738.22
1546230738.25
1546230738.29
1546230738.32
1546230738.35
1546230738.38
1546230738.42
1546230738.45
1546230738.48
1546230738.52
1546230738.55
1546230738.59
1546230738.62
1546230738.65
1546230738.68
1546230738.72
1546230738.75
1546230738.79
1546230738.82
1546230738.85
1546230738.88
1546230738.92
1546230738.95
1546230738.99
1546230739.02
1546230739.05
1546230739.09
1546230739.12
1546230739.15
1546230739.19
1546230739.22
1546230739.25
1546230739.29
1546230739.32
1546230739.35
1546230739.38
1546230739.42
1546230739.45
1546230739.48
1546230739.52
1546230739.55
1546230739.59
1546230739.62
1546230739.65
1546230739.68
1546230739.72
1546230739.75
1546230739.79
1546230739.82
1546230739.85
1546230739.88
1546230739.92
1546230739.95
1546230739.98
1546230740.02
1546230740.05
1546230740.09
1546230740.12
1546230740.15
1546230740.18
1546230740.22
1546230740.25
1546230740.29
1546230740.32
1546230740.35
1546230740.38
1546230740.42
1546230740.45
1546230740.49
1546230740.52
1546230740.55
1546230740.59
1546230740.62
1546230740.65
1546230740.69
1546230740.72
1546230740.75
1546230740.79
1546230740.82
1546230740.85
1546230740.88
1546230740.92
1546230740.95
1546230740.98
1546230741.02
1546230741.05
1546230741.09
1546230741.12
1546230741.15
1546230741.18
1546230741.22
1546230741.25
1546230741.28
1546230741.32
1546230741.35
1546230741.38
1546230741.42
1546230741.45
1546230741.48
1546230741.52
1546230741.55
1546230741.59
1546230741.62
1546230741.65
1546230741.68
1546230741.72
1546230741.75
1546230741.79
1546230741.82
1546230741.85
1546230741.88
1546230741.92
1546230741.95
1546230741.98
1546230742.02
1546230742.05
1546230742.09
1546230742.12
1546230742.15
1546230742.18
1546230742.22
1546230742.25
1546230742.29
1546230742.32
1546230742.35
1546230742.38
1546230742.42
1546230742.45
1546230742.48
1546230742.52
1546230742.55
1546230742.58
1546230742.62
1546230742.65
1546230742.68
1546230742.72
1546230742.75
1546230742.78
1546230742.82
1546230742.85
1546230742.88
1546230742.92
1546230742.95
1546230742.98
1546230743.02
1546230743.05
1546230743.08
1546230743.12
1546230743.15
1546230743.18
1546230743.22
1546230743.25
1546230743.28
1546230743.32
1546230743.35
1546230743.38
1546230743.42
1546230743.45
1546230743.48
1546230743.52
1546230743.55
1546230743.58
1546230743.62
1546230743.65
1546230743.68
1546230743.72
1546230743.75
1546230743.78
1546230743.82
1546230743.85
1546230743.88
1546230743.92
1546230743.95
1546230743.98
1546230744.02
1546230744.05
1546230744.08
1546230744.12
1546230744.15
1546230744.18
1546230744.22
1546230744.25
1546230744.28
1546230744.32
1546230744.35
1546230744.38
1546230744.42
1546230744.45
1546230744.48
1546230744.52
1546230744.55
1546230744.58
1546230744.62
1546230744.65
1546230744.68
1546230744.72
1546230744.75
1546230744.78
1546230744.82
1546230744.85
1546230744.88
1546230744.92
1546230744.95
1546230744.98
1546230745.02
1546230745.05
1546230745.08
1546230745.12
1546230745.15
1546230745.18
1546230745.22
1546230745.25
1546230745.28
1546230745.32
1546230745.35
1546230745.38
1546230745.42
1546230745.45
1546230745.48
1546230745.52
1546230745.55
1546230745.58
1546230745.62
1546230745.65
1546230745.68
1546230745.72
1546230745.75
1546230745.78
1546230745.82
1546230745.85
1546230745.88
1546230745.92
1546230745.95
1546230745.98
1546230746.02
1546230746.05
1546230746.08
1546230746.12
1546230746.15
1546230746.18
1546230746.22
1546230746.25
1546230746.28
1546230746.32
1546230746.35
1546230746.38
1546230746.42
1546230746.45
1546230746.48
1546230746.52
1546230746.55
1546230746.58
1546230746.62
1546230746.65
1546230746.68
1546230746.72
1546230746.75
1546230746.78
1546230746.82
1546230746.85
1546230746.88
1546230746.92
1546230746.95
1546230746.98
1546230747.02
1546230747.05
1546230747.08
1546230747.12
1546230747.15
1546230747.18
1546230747.22
1546230747.25
1546230747.28
1546230747.32
1546230747.35
1546230747.38
1546230747.42
1546230747.45
1546230747.48
1546230747.52
1546230747.55
1546230747.58
1546230747.62
1546230747.65
1546230747.68
1546230747.72
1546230747.75
1546230747.78
1546230747.82
1546230747.85
1546230747.88
1546230747.92
1546230747.95
1546230747.98
1546230748.02
1546230748.05
1546230748.08
1546230748.12
1546230748.15
1546230748.18
1546230748.22
1546230748.25
1546230748.28
1546230748.32
1546230748.35
1546230748.38
1546230748.42
1546230748.45
1546230748.48
1546230748.52
1546230748.55
1546230748.58
1546230748.62
1546230748.65
1546230748.68
1546230748.71
1546230748.75
1546230748.78
1546230748.82
1546230748.85
1546230748.88
1546230748.92
1546230748.95
1546230748.98
1546230749.02
1546230749.05
1546230749.08
1546230749.12
1546230749.15
1546230749.18
1546230749.21
1546230749.25
1546230749.28
1546230749.32
1546230749.35
1546230749.38
1546230749.41
1546230749.45
1546230749.48
1546230749.52
1546230749.55
1546230749.58
1546230749.62
1546230749.65
1546230749.68
1546230749.71
1546230749.75
1546230749.78
1546230749.81
1546230749.85
1546230749.88
1546230749.91
1546230749.95
1546230749.98
1546230750.02
1546230750.05
1546230750.08
1546230750.11
1546230750.15
1546230750.18
1546230750.21
1546230750.25
1546230750.28
1546230750.32
1546230750.35
1546230750.38
1546230750.41
1546230750.45
1546230750.48
1546230750.51
1546230750.55
1546230750.58
1546230750.61
1546230750.65
1546230750.68
1546230750.71
1546230750.75
1546230750.78
1546230750.81
1546230750.85
1546230750.88
1546230750.91
1546230750.95
1546230750.98
1546230751.01
1546230751.05
1546230751.08
1546230751.11
1546230751.15
1546230751.18
1546230751.21
1546230751.25
1546230751.28
1546230751.31
1546230751.35
1546230751.38
1546230751.41
1546230751.45
1546230751.48
1546230751.51
1546230751.55
1546230751.58
1546230751.62
1546230751.65
1546230751.68
1546230751.71
1546230751.75
1546230751.78
1546230751.81
1546230751.85
1546230751.88
1546230751.91
1546230751.95
1546230751.98
1546230752.01
1546230752.05
1546230752.08
1546230752.12
1546230752.15
1546230752.18
1546230752.21
1546230752.25
1546230752.28
1546230752.32
1546230752.35
1546230752.38
1546230752.41
1546230752.45
1546230752.48
1546230752.51
1546230752.55
1546230752.58
1546230752.62
1546230752.65
1546230752.68
1546230752.71
1546230752.75
1546230752.78
1546230752.81
1546230752.85
1546230752.88
1546230752.91
1546230752.95
1546230752.98
1546230753.02
1546230753.05
1546230753.08
1546230753.12
1546230753.15
1546230753.18
1546230753.21
1546230753.25
1546230753.28
1546230753.32
1546230753.35
1546230753.38
1546230753.41
1546230753.45
1546230753.48
1546230753.52
1546230753.55
1546230753.58
1546230753.61
1546230753.65
1546230753.68
1546230753.71
1546230753.75
1546230753.78
1546230753.82
1546230753.85
1546230753.88
1546230753.91
1546230753.95
1546230753.98
1546230754.02
1546230754.05
1546230754.08
1546230754.11
1546230754.15
1546230754.18
1546230754.21
1546230754.25
1546230754.28
1546230754.32
1546230754.35
1546230754.38
1546230754.41
1546230754.45
1546230754.48
1546230754.52
1546230754.55
1546230754.58
1546230754.61
1546230754.65
1546230754.68
1546230754.71
1546230754.75
1546230754.78
1546230754.82
1546230754.85
1546230754.88
1546230754.92
1546230754.95
1546230754.98
1546230755.02
1546230755.05
1546230755.08
1546230755.12
1546230755.15
1546230755.18
1546230755.22
1546230755.25
1546230755.28
1546230755.32
1546230755.35
1546230755.38
1546230755.42
1546230755.45
1546230755.48
1546230755.52
1546230755.55
1546230755.58
1546230755.62
1546230755.65
1546230755.68
1546230755.72
1546230755.75
1546230755.78
1546230755.82
1546230755.85
1546230755.88
1546230755.92
1546230755.95
1546230755.98
1546230756.02
1546230756.05
1546230756.08
1546230756.12
1546230756.15
1546230756.18
1546230756.22
1546230756.25
1546230756.28
1546230756.32
1546230756.35
1546230756.38
1546230756.42
1546230756.45
1546230756.48
1546230756.52
1546230756.55
1546230756.59
1546230756.62
1546230756.65
1546230756.68
1546230756.72
1546230756.75
1546230756.78
1546230756.82
1546230756.85
1546230756.88
1546230756.92
1546230756.95
1546230756.98
1546230757.02
1546230757.05
1546230757.09
1546230757.12
1546230757.15
1546230757.19
1546230757.22
1546230757.25
1546230757.29
1546230757.32
1546230757.35
1546230757.38
1546230757.42
1546230757.45
1546230757.49
1546230757.52
1546230757.55
1546230757.59
1546230757.62
1546230757.65
1546230757.68
1546230757.72
1546230757.75
1546230757.79
1546230757.82
1546230757.85
1546230757.88
1546230757.92
1546230757.95
1546230757.99
1546230758.02
1546230758.05
1546230758.09
1546230758.12
1546230758.15
1546230758.19
1546230758.22
1546230758.25
1546230758.29
1546230758.32
1546230758.35
1546230758.39
1546230758.42
1546230758.45
1546230758.48
1546230758.52
1546230758.55
1546230758.59
1546230758.62
1546230758.65
1546230758.69
1546230758.72
1546230758.75
1546230758.79
1546230758.82
1546230758.85
1546230758.89
1546230758.92
1546230758.95
1546230758.99
1546230759.02
1546230759.05
1546230759.09
1546230759.12
1546230759.15
1546230759.19
1546230759.22
1546230759.25
1546230759.29
1546230759.32
1546230759.35
1546230759.39
1546230759.42
1546230759.45
1546230759.49
1546230759.52
1546230759.55
1546230759.59
1546230759.62
1546230759.65
1546230759.69
1546230759.72
1546230759.76
1546230759.79
1546230759.82
1546230759.86
1546230759.89
1546230759.92
1546230759.95
1546230759.99
1546230760.02
1546230760.06
1546230760.09
1546230760.12
1546230760.15
1546230760.19
1546230760.22
1546230760.26
1546230760.29
1546230760.32
1546230760.36
1546230760.39
1546230760.42
1546230760.45
1546230760.49
1546230760.52
1546230760.56
1546230760.59
1546230760.62
1546230760.66
1546230760.69
1546230760.72
1546230760.75
1546230760.78
1546230760.82
1546230760.85
1546230760.88
1546230760.91
1546230760.95
1546230760.98
1546230761.02
1546230761.05
1546230761.08
1546230761.12
1546230761.15
1546230761.18
1546230761.22
1546230761.25
1546230761.28
1546230761.32
1546230761.35
1546230761.38
1546230761.41
1546230761.45
1546230761.48
1546230761.52
1546230761.55
1546230761.58
1546230761.62
1546230761.65
1546230761.68
1546230761.72
1546230761.75
1546230761.78
1546230761.82
1546230761.85
1546230761.88
1546230761.91
1546230761.95
1546230761.98
1546230762.02
1546230762.05
1546230762.08
1546230762.12
1546230762.15
1546230762.18
1546230762.22
1546230762.25
1546230762.28
1546230762.32
1546230762.35
1546230762.38
1546230762.42
1546230762.45
1546230762.48
1546230762.52
1546230762.55
1546230762.58
1546230762.62
1546230762.65
1546230762.68
1546230762.71
1546230762.75
1546230762.78
1546230762.82
1546230762.85
1546230762.88
1546230762.92
1546230762.95
1546230762.98
1546230763.02
1546230763.05
1546230763.08
1546230763.12
1546230763.15
1546230763.18
1546230763.21
1546230763.25
1546230763.28
1546230763.32
1546230763.35
1546230763.38
1546230763.42
1546230763.45
1546230763.48
1546230763.52
1546230763.55
1546230763.58
1546230763.62
1546230763.65
1546230763.68
1546230763.72
1546230763.75
1546230763.78
1546230763.82
1546230763.85
1546230763.88
1546230763.92
1546230763.95
1546230763.98
1546230764.02
1546230764.05
1546230764.08
1546230764.12
1546230764.15
1546230764.18
1546230764.22
1546230764.25
1546230764.28
1546230764.32
1546230764.35
1546230764.38
1546230764.42
1546230764.45
1546230764.48
1546230764.52
1546230764.55
1546230764.58
1546230764.62
1546230764.65
1546230764.68
1546230764.71
1546230764.75
1546230764.78
1546230764.82
1546230764.85
1546230764.88
1546230764.91
1546230764.95
1546230764.98
1546230765.01
1546230765.05
1546230765.08
1546230765.11
1546230765.15
1546230765.18
1546230765.21
1546230765.25
1546230765.28
1546230765.32
1546230765.35
1546230765.38
1546230765.41
1546230765.45
1546230765.48
1546230765.52
1546230765.55
1546230765.58
1546230765.62
1546230765.65
1546230765.68
1546230765.72
1546230765.75
1546230765.78
1546230765.82
1546230765.85
1546230765.88
1546230765.91
1546230765.95
1546230765.98
1546230766.02
1546230766.05
1546230766.08
1546230766.12
1546230766.15
1546230766.18
1546230766.22
1546230766.25
1546230766.28
1546230766.32
1546230766.35
1546230766.38
1546230766.41
1546230766.45
1546230766.48
1546230766.52
1546230766.55
1546230766.58
1546230766.62
1546230766.65
1546230766.68
1546230766.72
1546230766.75
1546230766.78
1546230766.82
1546230766.85
1546230766.88
1546230766.92
1546230766.95
1546230766.98
1546230767.02
1546230767.05
1546230767.08
1546230767.12
1546230767.15
1546230767.18
1546230767.22
1546230767.25
1546230767.28
1546230767.32
1546230767.35
1546230767.38
1546230767.42
1546230767.45
1546230767.48
1546230767.52
1546230767.55
1546230767.58
1546230767.62
1546230767.65
1546230767.68
1546230767.72
1546230767.75
1546230767.78
1546230767.82
1546230767.85
1546230767.88
1546230767.92
1546230767.95
1546230767.98
1546230768.02
1546230768.05
1546230768.08
1546230768.12
1546230768.15
1546230768.18
1546230768.22
1546230768.25
1546230768.28
1546230768.32
1546230768.35
1546230768.38
1546230768.42
1546230768.45
1546230768.48
1546230768.52
1546230768.55
1546230768.58
1546230768.62
1546230768.65
1546230768.68
1546230768.72
1546230768.75
1546230768.78
1546230768.82
1546230768.85
1546230768.88
1546230768.92
1546230768.95
1546230768.98
1546230769.02
1546230769.05
1546230769.08
1546230769.12
1546230769.15
1546230769.18
1546230769.22
1546230769.25
1546230769.28
1546230769.32
1546230769.35
1546230769.38
1546230769.42
1546230769.45
1546230769.48
1546230769.52
1546230769.55
1546230769.58
1546230769.62
1546230769.65
1546230769.68
1546230769.72
1546230769.75
1546230769.78
1546230769.82
1546230769.85
1546230769.88
1546230769.91
1546230769.95
1546230769.98
1546230770.02
1546230770.05
1546230770.08
1546230770.12
1546230770.15
1546230770.18
1546230770.22
1546230770.25
1546230770.29
1546230770.32
1546230770.35
1546230770.38
1546230770.41
1546230770.45
1546230770.48
1546230770.52
1546230770.55
1546230770.58
1546230770.62
1546230770.65
1546230770.68
1546230770.72
1546230770.75
1546230770.78
1546230770.82
1546230770.85
1546230770.88
1546230770.92
1546230770.95
1546230770.98
1546230771.02
1546230771.05
1546230771.08
1546230771.12
1546230771.15
1546230771.18
1546230771.21
1546230771.25
1546230771.28
1546230771.32
1546230771.35
1546230771.38
1546230771.42
1546230771.45
1546230771.48
1546230771.52
1546230771.55
1546230771.58
1546230771.62
1546230771.65
1546230771.68
1546230771.72
1546230771.75
1546230771.78
1546230771.82
1546230771.85
1546230771.88
1546230771.92
1546230771.95
1546230771.98
1546230772.02
1546230772.05
1546230772.08
1546230772.12
1546230772.15
1546230772.18
1546230772.22
1546230772.25
1546230772.28
1546230772.32
1546230772.35
1546230772.38
1546230772.42
1546230772.45
1546230772.48
1546230772.52
1546230772.55
1546230772.58
1546230772.62
1546230772.65
1546230772.68
1546230772.72
1546230772.75
1546230772.78
1546230772.82
1546230772.85
1546230772.88
1546230772.92
1546230772.95
1546230772.98
1546230773.02
1546230773.05
1546230773.08
1546230773.12
1546230773.15
1546230773.18
1546230773.22
1546230773.25
1546230773.29
1546230773.32
1546230773.35
1546230773.38
1546230773.42
1546230773.45
1546230773.48
1546230773.52
1546230773.55
1546230773.58
1546230773.62
1546230773.65
1546230773.68
1546230773.72
1546230773.75
1546230773.78
1546230773.82
1546230773.85
1546230773.88
1546230773.92
1546230773.95
1546230773.98
1546230774.02
1546230774.05
1546230774.08
1546230774.12
1546230774.15
1546230774.18
1546230774.22
1546230774.25
1546230774.28
1546230774.32
1546230774.35
1546230774.38
1546230774.42
1546230774.45
1546230774.48
1546230774.52
1546230774.55
1546230774.58
1546230774.62
1546230774.65
1546230774.68
1546230774.72
1546230774.75
1546230774.78
1546230774.82
1546230774.85
1546230774.88
1546230774.92
1546230774.95
1546230774.98
1546230775.02
1546230775.05
1546230775.08
1546230775.12
1546230775.15
1546230775.18
1546230775.22
1546230775.25
1546230775.28
1546230775.32
1546230775.35
1546230775.38
1546230775.42
1546230775.45
1546230775.48
1546230775.52
1546230775.55
1546230775.58
1546230775.62
1546230775.65
1546230775.68
1546230775.71
1546230775.75
1546230775.78
1546230775.82
1546230775.85
1546230775.88
1546230775.92
1546230775.95
1546230775.98
1546230776.02
1546230776.05
1546230776.08
1546230776.12
1546230776.15
1546230776.18
1546230776.22
1546230776.25
1546230776.28
1546230776.32
1546230776.35
1546230776.38
1546230776.42
1546230776.45
1546230776.48
1546230776.52
1546230776.55
1546230776.58
1546230776.62
1546230776.65
1546230776.68
1546230776.72
1546230776.75
1546230776.78
1546230776.82
1546230776.85
1546230776.88
1546230776.92
1546230776.95
1546230776.98
1546230777.02
1546230777.05
1546230777.08
1546230777.12
1546230777.15
1546230777.18
1546230777.21
1546230777.25
1546230777.28
1546230777.32
1546230777.35
1546230777.38
1546230777.42
1546230777.45
1546230777.48
1546230777.52
1546230777.55
1546230777.58
1546230777.62
1546230777.65
1546230777.68
1546230777.71
1546230777.75
1546230777.78
1546230777.82
1546230777.85
1546230777.88
1546230777.92
1546230777.95
1546230777.98
1546230778.02
1546230778.05
1546230778.08
1546230778.12
1546230778.15
1546230778.18
1546230778.22
1546230778.25
1546230778.28
1546230778.32
1546230778.35
1546230778.38
1546230778.45
1546230778.48
1546230778.51
1546230778.54
1546230778.56
1546230778.59
1546230778.62
1546230778.65
1546230778.68
1546230778.72
1546230778.75
1546230778.78
1546230778.82
1546230778.85
1546230778.88
1546230778.91
1546230778.95
1546230778.98
1546230779.02
