1546223669.95
1546223670.09
1546223670.13
1546223670.16
1546223670.19
1546223670.22
1546223670.25
1546223670.28
1546223670.31
1546223670.34
1546223670.38
1546223670.41
1546223670.44
1546223670.48
1546223670.51
1546223670.54
1546223670.58
1546223670.61
1546223670.64
1546223670.68
1546223670.71
1546223670.74
1546223670.78
1546223670.81
1546223670.85
1546223670.88
1546223670.91
1546223670.94
1546223670.98
1546223671.01
1546223671.04
1546223671.08
1546223671.11
1546223671.14
1546223671.18
1546223671.21
1546223671.24
1546223671.28
1546223671.31
1546223671.34
1546223671.38
1546223671.41
1546223671.44
1546223671.48
1546223671.51
1546223671.54
1546223671.58
1546223671.61
1546223671.64
1546223671.68
1546223671.71
1546223671.74
1546223671.78
1546223671.81
1546223671.84
1546223671.88
1546223671.91
1546223671.94
1546223671.98
1546223672.01
1546223672.04
1546223672.08
1546223672.11
1546223672.14
1546223672.18
1546223672.21
1546223672.24
1546223672.28
1546223672.31
1546223672.34
1546223672.38
1546223672.41
1546223672.44
1546223672.48
1546223672.51
1546223672.55
1546223672.58
1546223672.61
1546223672.64
1546223672.68
1546223672.71
1546223672.74
1546223672.78
1546223672.81
1546223672.85
1546223672.88
1546223672.91
1546223672.94
1546223672.98
1546223673.01
1546223673.05
1546223673.08
1546223673.11
1546223673.14
1546223673.18
1546223673.21
1546223673.24
1546223673.28
1546223673.31
1546223673.35
1546223673.38
1546223673.41
1546223673.45
1546223673.48
1546223673.51
1546223673.55
1546223673.58
1546223673.61
1546223673.64
1546223673.68
1546223673.71
1546223673.74
1546223673.78
1546223673.81
1546223673.84
1546223673.88
1546223673.91
1546223673.94
1546223673.98
1546223674.01
1546223674.05
1546223674.08
1546223674.11
1546223674.14
1546223674.18
1546223674.21
1546223674.25
1546223674.28
1546223674.31
1546223674.34
1546223674.38
1546223674.41
1546223674.44
1546223674.48
1546223674.51
1546223674.55
1546223674.58
1546223674.61
1546223674.64
1546223674.68
1546223674.71
1546223674.75
1546223674.78
1546223674.81
1546223674.85
1546223674.88
1546223674.91
1546223674.94
1546223674.98
1546223675.01
1546223675.05
1546223675.08
1546223675.11
1546223675.14
1546223675.18
1546223675.21
1546223675.25
1546223675.28
1546223675.31
1546223675.35
1546223675.38
1546223675.41
1546223675.44
1546223675.48
1546223675.51
1546223675.55
1546223675.58
1546223675.61
1546223675.65
1546223675.68
1546223675.71
1546223675.75
1546223675.78
1546223675.81
1546223675.85
1546223675.88
1546223675.91
1546223675.95
1546223675.98
1546223676.01
1546223676.05
1546223676.08
1546223676.11
1546223676.14
1546223676.18
1546223676.21
1546223676.24
1546223676.28
1546223676.31
1546223676.35
1546223676.38
1546223676.41
1546223676.45
1546223676.48
1546223676.51
1546223676.55
1546223676.58
1546223676.61
1546223676.64
1546223676.68
1546223676.71
1546223676.74
1546223676.78
1546223676.81
1546223676.85
1546223676.88
1546223676.91
1546223676.94
1546223676.98
1546223677.01
1546223677.05
1546223677.08
1546223677.11
1546223677.14
1546223677.18
1546223677.21
1546223677.24
1546223677.28
1546223677.31
1546223677.35
1546223677.38
1546223677.41
1546223677.45
1546223677.48
1546223677.51
1546223677.55
1546223677.58
1546223677.61
1546223677.65
1546223677.68
1546223677.71
1546223677.75
1546223677.78
1546223677.81
1546223677.85
1546223677.88
1546223677.91
1546223677.95
1546223677.98
1546223678.01
1546223678.05
1546223678.08
1546223678.11
1546223678.15
1546223678.18
1546223678.21
1546223678.25
1546223678.28
1546223678.31
1546223678.35
1546223678.38
1546223678.41
1546223678.45
1546223678.48
1546223678.51
1546223678.55
1546223678.58
1546223678.62
1546223678.65
1546223678.68
1546223678.71
1546223678.75
1546223678.78
1546223678.82
1546223678.85
1546223678.88
1546223678.91
1546223678.95
1546223678.98
1546223679.02
1546223679.05
1546223679.08
1546223679.12
1546223679.15
1546223679.18
1546223679.21
1546223679.25
1546223679.28
1546223679.32
1546223679.35
1546223679.38
1546223679.42
1546223679.45
1546223679.48
1546223679.52
1546223679.55
1546223679.58
1546223679.62
1546223679.65
1546223679.68
1546223679.72
1546223679.75
1546223679.78
1546223679.82
1546223679.85
1546223679.88
1546223679.92
1546223679.95
1546223679.98
1546223680.02
1546223680.05
1546223680.08
1546223680.12
1546223680.15
1546223680.18
1546223680.22
1546223680.25
1546223680.28
1546223680.32
1546223680.35
1546223680.38
1546223680.42
1546223680.45
1546223680.48
1546223680.52
1546223680.55
1546223680.58
1546223680.62
1546223680.65
1546223680.68
1546223680.72
1546223680.75
1546223680.79
1546223680.82
1546223680.85
1546223680.88
1546223680.92
1546223680.95
1546223680.98
1546223681.02
1546223681.05
1546223681.09
1546223681.12
1546223681.15
1546223681.19
1546223681.22
1546223681.25
1546223681.29
1546223681.32
1546223681.35
1546223681.39
1546223681.42
1546223681.45
1546223681.49
1546223681.52
1546223681.55
1546223681.59
1546223681.62
1546223681.65
1546223681.69
1546223681.72
1546223681.75
1546223681.79
1546223681.82
1546223681.85
1546223681.89
1546223681.92
1546223681.95
1546223681.99
1546223682.02
1546223682.05
1546223682.09
1546223682.12
1546223682.15
1546223682.18
1546223682.22
1546223682.25
1546223682.29
1546223682.32
1546223682.35
1546223682.39
1546223682.42
1546223682.45
1546223682.49
1546223682.52
1546223682.56
1546223682.59
1546223682.62
1546223682.65
1546223682.69
1546223682.72
1546223682.76
1546223682.79
1546223682.82
1546223682.86
1546223682.89
1546223682.92
1546223682.95
1546223682.98
1546223683.01
1546223683.05
1546223683.08
1546223683.12
1546223683.15
1546223683.18
1546223683.21
1546223683.25
1546223683.28
1546223683.32
1546223683.35
1546223683.38
1546223683.41
1546223683.45
1546223683.48
1546223683.51
1546223683.55
1546223683.58
1546223683.61
1546223683.65
1546223683.68
1546223683.71
1546223683.75
1546223683.78
1546223683.82
1546223683.85
1546223683.88
1546223683.91
1546223683.95
1546223683.98
1546223684.01
1546223684.05
1546223684.08
1546223684.11
1546223684.15
1546223684.18
1546223684.21
1546223684.25
1546223684.28
1546223684.31
1546223684.35
1546223684.38
1546223684.41
1546223684.45
1546223684.48
1546223684.51
1546223684.55
1546223684.58
1546223684.62
1546223684.65
1546223684.68
1546223684.71
1546223684.75
1546223684.78
1546223684.82
1546223684.85
1546223684.88
1546223684.91
1546223684.95
1546223684.98
1546223685.01
1546223685.05
1546223685.08
1546223685.11
1546223685.15
1546223685.18
1546223685.21
1546223685.25
1546223685.28
1546223685.32
1546223685.35
1546223685.38
1546223685.41
1546223685.45
1546223685.48
1546223685.52
1546223685.55
1546223685.58
1546223685.61
1546223685.65
1546223685.68
1546223685.71
1546223685.75
1546223685.78
1546223685.82
1546223685.85
1546223685.88
1546223685.91
1546223685.95
1546223685.98
1546223686.01
1546223686.05
1546223686.08
1546223686.11
1546223686.15
1546223686.18
1546223686.21
1546223686.25
1546223686.28
1546223686.31
1546223686.35
1546223686.38
1546223686.41
1546223686.45
1546223686.48
1546223686.52
1546223686.55
1546223686.58
1546223686.61
1546223686.65
1546223686.68
1546223686.71
1546223686.75
1546223686.78
1546223686.82
1546223686.85
1546223686.88
1546223686.91
1546223686.95
1546223686.98
1546223687.01
1546223687.05
1546223687.08
1546223687.12
1546223687.15
1546223687.18
1546223687.21
1546223687.25
1546223687.28
1546223687.32
1546223687.35
1546223687.38
1546223687.41
1546223687.45
1546223687.48
1546223687.51
1546223687.55
1546223687.58
1546223687.61
1546223687.65
1546223687.68
1546223687.71
1546223687.75
1546223687.78
1546223687.81
1546223687.85
1546223687.88
1546223687.91
1546223687.95
1546223687.98
1546223688.01
1546223688.05
1546223688.08
1546223688.11
1546223688.15
1546223688.18
1546223688.21
1546223688.25
1546223688.28
1546223688.32
1546223688.35
1546223688.38
1546223688.41
1546223688.45
1546223688.48
1546223688.52
1546223688.55
1546223688.58
1546223688.62
1546223688.65
1546223688.68
1546223688.72
1546223688.75
1546223688.78
1546223688.82
1546223688.85
1546223688.88
1546223688.91
1546223688.95
1546223688.98
1546223689.02
1546223689.05
1546223689.08
1546223689.11
1546223689.15
1546223689.18
1546223689.21
1546223689.25
1546223689.28
1546223689.32
1546223689.35
1546223689.38
1546223689.41
1546223689.45
1546223689.48
1546223689.52
1546223689.55
1546223689.58
1546223689.62
1546223689.65
1546223689.68
1546223689.71
1546223689.75
1546223689.78
1546223689.82
1546223689.85
1546223689.88
1546223689.92
1546223689.95
1546223689.98
1546223690.01
1546223690.05
1546223690.08
1546223690.12
1546223690.15
1546223690.18
1546223690.21
1546223690.25
1546223690.28
1546223690.32
1546223690.35
1546223690.38
1546223690.41
1546223690.45
1546223690.48
1546223690.52
1546223690.55
1546223690.58
1546223690.62
1546223690.65
1546223690.68
1546223690.71
1546223690.75
1546223690.78
1546223690.81
1546223690.85
1546223690.88
1546223690.91
1546223690.95
1546223690.98
1546223691.01
1546223691.05
1546223691.08
1546223691.11
1546223691.15
1546223691.18
1546223691.21
1546223691.25
1546223691.28
1546223691.31
1546223691.35
1546223691.38
1546223691.41
1546223691.45
1546223691.48
1546223691.51
1546223691.55
1546223691.58
1546223691.61
1546223691.65
1546223691.68
1546223691.71
1546223691.75
1546223691.78
1546223691.81
1546223691.85
1546223691.88
1546223691.91
1546223691.94
1546223691.98
1546223692.01
1546223692.05
1546223692.08
1546223692.11
1546223692.15
1546223692.18
1546223692.21
1546223692.24
1546223692.28
1546223692.31
1546223692.35
1546223692.38
1546223692.41
1546223692.44
1546223692.48
1546223692.51
1546223692.55
1546223692.58
1546223692.61
1546223692.64
1546223692.68
1546223692.71
1546223692.74
1546223692.78
1546223692.81
1546223692.84
1546223692.88
1546223692.91
1546223692.94
1546223692.98
1546223693.01
1546223693.04
1546223693.08
1546223693.11
1546223693.14
1546223693.18
1546223693.21
1546223693.24
1546223693.28
1546223693.31
1546223693.34
1546223693.38
1546223693.41
1546223693.44
1546223693.48
1546223693.51
1546223693.54
1546223693.58
1546223693.61
1546223693.64
1546223693.68
1546223693.71
1546223693.74
1546223693.78
1546223693.81
1546223693.84
1546223693.88
1546223693.91
1546223693.94
1546223693.98
1546223694.01
1546223694.05
1546223694.08
1546223694.11
1546223694.14
1546223694.18
1546223694.21
1546223694.24
1546223694.28
1546223694.31
1546223694.34
1546223694.38
1546223694.41
1546223694.44
1546223694.48
1546223694.51
1546223694.55
1546223694.58
1546223694.61
1546223694.64
1546223694.68
1546223694.71
1546223694.74
1546223694.78
1546223694.81
1546223694.84
1546223694.88
1546223694.91
1546223694.94
1546223694.98
1546223695.01
1546223695.04
1546223695.08
1546223695.11
1546223695.14
1546223695.18
1546223695.21
1546223695.24
1546223695.28
1546223695.31
1546223695.34
1546223695.38
1546223695.41
1546223695.44
1546223695.48
1546223695.51
1546223695.54
1546223695.58
1546223695.61
1546223695.64
1546223695.68
1546223695.71
1546223695.74
1546223695.78
1546223695.81
1546223695.84
1546223695.88
1546223695.91
1546223695.94
1546223695.98
1546223696.01
1546223696.04
1546223696.08
1546223696.11
1546223696.14
1546223696.18
1546223696.21
1546223696.24
1546223696.28
1546223696.31
1546223696.34
1546223696.38
1546223696.41
1546223696.44
1546223696.48
1546223696.51
1546223696.54
1546223696.58
1546223696.61
1546223696.64
1546223696.68
1546223696.71
1546223696.74
1546223696.78
1546223696.81
1546223696.84
1546223696.88
1546223696.91
1546223696.94
1546223696.98
1546223697.01
1546223697.04
1546223697.08
1546223697.11
1546223697.14
1546223697.18
1546223697.21
1546223697.24
1546223697.28
1546223697.31
1546223697.34
1546223697.38
1546223697.41
1546223697.44
1546223697.48
1546223697.51
1546223697.55
1546223697.58
1546223697.61
1546223697.64
1546223697.68
1546223697.71
1546223697.74
1546223697.78
1546223697.81
1546223697.84
1546223697.88
1546223697.91
1546223697.94
1546223697.98
1546223698.01
1546223698.04
1546223698.08
1546223698.11
1546223698.14
1546223698.18
1546223698.21
1546223698.24
1546223698.28
1546223698.31
1546223698.35
1546223698.38
1546223698.41
1546223698.44
1546223698.48
1546223698.51
1546223698.54
1546223698.58
1546223698.61
1546223698.64
1546223698.68
1546223698.71
1546223698.74
1546223698.78
1546223698.81
1546223698.84
1546223698.88
1546223698.91
1546223698.94
1546223698.98
1546223699.01
1546223699.04
1546223699.08
1546223699.11
1546223699.14
1546223699.18
1546223699.21
1546223699.24
1546223699.28
1546223699.31
1546223699.34
1546223699.38
1546223699.41
1546223699.44
1546223699.48
1546223699.51
1546223699.54
1546223699.58
1546223699.61
1546223699.64
1546223699.68
1546223699.71
1546223699.74
1546223699.78
1546223699.81
1546223699.84
1546223699.88
1546223699.91
1546223699.94
1546223699.98
1546223700.01
1546223700.05
1546223700.08
1546223700.11
1546223700.14
1546223700.18
1546223700.21
1546223700.24
1546223700.28
1546223700.31
1546223700.35
1546223700.38
1546223700.41
1546223700.44
1546223700.48
1546223700.51
1546223700.55
1546223700.58
1546223700.61
1546223700.64
1546223700.68
1546223700.71
1546223700.74
1546223700.78
1546223700.81
1546223700.85
1546223700.88
1546223700.91
1546223700.95
1546223700.98
1546223701.01
1546223701.05
1546223701.08
1546223701.11
1546223701.15
1546223701.18
1546223701.21
1546223701.25
1546223701.28
1546223701.31
1546223701.35
1546223701.38
1546223701.41
1546223701.45
1546223701.48
1546223701.51
1546223701.55
1546223701.58
1546223701.61
1546223701.65
1546223701.68
1546223701.71
1546223701.74
1546223701.78
1546223701.81
1546223701.85
1546223701.88
1546223701.91
1546223701.95
1546223701.98
1546223702.01
1546223702.05
1546223702.08
1546223702.11
1546223702.15
1546223702.18
1546223702.21
1546223702.25
1546223702.28
1546223702.31
1546223702.35
1546223702.38
1546223702.41
1546223702.45
1546223702.48
1546223702.51
1546223702.55
1546223702.58
1546223702.61
1546223702.65
1546223702.68
1546223702.71
1546223702.75
1546223702.78
1546223702.81
1546223702.85
1546223702.88
1546223702.91
1546223702.95
1546223702.98
1546223703.01
1546223703.05
1546223703.08
1546223703.11
1546223703.15
1546223703.18
1546223703.21
1546223703.25
1546223703.28
1546223703.31
1546223703.35
1546223703.38
1546223703.41
1546223703.45
1546223703.48
1546223703.52
1546223703.55
1546223703.58
1546223703.62
1546223703.65
1546223703.68
1546223703.71
1546223703.75
1546223703.78
1546223703.82
1546223703.85
1546223703.88
1546223703.91
1546223703.95
1546223703.98
1546223704.02
1546223704.05
1546223704.08
1546223704.12
1546223704.15
1546223704.18
1546223704.21
1546223704.25
1546223704.28
1546223704.32
1546223704.35
1546223704.38
1546223704.42
1546223704.45
1546223704.48
1546223704.52
1546223704.55
1546223704.58
1546223704.62
1546223704.65
1546223704.68
1546223704.72
1546223704.75
1546223704.78
1546223704.82
1546223704.85
1546223704.88
1546223704.92
1546223704.95
1546223704.98
1546223705.02
1546223705.05
1546223705.08
1546223705.12
1546223705.15
1546223705.18
1546223705.22
1546223705.25
1546223705.28
1546223705.32
1546223705.35
1546223705.38
1546223705.42
1546223705.45
1546223705.48
1546223705.52
1546223705.55
1546223705.58
1546223705.62
1546223705.65
1546223705.68
1546223705.72
1546223705.75
1546223705.79
1546223705.82
1546223705.85
1546223705.88
1546223705.92
1546223705.95
1546223705.98
1546223706.02
1546223706.05
1546223706.09
1546223706.12
1546223706.15
1546223706.18
1546223706.22
1546223706.25
1546223706.29
1546223706.32
1546223706.35
1546223706.39
1546223706.42
1546223706.45
1546223706.49
1546223706.52
1546223706.55
1546223706.59
1546223706.62
1546223706.65
1546223706.69
1546223706.72
1546223706.75
1546223706.79
1546223706.82
1546223706.85
1546223706.89
1546223706.92
1546223706.95
1546223706.99
1546223707.02
1546223707.05
1546223707.09
1546223707.12
1546223707.15
1546223707.19
1546223707.22
1546223707.25
1546223707.28
1546223707.31
1546223707.35
1546223707.38
1546223707.41
1546223707.45
1546223707.48
1546223707.51
1546223707.55
1546223707.58
1546223707.61
1546223707.65
1546223707.68
1546223707.71
1546223707.75
1546223707.78
1546223707.81
1546223707.85
1546223707.88
1546223707.91
1546223707.94
1546223707.98
1546223708.01
1546223708.05
1546223708.08
1546223708.11
1546223708.14
1546223708.18
1546223708.21
1546223708.25
1546223708.28
1546223708.31
1546223708.35
1546223708.38
1546223708.41
1546223708.45
1546223708.48
1546223708.51
1546223708.55
1546223708.58
1546223708.61
1546223708.64
1546223708.68
1546223708.71
1546223708.74
1546223708.78
1546223708.81
1546223708.85
1546223708.88
1546223708.91
1546223708.94
1546223708.98
1546223709.01
1546223709.04
1546223709.08
1546223709.11
1546223709.14
1546223709.18
1546223709.21
1546223709.24
1546223709.28
1546223709.31
1546223709.35
1546223709.38
1546223709.41
1546223709.44
1546223709.48
1546223709.51
1546223709.54
1546223709.58
1546223709.61
1546223709.64
1546223709.68
1546223709.71
1546223709.74
1546223709.78
1546223709.81
1546223709.85
1546223709.88
1546223709.91
1546223709.94
1546223709.98
1546223710.01
1546223710.05
1546223710.08
1546223710.11
1546223710.14
1546223710.18
1546223710.21
1546223710.24
1546223710.28
1546223710.31
1546223710.35
1546223710.38
1546223710.41
1546223710.44
1546223710.48
1546223710.51
1546223710.55
1546223710.58
1546223710.61
1546223710.65
1546223710.68
1546223710.71
1546223710.74
1546223710.78
1546223710.81
1546223710.85
1546223710.88
1546223710.91
1546223710.95
1546223710.98
1546223711.01
1546223711.05
1546223711.08
1546223711.11
1546223711.14
1546223711.18
1546223711.21
1546223711.24
1546223711.28
1546223711.31
1546223711.35
1546223711.38
1546223711.41
1546223711.45
1546223711.48
1546223711.51
1546223711.55
1546223711.58
1546223711.61
1546223711.64
1546223711.68
1546223711.71
1546223711.74
1546223711.78
1546223711.81
1546223711.85
1546223711.88
1546223711.91
1546223711.95
1546223711.98
1546223712.01
1546223712.05
1546223712.08
1546223712.11
1546223712.14
1546223712.18
1546223712.21
1546223712.25
1546223712.28
1546223712.31
1546223712.35
1546223712.38
1546223712.41
1546223712.45
1546223712.48
1546223712.51
1546223712.54
1546223712.58
1546223712.61
1546223712.64
1546223712.68
1546223712.71
1546223712.74
1546223712.78
1546223712.81
1546223712.85
1546223712.88
1546223712.91
1546223712.94
1546223712.98
1546223713.01
1546223713.05
1546223713.08
1546223713.11
1546223713.14
1546223713.18
1546223713.21
1546223713.24
1546223713.28
1546223713.31
1546223713.35
1546223713.38
1546223713.41
1546223713.44
1546223713.48
1546223713.51
1546223713.54
1546223713.58
1546223713.61
1546223713.64
1546223713.68
1546223713.71
1546223713.74
1546223713.78
1546223713.81
1546223713.85
1546223713.88
1546223713.91
1546223713.94
1546223713.98
1546223714.01
1546223714.05
1546223714.08
1546223714.11
1546223714.15
1546223714.18
1546223714.21
1546223714.24
1546223714.28
1546223714.31
1546223714.35
1546223714.38
1546223714.41
1546223714.44
1546223714.48
1546223714.51
1546223714.55
1546223714.58
1546223714.61
1546223714.64
1546223714.68
1546223714.71
1546223714.74
1546223714.78
1546223714.81
1546223714.84
1546223714.88
1546223714.91
1546223714.94
1546223714.98
1546223715.01
1546223715.04
1546223715.08
1546223715.11
1546223715.14
1546223715.18
1546223715.21
1546223715.24
1546223715.28
1546223715.31
1546223715.35
1546223715.38
1546223715.41
1546223715.44
1546223715.48
1546223715.51
1546223715.55
1546223715.58
1546223715.61
1546223715.64
1546223715.68
1546223715.71
1546223715.75
1546223715.78
1546223715.81
1546223715.85
1546223715.88
1546223715.91
1546223715.94
1546223715.98
1546223716.01
1546223716.05
1546223716.08
1546223716.11
1546223716.14
1546223716.18
1546223716.21
1546223716.25
1546223716.28
1546223716.31
1546223716.35
1546223716.38
1546223716.41
1546223716.45
1546223716.48
1546223716.51
1546223716.55
1546223716.58
1546223716.61
1546223716.64
1546223716.68
1546223716.71
1546223716.74
1546223716.78
1546223716.81
1546223716.84
1546223716.88
1546223716.91
1546223716.94
1546223716.98
1546223717.01
1546223717.04
1546223717.08
1546223717.11
1546223717.14
1546223717.18
1546223717.21
1546223717.24
1546223717.28
1546223717.31
1546223717.34
1546223717.38
1546223717.41
1546223717.44
1546223717.48
1546223717.51
1546223717.55
1546223717.58
1546223717.61
1546223717.64
1546223717.68
1546223717.71
1546223717.74
1546223717.78
1546223717.81
1546223717.85
1546223717.88
1546223717.91
1546223717.94
1546223717.98
1546223718.01
1546223718.05
1546223718.08
1546223718.11
1546223718.15
1546223718.18
1546223718.21
1546223718.24
1546223718.28
1546223718.31
1546223718.34
1546223718.38
1546223718.41
1546223718.44
1546223718.48
1546223718.51
1546223718.55
1546223718.58
1546223718.61
1546223718.64
1546223718.68
1546223718.71
1546223718.74
1546223718.78
1546223718.81
1546223718.85
1546223718.88
1546223718.91
1546223718.94
1546223718.98
1546223719.01
1546223719.05
1546223719.08
1546223719.11
1546223719.14
1546223719.18
1546223719.21
1546223719.24
1546223719.28
1546223719.31
1546223719.35
1546223719.38
1546223719.41
1546223719.44
1546223719.48
1546223719.51
1546223719.55
1546223719.58
1546223719.61
1546223719.64
1546223719.68
1546223719.71
1546223719.74
1546223719.78
1546223719.81
1546223719.85
1546223719.88
1546223719.91
1546223719.95
1546223719.98
1546223720.01
1546223720.05
1546223720.08
1546223720.11
1546223720.14
1546223720.18
1546223720.21
1546223720.24
1546223720.28
1546223720.31
1546223720.34
1546223720.38
1546223720.41
1546223720.44
1546223720.48
1546223720.51
1546223720.54
1546223720.58
1546223720.61
1546223720.64
1546223720.68
1546223720.71
1546223720.74
1546223720.78
1546223720.81
1546223720.85
1546223720.88
1546223720.91
1546223720.94
1546223720.98
1546223721.01
1546223721.05
1546223721.08
1546223721.11
1546223721.15
1546223721.18
1546223721.21
1546223721.24
1546223721.28
1546223721.31
1546223721.35
1546223721.38
1546223721.41
1546223721.45
1546223721.48
1546223721.51
1546223721.55
1546223721.58
1546223721.61
1546223721.64
1546223721.68
1546223721.71
1546223721.75
1546223721.78
1546223721.81
1546223721.85
1546223721.88
1546223721.91
1546223721.95
1546223721.98
1546223722.01
1546223722.05
1546223722.08
1546223722.11
1546223722.15
1546223722.18
1546223722.21
1546223722.25
1546223722.28
1546223722.31
1546223722.35
1546223722.38
1546223722.41
1546223722.45
1546223722.48
1546223722.51
1546223722.55
1546223722.58
1546223722.61
1546223722.65
1546223722.68
1546223722.71
1546223722.75
1546223722.78
1546223722.81
1546223722.85
1546223722.88
1546223722.91
1546223722.95
1546223722.98
1546223723.01
1546223723.05
1546223723.08
1546223723.11
1546223723.15
1546223723.18
1546223723.21
1546223723.25
1546223723.28
1546223723.31
1546223723.35
1546223723.38
1546223723.41
1546223723.45
1546223723.48
1546223723.51
1546223723.55
1546223723.58
1546223723.61
1546223723.65
1546223723.68
1546223723.71
1546223723.75
1546223723.78
1546223723.81
1546223723.85
1546223723.88
1546223723.91
1546223723.95
1546223723.98
1546223724.01
1546223724.05
1546223724.08
1546223724.11
1546223724.15
1546223724.18
1546223724.21
1546223724.24
1546223724.28
1546223724.31
1546223724.35
1546223724.38
1546223724.41
1546223724.45
1546223724.48
1546223724.51
1546223724.55
1546223724.58
1546223724.61
1546223724.65
1546223724.68
1546223724.71
1546223724.75
1546223724.78
1546223724.81
1546223724.85
1546223724.88
1546223724.91
1546223724.95
1546223724.98
1546223725.01
1546223725.05
1546223725.08
1546223725.11
1546223725.15
1546223725.18
1546223725.21
1546223725.25
1546223725.28
1546223725.31
1546223725.35
1546223725.38
1546223725.41
1546223725.45
1546223725.48
1546223725.51
1546223725.55
1546223725.58
1546223725.61
1546223725.65
1546223725.68
1546223725.71
1546223725.75
1546223725.78
1546223725.81
1546223725.85
1546223725.88
1546223725.91
1546223725.95
1546223725.98
1546223726.01
1546223726.05
1546223726.08
1546223726.12
1546223726.15
1546223726.18
1546223726.21
1546223726.25
1546223726.28
1546223726.32
1546223726.35
1546223726.38
1546223726.41
1546223726.45
1546223726.48
1546223726.52
1546223726.55
1546223726.58
1546223726.62
1546223726.65
1546223726.68
1546223726.72
1546223726.75
1546223726.78
1546223726.82
1546223726.85
1546223726.88
1546223726.92
1546223726.95
1546223726.98
1546223727.02
1546223727.05
1546223727.08
1546223727.12
1546223727.15
1546223727.18
1546223727.22
1546223727.25
1546223727.28
1546223727.32
1546223727.35
1546223727.38
1546223727.42
1546223727.45
1546223727.48
1546223727.52
1546223727.55
1546223727.58
1546223727.62
1546223727.65
1546223727.68
1546223727.72
1546223727.75
1546223727.78
1546223727.82
1546223727.85
1546223727.88
1546223727.92
1546223727.95
1546223727.98
1546223728.02
1546223728.05
1546223728.08
1546223728.12
1546223728.15
1546223728.18
1546223728.22
1546223728.25
1546223728.29
1546223728.32
1546223728.35
1546223728.38
1546223728.42
1546223728.45
1546223728.48
1546223728.52
1546223728.55
1546223728.58
1546223728.62
1546223728.65
1546223728.68
1546223728.72
1546223728.75
1546223728.78
1546223728.82
1546223728.85
1546223728.88
1546223728.92
1546223728.95
1546223728.98
1546223729.02
1546223729.05
1546223729.09
1546223729.12
1546223729.15
1546223729.18
1546223729.22
1546223729.25
1546223729.29
1546223729.32
1546223729.35
1546223729.38
1546223729.42
1546223729.45
1546223729.48
1546223729.52
1546223729.55
1546223729.59
1546223729.62
1546223729.65
1546223729.68
1546223729.72
1546223729.75
1546223729.79
1546223729.82
1546223729.85
1546223729.88
1546223729.92
1546223729.95
1546223729.98
1546223730.02
1546223730.05
1546223730.08
1546223730.12
1546223730.15
1546223730.18
1546223730.22
1546223730.25
1546223730.29
1546223730.32
1546223730.35
1546223730.38
1546223730.42
1546223730.45
1546223730.48
1546223730.52
1546223730.55
1546223730.59
1546223730.62
1546223730.65
1546223730.68
1546223730.72
1546223730.75
1546223730.79
1546223730.82
1546223730.85
1546223730.88
1546223730.92
1546223730.95
1546223730.99
1546223731.02
1546223731.05
1546223731.09
1546223731.12
1546223731.15
1546223731.19
1546223731.22
1546223731.25
1546223731.29
1546223731.32
1546223731.35
1546223731.38
1546223731.41
1546223731.44
1546223731.48
1546223731.51
1546223731.55
1546223731.58
1546223731.61
1546223731.65
1546223731.68
1546223731.71
1546223731.75
1546223731.78
1546223731.81
1546223731.85
1546223731.88
1546223731.91
1546223731.95
1546223731.98
1546223732.01
1546223732.05
1546223732.08
1546223732.11
1546223732.15
1546223732.18
1546223732.21
1546223732.24
1546223732.28
1546223732.31
1546223732.35
1546223732.38
1546223732.41
1546223732.44
1546223732.48
1546223732.51
1546223732.55
1546223732.58
1546223732.61
1546223732.64
1546223732.68
1546223732.71
1546223732.74
1546223732.78
1546223732.81
1546223732.84
1546223732.88
1546223732.91
1546223732.94
1546223732.98
1546223733.01
1546223733.05
1546223733.08
1546223733.11
1546223733.14
1546223733.18
1546223733.21
1546223733.24
1546223733.28
1546223733.31
1546223733.35
1546223733.38
1546223733.41
1546223733.44
1546223733.48
1546223733.51
1546223733.54
1546223733.58
1546223733.61
1546223733.64
1546223733.68
1546223733.71
1546223733.74
1546223733.78
1546223733.81
1546223733.84
1546223733.88
1546223733.91
1546223733.94
1546223733.98
1546223734.01
1546223734.04
1546223734.08
1546223734.11
1546223734.14
1546223734.18
1546223734.21
1546223734.24
1546223734.28
1546223734.31
1546223734.35
1546223734.38
1546223734.41
1546223734.44
1546223734.48
1546223734.51
1546223734.55
1546223734.58
1546223734.61
1546223734.64
1546223734.68
1546223734.71
1546223734.75
1546223734.78
1546223734.81
1546223734.85
1546223734.88
1546223734.91
1546223734.95
1546223734.98
1546223735.01
1546223735.05
1546223735.08
1546223735.11
1546223735.15
1546223735.18
1546223735.21
1546223735.25
1546223735.28
1546223735.31
1546223735.35
1546223735.38
1546223735.41
1546223735.45
1546223735.48
1546223735.51
1546223735.55
1546223735.58
1546223735.61
1546223735.65
1546223735.68
1546223735.71
1546223735.75
1546223735.78
1546223735.81
1546223735.85
1546223735.88
1546223735.91
1546223735.95
1546223735.98
1546223736.01
1546223736.05
1546223736.08
1546223736.11
1546223736.15
1546223736.18
1546223736.21
1546223736.25
1546223736.28
1546223736.31
1546223736.35
1546223736.38
1546223736.41
1546223736.45
1546223736.48
1546223736.51
1546223736.55
1546223736.58
1546223736.62
1546223736.65
1546223736.68
1546223736.71
1546223736.75
1546223736.78
1546223736.81
1546223736.85
1546223736.88
1546223736.91
1546223736.95
1546223736.98
1546223737.01
1546223737.05
1546223737.08
1546223737.11
1546223737.15
1546223737.18
1546223737.21
1546223737.25
1546223737.28
1546223737.31
1546223737.35
1546223737.38
1546223737.41
1546223737.45
1546223737.48
1546223737.51
1546223737.55
1546223737.58
1546223737.61
1546223737.65
1546223737.68
1546223737.71
1546223737.75
1546223737.78
1546223737.81
1546223737.85
1546223737.88
1546223737.91
1546223737.95
1546223737.98
1546223738.01
1546223738.05
1546223738.08
1546223738.11
1546223738.15
1546223738.18
1546223738.21
1546223738.25
1546223738.28
1546223738.31
1546223738.35
1546223738.38
1546223738.41
1546223738.45
1546223738.48
1546223738.51
1546223738.55
1546223738.58
1546223738.61
1546223738.65
1546223738.68
1546223738.71
1546223738.75
1546223738.78
1546223738.82
1546223738.85
1546223738.88
1546223738.91
1546223738.95
1546223738.98
1546223739.01
1546223739.05
1546223739.08
1546223739.12
1546223739.15
1546223739.18
1546223739.21
1546223739.25
1546223739.28
1546223739.32
1546223739.35
1546223739.38
1546223739.41
1546223739.45
1546223739.48
1546223739.52
1546223739.55
1546223739.58
1546223739.62
1546223739.65
1546223739.68
1546223739.71
1546223739.75
1546223739.78
1546223739.81
1546223739.85
1546223739.88
1546223739.91
1546223739.95
1546223739.98
1546223740.01
1546223740.05
1546223740.08
1546223740.11
1546223740.15
1546223740.18
1546223740.21
1546223740.25
1546223740.28
1546223740.31
1546223740.35
1546223740.38
1546223740.41
1546223740.45
1546223740.48
1546223740.51
1546223740.55
1546223740.58
1546223740.61
1546223740.65
1546223740.68
1546223740.71
1546223740.75
1546223740.78
1546223740.82
1546223740.85
1546223740.88
1546223740.91
1546223740.95
1546223740.98
1546223741.02
1546223741.05
1546223741.08
1546223741.11
1546223741.15
1546223741.18
1546223741.21
1546223741.25
1546223741.28
1546223741.31
1546223741.35
1546223741.38
1546223741.41
1546223741.45
1546223741.48
1546223741.51
1546223741.55
1546223741.58
1546223741.61
1546223741.65
1546223741.68
1546223741.71
1546223741.75
1546223741.78
1546223741.81
1546223741.85
1546223741.88
1546223741.91
1546223741.95
1546223741.98
1546223742.01
1546223742.05
1546223742.08
1546223742.11
1546223742.15
1546223742.18
1546223742.21
1546223742.25
1546223742.28
1546223742.31
1546223742.35
1546223742.38
1546223742.41
1546223742.45
1546223742.48
1546223742.51
1546223742.55
1546223742.58
1546223742.61
1546223742.65
1546223742.68
1546223742.71
1546223742.75
1546223742.78
1546223742.81
1546223742.85
1546223742.88
1546223742.91
1546223742.95
1546223742.98
1546223743.01
1546223743.05
1546223743.08
1546223743.11
1546223743.15
1546223743.18
1546223743.21
1546223743.25
1546223743.28
1546223743.31
1546223743.34
1546223743.38
1546223743.41
1546223743.45
1546223743.48
1546223743.51
1546223743.55
1546223743.58
1546223743.61
1546223743.64
1546223743.68
1546223743.71
1546223743.74
1546223743.78
1546223743.81
1546223743.85
1546223743.88
1546223743.91
1546223743.94
1546223743.98
1546223744.01
1546223744.05
1546223744.08
1546223744.11
1546223744.15
1546223744.18
1546223744.21
1546223744.24
1546223744.28
1546223744.31
1546223744.35
1546223744.38
1546223744.41
1546223744.44
1546223744.48
1546223744.51
1546223744.55
1546223744.58
1546223744.61
1546223744.64
1546223744.68
1546223744.71
1546223744.74
1546223744.78
1546223744.81
1546223744.85
1546223744.88
1546223744.91
1546223744.94
1546223744.98
1546223745.01
1546223745.05
1546223745.08
1546223745.11
1546223745.14
1546223745.18
1546223745.21
1546223745.24
1546223745.28
1546223745.31
1546223745.35
1546223745.38
1546223745.41
1546223745.45
1546223745.48
1546223745.51
1546223745.55
1546223745.58
1546223745.61
1546223745.64
1546223745.68
1546223745.71
1546223745.75
1546223745.78
1546223745.81
1546223745.85
1546223745.88
1546223745.91
1546223745.95
1546223745.98
1546223746.01
1546223746.05
1546223746.08
1546223746.11
1546223746.15
1546223746.18
1546223746.21
1546223746.25
1546223746.28
1546223746.31
1546223746.35
1546223746.38
1546223746.41
1546223746.45
1546223746.48
1546223746.51
1546223746.55
1546223746.58
1546223746.61
1546223746.65
1546223746.68
1546223746.71
1546223746.75
1546223746.78
1546223746.81
1546223746.85
1546223746.88
1546223746.91
1546223746.95
1546223746.98
1546223747.01
1546223747.05
1546223747.08
1546223747.11
1546223747.15
1546223747.18
1546223747.21
1546223747.25
1546223747.28
1546223747.31
1546223747.35
1546223747.38
1546223747.41
1546223747.45
1546223747.48
1546223747.51
1546223747.55
1546223747.58
1546223747.61
1546223747.65
1546223747.68
1546223747.71
1546223747.75
1546223747.78
1546223747.81
1546223747.85
1546223747.88
1546223747.91
1546223747.95
1546223747.98
1546223748.01
1546223748.05
1546223748.08
1546223748.11
1546223748.15
1546223748.18
1546223748.21
1546223748.25
1546223748.28
1546223748.31
1546223748.35
1546223748.38
1546223748.41
1546223748.44
1546223748.48
1546223748.51
1546223748.55
1546223748.58
1546223748.61
1546223748.65
1546223748.68
1546223748.71
1546223748.74
1546223748.78
1546223748.81
1546223748.85
1546223748.88
1546223748.91
1546223748.94
1546223748.98
1546223749.01
1546223749.05
1546223749.08
1546223749.11
1546223749.14
1546223749.18
1546223749.21
1546223749.24
1546223749.28
1546223749.31
1546223749.35
1546223749.38
1546223749.41
1546223749.44
1546223749.48
1546223749.51
1546223749.55
1546223749.58
1546223749.61
1546223749.64
1546223749.68
1546223749.71
1546223749.74
1546223749.78
1546223749.81
1546223749.85
1546223749.88
1546223749.91
1546223749.94
1546223749.98
1546223750.01
1546223750.05
1546223750.08
1546223750.11
1546223750.14
1546223750.18
1546223750.21
1546223750.25
1546223750.28
1546223750.31
1546223750.35
1546223750.38
1546223750.41
1546223750.45
1546223750.48
1546223750.51
1546223750.55
1546223750.58
1546223750.61
1546223750.65
1546223750.68
1546223750.71
1546223750.75
1546223750.78
1546223750.81
1546223750.85
1546223750.88
1546223750.91
1546223750.95
1546223750.98
1546223751.01
1546223751.05
1546223751.08
1546223751.11
1546223751.15
1546223751.18
1546223751.21
1546223751.24
1546223751.28
1546223751.31
1546223751.35
1546223751.38
1546223751.41
1546223751.44
1546223751.48
1546223751.51
1546223751.55
1546223751.58
1546223751.61
1546223751.65
1546223751.68
1546223751.71
1546223751.75
1546223751.78
1546223751.81
1546223751.85
1546223751.88
1546223751.91
1546223751.95
1546223751.98
1546223752.01
1546223752.05
1546223752.08
1546223752.11
1546223752.15
1546223752.18
1546223752.21
1546223752.25
1546223752.28
1546223752.31
1546223752.35
1546223752.38
1546223752.41
1546223752.45
1546223752.48
1546223752.51
1546223752.55
1546223752.58
1546223752.61
1546223752.65
1546223752.68
1546223752.71
1546223752.75
1546223752.78
1546223752.81
1546223752.85
1546223752.88
1546223752.91
1546223752.95
1546223752.98
1546223753.02
1546223753.05
1546223753.08
1546223753.11
1546223753.15
1546223753.18
1546223753.21
1546223753.25
1546223753.28
1546223753.31
1546223753.35
1546223753.38
1546223753.41
1546223753.45
1546223753.48
1546223753.51
1546223753.55
1546223753.58
1546223753.62
1546223753.65
1546223753.68
1546223753.71
1546223753.75
1546223753.78
1546223753.81
1546223753.85
1546223753.88
1546223753.91
1546223753.95
1546223753.98
1546223754.01
1546223754.05
1546223754.08
1546223754.12
1546223754.15
1546223754.18
1546223754.21
1546223754.25
1546223754.28
1546223754.32
1546223754.35
1546223754.38
1546223754.42
1546223754.45
1546223754.48
1546223754.52
1546223754.55
1546223754.58
1546223754.62
1546223754.65
1546223754.68
1546223754.72
1546223754.75
1546223754.78
1546223754.82
1546223754.85
1546223754.88
1546223754.92
1546223754.95
1546223754.98
1546223755.02
1546223755.05
1546223755.08
1546223755.12
1546223755.15
1546223755.18
1546223755.22
1546223755.25
1546223755.28
1546223755.32
1546223755.35
1546223755.38
1546223755.41
1546223755.44
1546223755.48
1546223755.51
1546223755.54
1546223755.58
1546223755.61
1546223755.64
1546223755.68
1546223755.71
1546223755.74
1546223755.78
1546223755.81
1546223755.84
1546223755.88
1546223755.91
1546223755.94
1546223755.98
1546223756.01
1546223756.04
1546223756.08
1546223756.11
1546223756.14
1546223756.18
1546223756.21
1546223756.24
1546223756.28
1546223756.31
1546223756.34
1546223756.38
1546223756.41
1546223756.44
1546223756.48
1546223756.51
1546223756.54
1546223756.58
1546223756.61
1546223756.64
1546223756.68
1546223756.71
1546223756.74
1546223756.78
1546223756.81
1546223756.84
1546223756.88
1546223756.91
1546223756.94
1546223756.98
1546223757.01
1546223757.04
1546223757.08
1546223757.11
1546223757.14
1546223757.18
1546223757.21
1546223757.24
1546223757.28
1546223757.31
1546223757.34
1546223757.38
1546223757.41
1546223757.44
1546223757.48
1546223757.51
1546223757.54
1546223757.58
1546223757.61
1546223757.64
1546223757.68
1546223757.71
1546223757.74
1546223757.78
1546223757.81
1546223757.84
1546223757.88
1546223757.91
1546223757.94
1546223757.98
1546223758.01
1546223758.04
1546223758.08
1546223758.11
1546223758.14
1546223758.18
1546223758.21
1546223758.24
1546223758.28
1546223758.31
1546223758.35
1546223758.38
1546223758.41
1546223758.44
1546223758.48
1546223758.51
1546223758.55
1546223758.58
1546223758.61
1546223758.64
1546223758.68
1546223758.71
1546223758.74
1546223758.78
1546223758.81
1546223758.85
1546223758.88
1546223758.91
1546223758.95
1546223758.98
1546223759.01
1546223759.05
1546223759.08
1546223759.11
1546223759.14
1546223759.18
1546223759.21
1546223759.24
1546223759.28
1546223759.31
1546223759.34
1546223759.38
1546223759.41
1546223759.44
1546223759.48
1546223759.51
1546223759.54
1546223759.58
1546223759.61
1546223759.64
1546223759.68
1546223759.71
1546223759.74
1546223759.78
1546223759.81
1546223759.84
1546223759.88
1546223759.91
1546223759.94
1546223759.98
1546223760.01
1546223760.04
1546223760.08
1546223760.11
1546223760.14
1546223760.17
1546223760.21
1546223760.24
1546223760.28
1546223760.31
1546223760.34
1546223760.38
1546223760.41
1546223760.44
1546223760.47
1546223760.51
1546223760.54
1546223760.58
1546223760.61
1546223760.64
1546223760.67
1546223760.71
1546223760.74
1546223760.78
1546223760.81
1546223760.84
1546223760.88
1546223760.91
1546223760.94
1546223760.97
1546223761.01
1546223761.04
1546223761.07
1546223761.11
1546223761.14
1546223761.17
1546223761.21
1546223761.24
1546223761.27
1546223761.31
1546223761.34
1546223761.37
1546223761.41
1546223761.44
1546223761.47
1546223761.51
1546223761.54
1546223761.57
1546223761.61
1546223761.64
1546223761.67
1546223761.71
1546223761.74
1546223761.77
1546223761.81
1546223761.84
1546223761.87
1546223761.91
1546223761.94
1546223761.97
1546223762.01
1546223762.04
1546223762.07
1546223762.11
1546223762.14
1546223762.17
1546223762.21
1546223762.24
1546223762.27
1546223762.31
1546223762.34
1546223762.37
1546223762.41
1546223762.44
1546223762.47
1546223762.51
1546223762.54
1546223762.57
1546223762.61
1546223762.64
1546223762.67
1546223762.71
1546223762.74
1546223762.77
1546223762.81
1546223762.84
1546223762.88
1546223762.91
1546223762.94
1546223762.97
1546223763.01
1546223763.04
1546223763.07
1546223763.11
1546223763.14
1546223763.17
1546223763.21
1546223763.24
1546223763.28
1546223763.31
1546223763.34
1546223763.38
1546223763.41
1546223763.44
1546223763.47
1546223763.51
1546223763.54
1546223763.58
1546223763.61
1546223763.64
1546223763.67
1546223763.71
1546223763.74
1546223763.77
1546223763.81
1546223763.84
1546223763.87
1546223763.91
1546223763.94
1546223763.97
1546223764.01
1546223764.04
1546223764.07
1546223764.11
1546223764.14
1546223764.17
1546223764.21
1546223764.24
1546223764.27
1546223764.31
1546223764.34
1546223764.38
1546223764.41
1546223764.44
1546223764.47
1546223764.51
1546223764.54
1546223764.57
1546223764.61
1546223764.64
1546223764.67
1546223764.71
1546223764.74
1546223764.78
1546223764.81
1546223764.84
1546223764.88
1546223764.91
1546223764.94
1546223764.97
1546223765.01
1546223765.04
1546223765.08
1546223765.11
1546223765.14
1546223765.18
1546223765.21
1546223765.24
1546223765.28
1546223765.31
1546223765.34
1546223765.38
1546223765.41
1546223765.44
1546223765.47
1546223765.51
1546223765.54
1546223765.58
1546223765.61
1546223765.64
1546223765.67
1546223765.71
1546223765.74
1546223765.78
1546223765.81
1546223765.84
1546223765.88
1546223765.91
1546223765.94
1546223765.97
1546223766.01
1546223766.04
1546223766.08
1546223766.11
1546223766.14
1546223766.18
1546223766.21
1546223766.24
1546223766.28
1546223766.31
1546223766.34
1546223766.38
1546223766.41
1546223766.44
1546223766.47
1546223766.51
1546223766.54
1546223766.58
1546223766.61
1546223766.64
1546223766.67
1546223766.71
1546223766.74
1546223766.77
1546223766.81
1546223766.84
1546223766.88
1546223766.91
1546223766.94
1546223766.97
1546223767.01
1546223767.04
1546223767.08
1546223767.11
1546223767.14
1546223767.17
1546223767.21
1546223767.24
1546223767.28
1546223767.31
1546223767.34
1546223767.38
1546223767.41
1546223767.44
1546223767.47
1546223767.51
1546223767.54
1546223767.58
1546223767.61
1546223767.64
1546223767.67
1546223767.71
1546223767.74
1546223767.78
1546223767.81
1546223767.84
1546223767.88
1546223767.91
1546223767.94
1546223767.97
1546223768.01
1546223768.04
1546223768.07
1546223768.11
1546223768.14
1546223768.17
1546223768.21
1546223768.24
1546223768.27
1546223768.31
1546223768.34
1546223768.37
1546223768.41
1546223768.44
1546223768.47
1546223768.51
1546223768.54
1546223768.57
1546223768.61
1546223768.64
1546223768.67
1546223768.71
1546223768.74
1546223768.77
1546223768.81
1546223768.84
1546223768.87
1546223768.9
1546223768.94
1546223768.97
1546223769.01
1546223769.04
1546223769.07
1546223769.11
1546223769.14
1546223769.17
1546223769.2
1546223769.24
1546223769.27
1546223769.31
1546223769.34
1546223769.37
1546223769.41
1546223769.44
1546223769.47
1546223769.51
1546223769.54
1546223769.57
1546223769.61
1546223769.64
1546223769.67
1546223769.71
1546223769.74
1546223769.77
1546223769.81
1546223769.84
1546223769.87
1546223769.91
1546223769.94
1546223769.97
1546223770.01
1546223770.04
1546223770.08
1546223770.11
1546223770.14
1546223770.17
1546223770.21
1546223770.24
1546223770.28
1546223770.31
1546223770.34
1546223770.37
1546223770.41
1546223770.44
1546223770.47
1546223770.51
1546223770.54
1546223770.58
1546223770.61
1546223770.64
1546223770.67
1546223770.71
1546223770.74
1546223770.78
1546223770.81
1546223770.84
1546223770.88
1546223770.91
1546223770.94
1546223770.98
1546223771.01
1546223771.04
1546223771.08
1546223771.11
1546223771.14
1546223771.17
1546223771.21
1546223771.24
1546223771.27
1546223771.31
1546223771.34
1546223771.37
1546223771.41
1546223771.44
1546223771.47
1546223771.51
1546223771.54
1546223771.57
1546223771.61
1546223771.64
1546223771.67
1546223771.71
1546223771.74
1546223771.77
1546223771.81
1546223771.84
1546223771.87
1546223771.91
1546223771.94
1546223771.97
1546223772.01
1546223772.04
1546223772.07
1546223772.11
1546223772.14
1546223772.17
1546223772.21
1546223772.24
1546223772.27
1546223772.31
1546223772.34
1546223772.38
1546223772.41
1546223772.44
1546223772.47
1546223772.51
1546223772.54
1546223772.58
1546223772.61
1546223772.64
1546223772.67
1546223772.71
1546223772.74
1546223772.77
1546223772.81
1546223772.84
1546223772.88
1546223772.91
1546223772.94
1546223772.97
1546223773.01
1546223773.04
1546223773.08
1546223773.11
1546223773.14
1546223773.17
1546223773.21
1546223773.24
1546223773.28
1546223773.31
1546223773.34
1546223773.37
1546223773.41
1546223773.44
1546223773.47
1546223773.51
1546223773.54
1546223773.58
1546223773.61
1546223773.64
1546223773.67
1546223773.71
1546223773.74
1546223773.78
1546223773.81
1546223773.84
1546223773.88
1546223773.91
1546223773.94
1546223773.98
1546223774.01
1546223774.04
1546223774.08
1546223774.11
1546223774.14
1546223774.18
1546223774.21
1546223774.24
1546223774.28
1546223774.31
1546223774.34
1546223774.37
1546223774.41
1546223774.44
1546223774.47
1546223774.51
1546223774.54
1546223774.57
1546223774.61
1546223774.64
1546223774.67
1546223774.71
1546223774.74
1546223774.78
1546223774.81
1546223774.84
1546223774.88
1546223774.91
1546223774.94
1546223774.97
1546223775.01
1546223775.04
1546223775.08
1546223775.11
1546223775.14
1546223775.18
1546223775.21
1546223775.24
1546223775.28
1546223775.31
1546223775.34
1546223775.38
1546223775.41
1546223775.44
1546223775.48
1546223775.51
1546223775.54
1546223775.58
1546223775.61
1546223775.64
1546223775.67
1546223775.71
1546223775.74
1546223775.78
1546223775.81
1546223775.84
1546223775.88
1546223775.91
1546223775.94
1546223775.98
1546223776.01
1546223776.04
1546223776.08
1546223776.11
1546223776.14
1546223776.17
1546223776.21
1546223776.24
1546223776.28
1546223776.31
1546223776.34
1546223776.38
1546223776.41
1546223776.44
1546223776.48
1546223776.51
1546223776.54
1546223776.58
1546223776.61
1546223776.64
1546223776.68
1546223776.71
1546223776.74
1546223776.78
1546223776.81
1546223776.84
1546223776.88
1546223776.91
1546223776.94
1546223776.98
1546223777.01
1546223777.05
1546223777.08
1546223777.11
1546223777.14
1546223777.18
1546223777.21
1546223777.24
1546223777.28
1546223777.31
1546223777.34
1546223777.38
1546223777.41
1546223777.44
1546223777.48
1546223777.51
1546223777.55
1546223777.58
1546223777.61
1546223777.65
1546223777.68
1546223777.71
1546223777.74
1546223777.78
1546223777.81
1546223777.84
1546223777.88
1546223777.91
1546223777.94
1546223777.98
1546223778.01
1546223778.05
1546223778.08
1546223778.11
1546223778.14
1546223778.18
1546223778.21
1546223778.25
1546223778.28
1546223778.31
1546223778.35
1546223778.38
1546223778.41
1546223778.44
1546223778.48
1546223778.51
1546223778.55
1546223778.58
1546223778.61
1546223778.64
1546223778.68
1546223778.71
1546223778.75
1546223778.78
1546223778.81
1546223778.85
1546223778.88
1546223778.91
1546223778.95
1546223778.98
1546223779.01
1546223779.05
1546223779.08
1546223779.11
1546223779.14
1546223779.17
1546223779.21
1546223779.24
1546223779.27
1546223779.31
1546223779.34
1546223779.37
1546223779.41
1546223779.44
1546223779.47
1546223779.51
1546223779.54
1546223779.57
1546223779.61
1546223779.64
1546223779.67
1546223779.71
1546223779.74
1546223779.77
1546223779.81
1546223779.84
1546223779.87
1546223779.91
1546223779.94
1546223779.97
1546223780.01
1546223780.04
1546223780.07
1546223780.11
1546223780.14
1546223780.17
1546223780.21
1546223780.24
1546223780.27
1546223780.31
1546223780.34
1546223780.37
1546223780.41
1546223780.44
1546223780.47
1546223780.51
1546223780.54
1546223780.57
1546223780.61
1546223780.64
1546223780.67
1546223780.7
1546223780.74
1546223780.77
1546223780.81
1546223780.84
1546223780.87
1546223780.91
1546223780.94
1546223780.97
1546223781.01
1546223781.04
1546223781.07
1546223781.11
1546223781.14
1546223781.17
1546223781.2
1546223781.24
1546223781.27
1546223781.31
1546223781.34
1546223781.37
1546223781.41
1546223781.44
1546223781.47
1546223781.51
1546223781.54
1546223781.57
1546223781.61
1546223781.64
1546223781.67
1546223781.71
1546223781.74
1546223781.77
1546223781.81
1546223781.84
1546223781.87
1546223781.91
1546223781.94
1546223781.97
1546223782.01
1546223782.04
1546223782.07
1546223782.11
1546223782.14
1546223782.17
1546223782.21
1546223782.24
1546223782.27
1546223782.31
1546223782.34
1546223782.37
1546223782.4
1546223782.44
1546223782.47
1546223782.51
1546223782.54
1546223782.57
1546223782.61
1546223782.64
1546223782.67
1546223782.7
1546223782.74
1546223782.77
1546223782.81
1546223782.84
1546223782.87
1546223782.91
1546223782.94
1546223782.97
1546223783.01
1546223783.04
1546223783.07
1546223783.11
1546223783.14
1546223783.17
1546223783.21
1546223783.24
1546223783.27
1546223783.31
1546223783.34
1546223783.37
1546223783.41
1546223783.44
1546223783.47
1546223783.51
1546223783.54
1546223783.57
1546223783.61
1546223783.64
1546223783.67
1546223783.71
1546223783.74
1546223783.77
1546223783.81
1546223783.84
1546223783.87
1546223783.91
1546223783.94
1546223783.97
1546223784.01
1546223784.04
1546223784.07
1546223784.11
1546223784.14
1546223784.17
1546223784.21
1546223784.24
1546223784.27
1546223784.31
1546223784.34
1546223784.37
1546223784.41
1546223784.44
1546223784.47
1546223784.51
1546223784.54
1546223784.57
1546223784.61
1546223784.64
1546223784.67
1546223784.7
1546223784.74
1546223784.77
1546223784.81
1546223784.84
1546223784.87
1546223784.91
1546223784.94
1546223784.97
1546223785.01
1546223785.04
1546223785.07
1546223785.11
1546223785.14
1546223785.17
1546223785.21
1546223785.24
1546223785.27
1546223785.31
1546223785.34
1546223785.37
1546223785.4
1546223785.44
1546223785.47
1546223785.51
1546223785.54
1546223785.57
1546223785.61
1546223785.64
1546223785.67
1546223785.7
1546223785.74
1546223785.77
1546223785.81
1546223785.84
1546223785.87
1546223785.9
1546223785.94
1546223785.97
1546223786.01
1546223786.04
1546223786.07
1546223786.11
1546223786.14
1546223786.17
1546223786.21
1546223786.24
1546223786.27
1546223786.31
1546223786.34
1546223786.37
1546223786.41
1546223786.44
1546223786.47
1546223786.51
1546223786.54
1546223786.57
1546223786.61
1546223786.64
1546223786.67
1546223786.71
1546223786.74
1546223786.77
1546223786.81
1546223786.84
1546223786.87
1546223786.91
1546223786.94
1546223786.97
1546223787.01
1546223787.04
1546223787.07
1546223787.11
1546223787.14
1546223787.17
1546223787.21
1546223787.24
1546223787.27
1546223787.31
1546223787.34
1546223787.37
1546223787.41
1546223787.44
1546223787.47
1546223787.51
1546223787.54
1546223787.57
1546223787.61
1546223787.64
1546223787.67
1546223787.71
1546223787.74
1546223787.77
1546223787.81
1546223787.84
1546223787.87
1546223787.91
1546223787.94
1546223787.97
1546223788.01
1546223788.04
1546223788.07
1546223788.11
1546223788.14
1546223788.17
1546223788.21
1546223788.24
1546223788.27
1546223788.31
1546223788.34
1546223788.37
1546223788.41
1546223788.44
1546223788.47
1546223788.51
1546223788.54
1546223788.57
1546223788.61
1546223788.64
1546223788.67
1546223788.71
1546223788.74
1546223788.77
1546223788.81
1546223788.84
1546223788.87
1546223788.91
1546223788.94
1546223788.97
1546223789.01
1546223789.04
1546223789.07
1546223789.11
1546223789.14
1546223789.17
1546223789.21
1546223789.24
1546223789.27
1546223789.31
1546223789.34
1546223789.37
1546223789.41
1546223789.44
1546223789.47
1546223789.51
1546223789.54
1546223789.57
1546223789.61
1546223789.64
1546223789.67
1546223789.71
1546223789.74
1546223789.77
1546223789.81
1546223789.84
1546223789.87
1546223789.9
1546223789.94
1546223789.97
1546223790.01
1546223790.04
1546223790.07
1546223790.11
1546223790.14
1546223790.17
1546223790.2
1546223790.24
1546223790.27
1546223790.31
1546223790.34
1546223790.37
1546223790.4
1546223790.44
1546223790.47
1546223790.51
1546223790.54
1546223790.57
1546223790.61
1546223790.64
1546223790.67
1546223790.71
1546223790.74
1546223790.77
1546223790.81
1546223790.84
1546223790.87
1546223790.91
1546223790.94
1546223790.97
1546223791.01
1546223791.04
1546223791.07
1546223791.11
1546223791.14
1546223791.17
1546223791.21
1546223791.24
1546223791.27
1546223791.31
1546223791.34
1546223791.37
1546223791.41
1546223791.44
1546223791.47
1546223791.51
1546223791.54
1546223791.57
1546223791.61
1546223791.64
1546223791.67
1546223791.7
1546223791.74
1546223791.77
1546223791.81
1546223791.84
1546223791.87
1546223791.9
1546223791.94
1546223791.97
1546223792.01
1546223792.04
1546223792.07
1546223792.1
1546223792.14
1546223792.17
1546223792.2
1546223792.24
1546223792.27
1546223792.31
1546223792.34
1546223792.37
1546223792.4
1546223792.44
1546223792.47
1546223792.51
1546223792.54
1546223792.57
1546223792.6
1546223792.64
1546223792.67
1546223792.7
1546223792.74
1546223792.77
1546223792.8
1546223792.84
1546223792.87
1546223792.9
1546223792.94
1546223792.97
1546223793.0
1546223793.04
1546223793.07
1546223793.11
1546223793.14
1546223793.17
1546223793.2
1546223793.24
1546223793.27
1546223793.31
1546223793.34
1546223793.37
1546223793.4
1546223793.44
1546223793.47
1546223793.51
1546223793.54
1546223793.57
1546223793.61
1546223793.64
1546223793.67
1546223793.71
1546223793.74
1546223793.77
1546223793.81
1546223793.84
1546223793.87
1546223793.9
1546223793.94
1546223793.97
1546223794.01
1546223794.04
1546223794.07
1546223794.11
1546223794.14
1546223794.17
1546223794.2
1546223794.24
1546223794.27
1546223794.31
1546223794.34
1546223794.37
1546223794.41
1546223794.44
1546223794.47
1546223794.51
1546223794.54
1546223794.57
1546223794.61
1546223794.64
1546223794.67
1546223794.7
1546223794.74
1546223794.77
1546223794.81
1546223794.84
1546223794.87
1546223794.9
1546223794.94
1546223794.97
1546223795.01
1546223795.04
1546223795.07
1546223795.11
1546223795.14
1546223795.17
1546223795.2
1546223795.24
1546223795.27
1546223795.3
1546223795.34
1546223795.37
1546223795.4
1546223795.44
1546223795.47
1546223795.51
1546223795.54
1546223795.57
1546223795.61
1546223795.64
1546223795.67
1546223795.7
1546223795.74
1546223795.77
1546223795.8
1546223795.84
1546223795.87
1546223795.9
1546223795.94
1546223795.97
1546223796.01
1546223796.04
1546223796.07
1546223796.1
1546223796.14
1546223796.17
1546223796.2
1546223796.24
1546223796.27
1546223796.3
1546223796.34
1546223796.37
1546223796.4
1546223796.44
1546223796.47
1546223796.5
1546223796.54
1546223796.57
1546223796.6
1546223796.64
1546223796.67
1546223796.7
1546223796.74
1546223796.77
1546223796.81
1546223796.84
1546223796.87
1546223796.91
1546223796.94
1546223796.97
1546223797.01
1546223797.04
1546223797.07
1546223797.11
1546223797.14
1546223797.17
1546223797.2
1546223797.24
1546223797.27
1546223797.31
1546223797.34
1546223797.37
1546223797.4
1546223797.44
1546223797.47
1546223797.51
1546223797.54
1546223797.57
1546223797.61
1546223797.64
1546223797.67
1546223797.7
1546223797.74
1546223797.77
1546223797.81
1546223797.84
1546223797.87
1546223797.9
1546223797.94
1546223797.97
1546223798.01
1546223798.04
1546223798.07
1546223798.11
1546223798.14
1546223798.17
1546223798.2
1546223798.24
1546223798.27
1546223798.31
1546223798.34
1546223798.37
1546223798.4
1546223798.44
1546223798.47
1546223798.51
1546223798.54
1546223798.57
1546223798.61
1546223798.64
1546223798.67
1546223798.71
1546223798.74
1546223798.77
1546223798.81
1546223798.84
1546223798.87
1546223798.91
1546223798.94
1546223798.97
1546223799.01
1546223799.04
1546223799.07
1546223799.11
1546223799.14
1546223799.17
1546223799.21
1546223799.24
1546223799.27
1546223799.31
1546223799.34
1546223799.37
1546223799.41
1546223799.44
1546223799.47
1546223799.51
1546223799.54
1546223799.57
1546223799.61
1546223799.64
1546223799.67
1546223799.71
1546223799.74
1546223799.77
1546223799.81
1546223799.84
1546223799.87
1546223799.91
1546223799.94
1546223799.97
1546223800.01
1546223800.04
1546223800.07
1546223800.11
1546223800.14
1546223800.17
1546223800.21
1546223800.24
1546223800.27
1546223800.31
1546223800.34
1546223800.37
1546223800.41
1546223800.44
1546223800.47
1546223800.51
1546223800.54
1546223800.57
1546223800.61
1546223800.64
1546223800.67
1546223800.71
1546223800.74
1546223800.77
1546223800.81
1546223800.84
1546223800.88
1546223800.91
1546223800.94
1546223800.97
1546223801.01
1546223801.04
1546223801.07
1546223801.11
1546223801.14
1546223801.17
1546223801.21
1546223801.24
1546223801.28
1546223801.31
1546223801.34
1546223801.37
1546223801.41
1546223801.44
1546223801.47
1546223801.51
1546223801.54
1546223801.57
1546223801.61
1546223801.64
1546223801.67
1546223801.71
1546223801.74
1546223801.78
1546223801.81
1546223801.84
1546223801.87
1546223801.91
1546223801.94
1546223801.97
1546223802.01
1546223802.04
1546223802.07
1546223802.11
1546223802.14
1546223802.18
1546223802.21
1546223802.24
1546223802.28
1546223802.31
1546223802.34
1546223802.38
1546223802.41
1546223802.44
1546223802.48
1546223802.51
1546223802.54
1546223802.58
1546223802.61
1546223802.64
1546223802.68
1546223802.71
1546223802.74
1546223802.78
1546223802.81
1546223802.84
1546223802.87
1546223802.9
1546223802.94
1546223802.97
1546223803.0
1546223803.04
1546223803.07
1546223803.1
1546223803.14
1546223803.17
1546223803.2
1546223803.24
1546223803.27
1546223803.3
1546223803.34
1546223803.37
1546223803.4
1546223803.44
1546223803.47
1546223803.5
1546223803.54
1546223803.57
1546223803.6
1546223803.64
1546223803.67
1546223803.7
1546223803.74
1546223803.77
1546223803.8
1546223803.84
1546223803.87
1546223803.9
1546223803.94
1546223803.97
1546223804.0
1546223804.04
1546223804.07
1546223804.1
1546223804.14
1546223804.17
1546223804.2
1546223804.24
1546223804.27
1546223804.3
1546223804.34
1546223804.37
1546223804.4
1546223804.44
1546223804.47
1546223804.5
1546223804.54
1546223804.57
1546223804.61
1546223804.64
1546223804.67
1546223804.7
1546223804.74
1546223804.77
1546223804.8
1546223804.84
1546223804.87
1546223804.9
1546223804.94
1546223804.97
1546223805.01
1546223805.04
1546223805.07
1546223805.11
1546223805.14
1546223805.17
1546223805.2
1546223805.24
1546223805.27
1546223805.31
1546223805.34
1546223805.37
1546223805.4
1546223805.44
1546223805.47
1546223805.51
1546223805.54
1546223805.57
1546223805.61
1546223805.64
1546223805.67
1546223805.7
1546223805.74
1546223805.77
1546223805.81
1546223805.84
1546223805.87
1546223805.9
1546223805.94
1546223805.97
1546223806.01
1546223806.04
1546223806.07
1546223806.11
1546223806.14
1546223806.17
1546223806.2
1546223806.24
1546223806.27
1546223806.31
1546223806.34
1546223806.37
1546223806.41
1546223806.44
1546223806.47
1546223806.51
1546223806.54
1546223806.57
1546223806.61
1546223806.64
1546223806.67
1546223806.7
1546223806.74
1546223806.77
1546223806.81
1546223806.84
1546223806.87
1546223806.9
1546223806.94
1546223806.97
1546223807.01
1546223807.04
1546223807.07
1546223807.11
1546223807.14
1546223807.17
1546223807.2
1546223807.24
1546223807.27
1546223807.31
1546223807.34
1546223807.37
1546223807.41
1546223807.44
1546223807.47
1546223807.51
1546223807.54
1546223807.57
1546223807.61
1546223807.64
1546223807.67
1546223807.71
1546223807.74
1546223807.77
1546223807.81
1546223807.84
1546223807.87
1546223807.91
1546223807.94
1546223807.97
1546223808.01
1546223808.04
1546223808.07
1546223808.11
1546223808.14
1546223808.17
1546223808.21
1546223808.24
1546223808.27
1546223808.31
1546223808.34
1546223808.37
1546223808.41
1546223808.44
1546223808.47
1546223808.51
1546223808.54
1546223808.57
1546223808.61
1546223808.64
1546223808.67
1546223808.71
1546223808.74
1546223808.77
1546223808.81
1546223808.84
1546223808.87
1546223808.91
1546223808.94
1546223808.97
1546223809.01
1546223809.04
1546223809.07
1546223809.11
1546223809.14
1546223809.17
1546223809.2
1546223809.24
1546223809.27
1546223809.31
1546223809.34
1546223809.37
1546223809.41
1546223809.44
1546223809.47
1546223809.51
1546223809.54
1546223809.57
1546223809.61
1546223809.64
1546223809.67
1546223809.71
1546223809.74
1546223809.77
1546223809.81
1546223809.84
1546223809.87
1546223809.9
1546223809.94
1546223809.97
1546223810.01
1546223810.04
1546223810.07
1546223810.11
1546223810.14
1546223810.17
1546223810.21
1546223810.24
1546223810.27
1546223810.31
1546223810.34
1546223810.37
1546223810.41
1546223810.44
1546223810.47
1546223810.51
1546223810.54
1546223810.57
1546223810.61
1546223810.64
1546223810.67
1546223810.71
1546223810.74
1546223810.77
1546223810.81
1546223810.84
1546223810.87
1546223810.91
1546223810.94
1546223810.97
1546223811.01
1546223811.04
1546223811.07
1546223811.11
1546223811.14
1546223811.17
1546223811.2
1546223811.24
1546223811.27
1546223811.31
1546223811.34
1546223811.37
1546223811.4
1546223811.44
1546223811.47
1546223811.51
1546223811.54
1546223811.57
1546223811.61
1546223811.64
1546223811.67
1546223811.71
1546223811.74
1546223811.77
1546223811.81
1546223811.84
1546223811.87
1546223811.91
1546223811.94
1546223811.97
1546223812.01
1546223812.04
1546223812.07
1546223812.11
1546223812.14
1546223812.17
1546223812.21
1546223812.24
1546223812.27
1546223812.31
1546223812.34
1546223812.37
1546223812.41
1546223812.44
1546223812.47
1546223812.51
1546223812.54
1546223812.57
1546223812.61
1546223812.64
1546223812.67
1546223812.7
1546223812.74
1546223812.77
1546223812.81
1546223812.84
1546223812.87
1546223812.91
1546223812.94
1546223812.97
1546223813.01
1546223813.04
1546223813.07
1546223813.11
1546223813.14
1546223813.17
1546223813.21
1546223813.24
1546223813.27
1546223813.31
1546223813.34
1546223813.37
1546223813.41
1546223813.44
1546223813.47
1546223813.51
1546223813.54
1546223813.57
1546223813.61
1546223813.64
1546223813.67
1546223813.7
1546223813.74
1546223813.77
1546223813.81
1546223813.84
1546223813.87
1546223813.91
1546223813.94
1546223813.97
1546223814.01
1546223814.04
1546223814.07
1546223814.11
1546223814.14
1546223814.17
1546223814.21
1546223814.24
1546223814.27
1546223814.31
1546223814.34
1546223814.37
1546223814.4
1546223814.44
1546223814.47
1546223814.51
1546223814.54
1546223814.57
1546223814.61
1546223814.64
1546223814.67
1546223814.7
1546223814.74
1546223814.77
1546223814.8
1546223814.84
1546223814.87
1546223814.9
1546223814.94
1546223814.97
1546223815.01
1546223815.04
1546223815.07
1546223815.11
1546223815.14
1546223815.17
1546223815.2
1546223815.24
1546223815.27
1546223815.3
1546223815.34
1546223815.37
1546223815.4
1546223815.44
1546223815.47
1546223815.5
1546223815.54
1546223815.57
1546223815.61
1546223815.64
1546223815.67
1546223815.7
1546223815.74
1546223815.77
1546223815.81
1546223815.84
1546223815.87
1546223815.9
1546223815.94
1546223815.97
1546223816.0
1546223816.04
1546223816.07
1546223816.1
1546223816.14
1546223816.17
1546223816.2
1546223816.24
1546223816.27
1546223816.3
1546223816.34
1546223816.37
1546223816.4
1546223816.44
1546223816.47
1546223816.5
1546223816.54
1546223816.57
1546223816.6
1546223816.64
1546223816.67
1546223816.7
1546223816.74
1546223816.77
1546223816.8
1546223816.84
1546223816.87
1546223816.9
1546223816.94
1546223816.97
1546223817.0
1546223817.04
1546223817.07
1546223817.1
1546223817.14
1546223817.17
1546223817.2
1546223817.24
1546223817.27
1546223817.3
1546223817.34
1546223817.37
1546223817.4
1546223817.43
1546223817.47
1546223817.5
1546223817.54
1546223817.57
1546223817.6
1546223817.64
1546223817.67
1546223817.7
1546223817.74
1546223817.77
1546223817.8
1546223817.84
1546223817.87
1546223817.9
1546223817.94
1546223817.97
1546223818.0
1546223818.04
1546223818.07
1546223818.1
1546223818.14
1546223818.17
1546223818.2
1546223818.24
1546223818.27
1546223818.3
1546223818.34
1546223818.37
1546223818.4
1546223818.44
1546223818.47
1546223818.5
1546223818.54
1546223818.57
1546223818.6
1546223818.64
1546223818.67
1546223818.7
1546223818.74
1546223818.77
1546223818.8
1546223818.84
1546223818.87
1546223818.9
1546223818.94
1546223818.97
1546223819.0
1546223819.04
1546223819.07
1546223819.1
1546223819.14
1546223819.17
1546223819.2
1546223819.24
1546223819.27
1546223819.31
1546223819.34
1546223819.37
1546223819.4
1546223819.44
1546223819.47
1546223819.5
1546223819.54
1546223819.57
1546223819.6
1546223819.64
1546223819.67
1546223819.7
1546223819.74
1546223819.77
1546223819.81
1546223819.84
1546223819.87
1546223819.9
1546223819.94
1546223819.97
1546223820.0
1546223820.04
1546223820.07
1546223820.1
1546223820.14
1546223820.17
1546223820.2
1546223820.24
1546223820.27
1546223820.3
1546223820.34
1546223820.37
1546223820.4
1546223820.44
1546223820.47
1546223820.5
1546223820.54
1546223820.57
1546223820.61
1546223820.64
1546223820.67
1546223820.7
1546223820.74
1546223820.77
1546223820.81
1546223820.84
1546223820.87
1546223820.9
1546223820.94
1546223820.97
1546223821.01
1546223821.04
1546223821.07
1546223821.11
1546223821.14
1546223821.17
1546223821.21
1546223821.24
1546223821.27
1546223821.31
1546223821.34
1546223821.37
1546223821.4
1546223821.44
1546223821.47
1546223821.51
1546223821.54
1546223821.57
1546223821.61
1546223821.64
1546223821.67
1546223821.71
1546223821.74
1546223821.77
1546223821.81
1546223821.84
1546223821.87
1546223821.9
1546223821.94
1546223821.97
1546223822.01
1546223822.04
1546223822.07
1546223822.11
1546223822.14
1546223822.17
1546223822.21
1546223822.24
1546223822.27
1546223822.31
1546223822.34
1546223822.37
1546223822.41
1546223822.44
1546223822.47
1546223822.51
1546223822.54
1546223822.57
1546223822.61
1546223822.64
1546223822.67
1546223822.71
1546223822.74
1546223822.78
1546223822.81
1546223822.84
1546223822.88
1546223822.91
1546223822.94
1546223822.98
1546223823.01
1546223823.04
1546223823.08
1546223823.11
1546223823.14
1546223823.17
1546223823.21
1546223823.24
1546223823.28
1546223823.31
1546223823.34
1546223823.38
1546223823.41
1546223823.44
1546223823.48
1546223823.51
1546223823.54
1546223823.58
1546223823.61
1546223823.64
1546223823.68
1546223823.71
1546223823.74
1546223823.78
1546223823.81
1546223823.84
1546223823.88
1546223823.91
1546223823.94
1546223823.98
1546223824.01
1546223824.04
1546223824.08
1546223824.11
1546223824.14
1546223824.18
1546223824.21
1546223824.24
1546223824.28
1546223824.31
1546223824.34
1546223824.38
1546223824.41
1546223824.44
1546223824.48
1546223824.51
1546223824.54
1546223824.58
1546223824.61
1546223824.64
1546223824.68
1546223824.71
1546223824.74
1546223824.78
1546223824.81
1546223824.84
1546223824.88
1546223824.91
1546223824.94
1546223824.98
1546223825.01
1546223825.04
1546223825.08
1546223825.11
1546223825.14
1546223825.18
1546223825.21
1546223825.24
1546223825.28
1546223825.31
1546223825.34
1546223825.38
1546223825.41
1546223825.44
1546223825.48
1546223825.51
1546223825.55
1546223825.58
1546223825.61
1546223825.64
1546223825.68
1546223825.71
1546223825.74
1546223825.78
1546223825.81
1546223825.85
1546223825.88
1546223825.91
1546223825.95
1546223825.98
1546223826.01
1546223826.05
1546223826.08
1546223826.11
1546223826.15
1546223826.18
1546223826.21
1546223826.25
1546223826.28
1546223826.31
1546223826.35
1546223826.38
1546223826.41
1546223826.44
1546223826.47
1546223826.51
1546223826.54
1546223826.57
1546223826.61
1546223826.64
1546223826.67
1546223826.71
1546223826.74
1546223826.77
1546223826.81
1546223826.84
1546223826.87
1546223826.91
1546223826.94
1546223826.97
1546223827.01
1546223827.04
1546223827.07
1546223827.11
1546223827.14
1546223827.17
1546223827.21
1546223827.24
1546223827.27
1546223827.31
1546223827.34
1546223827.37
1546223827.41
1546223827.44
1546223827.47
1546223827.51
1546223827.54
1546223827.57
1546223827.61
1546223827.64
1546223827.67
1546223827.71
1546223827.74
1546223827.77
1546223827.81
1546223827.84
1546223827.87
1546223827.91
1546223827.94
1546223827.97
1546223828.01
1546223828.04
1546223828.07
1546223828.11
1546223828.14
1546223828.17
1546223828.21
1546223828.24
1546223828.27
1546223828.31
1546223828.34
1546223828.37
1546223828.41
1546223828.44
1546223828.47
1546223828.51
1546223828.54
1546223828.57
1546223828.61
1546223828.64
1546223828.67
1546223828.71
1546223828.74
1546223828.77
1546223828.81
1546223828.84
1546223828.87
1546223828.91
1546223828.94
1546223828.97
1546223829.01
1546223829.04
1546223829.07
1546223829.11
1546223829.14
1546223829.17
1546223829.21
1546223829.24
1546223829.28
1546223829.31
1546223829.34
1546223829.37
1546223829.41
1546223829.44
1546223829.47
1546223829.51
1546223829.54
1546223829.57
1546223829.61
1546223829.64
1546223829.67
1546223829.71
1546223829.74
1546223829.77
1546223829.81
1546223829.84
1546223829.87
1546223829.91
1546223829.94
1546223829.97
1546223830.01
1546223830.04
1546223830.07
1546223830.11
1546223830.14
1546223830.17
1546223830.21
1546223830.24
1546223830.27
1546223830.31
1546223830.34
1546223830.37
1546223830.41
1546223830.44
1546223830.47
1546223830.51
1546223830.54
1546223830.57
1546223830.61
1546223830.64
1546223830.67
1546223830.71
1546223830.74
1546223830.77
1546223830.81
1546223830.84
1546223830.87
1546223830.91
1546223830.94
1546223830.97
1546223831.01
1546223831.04
1546223831.07
1546223831.11
1546223831.14
1546223831.17
1546223831.21
1546223831.24
1546223831.27
1546223831.31
1546223831.34
1546223831.37
1546223831.41
1546223831.44
1546223831.47
1546223831.51
1546223831.54
1546223831.57
1546223831.61
1546223831.64
1546223831.67
1546223831.7
1546223831.74
1546223831.77
1546223831.81
1546223831.84
1546223831.87
1546223831.9
1546223831.94
1546223831.97
1546223832.01
1546223832.04
1546223832.07
1546223832.11
1546223832.14
1546223832.17
1546223832.2
1546223832.24
1546223832.27
1546223832.31
1546223832.34
1546223832.37
1546223832.41
1546223832.44
1546223832.47
1546223832.51
1546223832.54
1546223832.57
1546223832.61
1546223832.64
1546223832.67
1546223832.7
1546223832.74
1546223832.77
1546223832.81
1546223832.84
1546223832.87
1546223832.9
1546223832.94
1546223832.97
1546223833.01
1546223833.04
1546223833.07
1546223833.11
1546223833.14
1546223833.17
1546223833.21
1546223833.24
1546223833.27
1546223833.31
1546223833.34
1546223833.37
1546223833.41
1546223833.44
1546223833.47
1546223833.51
1546223833.54
1546223833.57
1546223833.61
1546223833.64
1546223833.67
1546223833.71
1546223833.74
1546223833.77
1546223833.8
1546223833.84
1546223833.87
1546223833.9
1546223833.94
1546223833.97
1546223834.01
1546223834.04
1546223834.07
1546223834.11
1546223834.14
1546223834.17
1546223834.2
1546223834.24
1546223834.27
1546223834.3
1546223834.34
1546223834.37
1546223834.4
1546223834.44
1546223834.47
1546223834.51
1546223834.54
1546223834.57
1546223834.6
1546223834.64
1546223834.67
1546223834.7
1546223834.74
1546223834.77
1546223834.8
1546223834.84
1546223834.87
1546223834.9
1546223834.94
1546223834.97
1546223835.0
1546223835.04
1546223835.07
1546223835.1
1546223835.14
1546223835.17
1546223835.2
1546223835.24
1546223835.27
1546223835.3
1546223835.34
1546223835.37
1546223835.4
1546223835.44
1546223835.47
1546223835.51
1546223835.54
1546223835.57
1546223835.61
1546223835.64
1546223835.67
1546223835.7
1546223835.74
1546223835.77
1546223835.8
1546223835.84
1546223835.87
1546223835.9
1546223835.94
1546223835.97
1546223836.0
1546223836.04
1546223836.07
1546223836.1
1546223836.14
1546223836.17
1546223836.2
1546223836.24
1546223836.27
1546223836.3
1546223836.34
1546223836.37
1546223836.4
1546223836.44
1546223836.47
1546223836.51
1546223836.54
1546223836.57
1546223836.6
1546223836.64
1546223836.67
1546223836.7
1546223836.74
1546223836.77
1546223836.8
1546223836.84
1546223836.87
1546223836.9
1546223836.94
1546223836.97
1546223837.0
1546223837.04
1546223837.07
1546223837.11
1546223837.14
1546223837.17
1546223837.2
1546223837.24
1546223837.27
1546223837.3
1546223837.34
1546223837.37
1546223837.4
1546223837.44
1546223837.47
1546223837.5
1546223837.54
1546223837.57
1546223837.6
1546223837.64
1546223837.67
1546223837.7
1546223837.73
1546223837.77
1546223837.8
1546223837.84
1546223837.87
1546223837.9
1546223837.94
1546223837.97
1546223838.0
1546223838.04
1546223838.07
1546223838.1
1546223838.13
1546223838.17
1546223838.2
1546223838.23
1546223838.27
1546223838.3
1546223838.34
1546223838.37
1546223838.4
1546223838.44
1546223838.47
1546223838.5
1546223838.54
1546223838.57
1546223838.6
1546223838.63
1546223838.67
1546223838.7
1546223838.73
1546223838.77
1546223838.8
1546223838.83
1546223838.87
1546223838.9
1546223838.93
1546223838.97
1546223839.0
1546223839.03
1546223839.07
1546223839.1
1546223839.13
1546223839.17
1546223839.2
1546223839.23
1546223839.27
1546223839.3
1546223839.33
1546223839.37
1546223839.4
1546223839.43
1546223839.47
1546223839.5
1546223839.54
1546223839.57
1546223839.6
1546223839.63
1546223839.67
1546223839.7
1546223839.74
1546223839.77
1546223839.8
1546223839.84
1546223839.87
1546223839.9
1546223839.94
1546223839.97
1546223840.0
1546223840.04
1546223840.07
1546223840.1
1546223840.14
1546223840.17
1546223840.2
1546223840.24
1546223840.27
1546223840.3
1546223840.34
1546223840.37
1546223840.4
1546223840.44
1546223840.47
1546223840.5
1546223840.54
1546223840.57
1546223840.6
1546223840.64
1546223840.67
1546223840.7
1546223840.74
1546223840.77
1546223840.8
1546223840.84
1546223840.87
1546223840.9
1546223840.94
1546223840.97
1546223841.0
1546223841.04
1546223841.07
1546223841.1
1546223841.14
1546223841.17
1546223841.2
1546223841.24
1546223841.27
1546223841.3
1546223841.34
1546223841.37
1546223841.4
1546223841.44
1546223841.47
1546223841.5
1546223841.54
1546223841.57
1546223841.6
1546223841.64
1546223841.67
1546223841.7
1546223841.74
1546223841.77
1546223841.8
1546223841.84
1546223841.87
1546223841.9
1546223841.94
1546223841.97
1546223842.0
1546223842.04
1546223842.07
1546223842.1
1546223842.14
1546223842.17
1546223842.2
1546223842.24
1546223842.27
1546223842.3
1546223842.34
1546223842.37
1546223842.4
1546223842.44
1546223842.47
1546223842.5
1546223842.54
1546223842.57
1546223842.6
1546223842.64
1546223842.67
1546223842.7
1546223842.74
1546223842.77
1546223842.8
1546223842.84
1546223842.87
1546223842.9
1546223842.94
1546223842.97
1546223843.0
1546223843.04
1546223843.07
1546223843.1
1546223843.14
1546223843.17
1546223843.2
1546223843.24
1546223843.27
1546223843.3
1546223843.34
1546223843.37
1546223843.4
1546223843.44
1546223843.47
1546223843.5
1546223843.54
1546223843.57
1546223843.6
1546223843.64
1546223843.67
1546223843.7
1546223843.74
1546223843.77
1546223843.81
1546223843.84
1546223843.87
1546223843.9
1546223843.94
1546223843.97
1546223844.0
1546223844.04
1546223844.07
1546223844.1
1546223844.14
1546223844.17
1546223844.2
1546223844.24
1546223844.27
1546223844.31
1546223844.34
1546223844.37
1546223844.41
1546223844.44
1546223844.47
1546223844.51
1546223844.54
1546223844.57
1546223844.61
1546223844.64
1546223844.67
1546223844.7
1546223844.74
1546223844.77
1546223844.81
1546223844.84
1546223844.87
1546223844.9
1546223844.94
1546223844.97
1546223845.01
1546223845.04
1546223845.07
1546223845.11
1546223845.14
1546223845.17
1546223845.21
1546223845.24
1546223845.27
1546223845.31
1546223845.34
1546223845.37
1546223845.41
1546223845.44
1546223845.47
1546223845.51
1546223845.54
1546223845.57
1546223845.61
1546223845.64
1546223845.67
1546223845.71
1546223845.74
1546223845.78
1546223845.81
1546223845.84
1546223845.88
1546223845.91
1546223845.94
1546223845.97
1546223846.01
1546223846.04
1546223846.08
1546223846.11
1546223846.14
1546223846.17
1546223846.21
1546223846.24
1546223846.28
1546223846.31
1546223846.34
1546223846.38
1546223846.41
1546223846.44
1546223846.47
1546223846.51
1546223846.54
1546223846.58
1546223846.61
1546223846.64
1546223846.68
1546223846.71
1546223846.74
1546223846.78
1546223846.81
1546223846.84
1546223846.88
1546223846.91
1546223846.94
1546223846.98
1546223847.01
1546223847.04
1546223847.08
1546223847.11
1546223847.14
1546223847.18
1546223847.21
1546223847.24
1546223847.28
1546223847.31
1546223847.35
1546223847.38
