1546230490.34
1546230490.47
1546230490.52
1546230490.55
1546230490.58
1546230490.61
1546230490.64
1546230490.67
1546230490.7
1546230490.73
1546230490.76
1546230490.79
1546230490.83
1546230490.86
1546230490.89
1546230490.93
1546230490.96
1546230490.99
1546230491.03
1546230491.06
1546230491.1
1546230491.13
1546230491.16
1546230491.19
1546230491.23
1546230491.26
1546230491.29
1546230491.33
1546230491.36
1546230491.39
1546230491.43
1546230491.46
1546230491.49
1546230491.53
1546230491.56
1546230491.59
1546230491.63
1546230491.66
1546230491.69
1546230491.73
1546230491.76
1546230491.79
1546230491.83
1546230491.86
1546230491.89
1546230491.93
1546230491.96
1546230491.99
1546230492.03
1546230492.06
1546230492.09
1546230492.13
1546230492.16
1546230492.19
1546230492.23
1546230492.26
1546230492.29
1546230492.33
1546230492.36
1546230492.39
1546230492.43
1546230492.46
1546230492.49
1546230492.53
1546230492.56
1546230492.59
1546230492.63
1546230492.66
1546230492.69
1546230492.73
1546230492.76
1546230492.8
1546230492.83
1546230492.86
1546230492.89
1546230492.93
1546230492.96
1546230492.99
1546230493.03
1546230493.06
1546230493.09
1546230493.13
1546230493.16
1546230493.19
1546230493.23
1546230493.26
1546230493.29
1546230493.33
1546230493.36
1546230493.39
1546230493.43
1546230493.46
1546230493.49
1546230493.53
1546230493.56
1546230493.6
1546230493.63
1546230493.66
1546230493.69
1546230493.73
1546230493.76
1546230493.79
1546230493.83
1546230493.86
1546230493.89
1546230493.93
1546230493.96
1546230493.99
1546230494.03
1546230494.06
1546230494.09
1546230494.13
1546230494.16
1546230494.19
1546230494.23
1546230494.26
1546230494.29
1546230494.33
1546230494.36
1546230494.39
1546230494.43
1546230494.46
1546230494.49
1546230494.53
1546230494.56
1546230494.59
1546230494.63
1546230494.66
1546230494.69
1546230494.73
1546230494.76
1546230494.79
1546230494.83
1546230494.86
1546230494.89
1546230494.93
1546230494.96
1546230494.99
1546230495.03
1546230495.06
1546230495.09
1546230495.12
1546230495.16
1546230495.19
1546230495.23
1546230495.26
1546230495.29
1546230495.33
1546230495.36
1546230495.39
1546230495.43
1546230495.46
1546230495.49
1546230495.53
1546230495.56
1546230495.59
1546230495.63
1546230495.66
1546230495.69
1546230495.73
1546230495.76
1546230495.79
1546230495.83
1546230495.86
1546230495.89
1546230495.92
1546230495.96
1546230495.99
1546230496.03
1546230496.06
1546230496.09
1546230496.12
1546230496.16
1546230496.19
1546230496.22
1546230496.26
1546230496.29
1546230496.33
1546230496.36
1546230496.39
1546230496.42
1546230496.46
1546230496.49
1546230496.52
1546230496.56
1546230496.59
1546230496.62
1546230496.66
1546230496.69
1546230496.72
1546230496.76
1546230496.79
1546230496.83
1546230496.86
1546230496.89
1546230496.92
1546230496.96
1546230496.99
1546230497.03
1546230497.06
1546230497.09
1546230497.12
1546230497.16
1546230497.19
1546230497.22
1546230497.26
1546230497.29
1546230497.33
1546230497.36
1546230497.39
1546230497.43
1546230497.46
1546230497.49
1546230497.53
1546230497.56
1546230497.59
1546230497.63
1546230497.66
1546230497.69
1546230497.73
1546230497.76
1546230497.79
1546230497.83
1546230497.86
1546230497.89
1546230497.93
1546230497.96
1546230497.99
1546230498.03
1546230498.06
1546230498.09
1546230498.13
1546230498.16
1546230498.19
1546230498.22
1546230498.26
1546230498.29
1546230498.33
1546230498.36
1546230498.39
1546230498.43
1546230498.46
1546230498.49
1546230498.53
1546230498.56
1546230498.59
1546230498.63
1546230498.66
1546230498.69
1546230498.73
1546230498.76
1546230498.79
1546230498.83
1546230498.86
1546230498.89
1546230498.93
1546230498.96
1546230498.99
1546230499.03
1546230499.06
1546230499.09
1546230499.13
1546230499.16
1546230499.19
1546230499.23
1546230499.26
1546230499.29
1546230499.33
1546230499.36
1546230499.39
1546230499.43
1546230499.46
1546230499.49
1546230499.53
1546230499.56
1546230499.59
1546230499.63
1546230499.66
1546230499.69
1546230499.73
1546230499.76
1546230499.8
1546230499.83
1546230499.86
1546230499.89
1546230499.93
1546230499.96
1546230499.99
1546230500.03
1546230500.06
1546230500.1
1546230500.13
1546230500.16
1546230500.2
1546230500.23
1546230500.26
1546230500.3
1546230500.33
1546230500.36
1546230500.4
1546230500.43
1546230500.46
1546230500.5
1546230500.53
1546230500.56
1546230500.6
1546230500.63
1546230500.66
1546230500.7
1546230500.73
1546230500.76
1546230500.8
1546230500.83
1546230500.86
1546230500.9
1546230500.93
1546230500.96
1546230501.0
1546230501.03
1546230501.06
1546230501.1
1546230501.13
1546230501.16
1546230501.2
1546230501.23
1546230501.27
1546230501.3
1546230501.33
1546230501.37
1546230501.4
1546230501.43
1546230501.46
1546230501.5
1546230501.53
1546230501.57
1546230501.6
1546230501.63
1546230501.66
1546230501.7
1546230501.73
1546230501.77
1546230501.8
1546230501.83
1546230501.87
1546230501.9
1546230501.93
1546230501.96
1546230502.0
1546230502.03
1546230502.07
1546230502.1
1546230502.13
1546230502.16
1546230502.2
1546230502.23
1546230502.27
1546230502.3
1546230502.33
1546230502.37
1546230502.4
1546230502.43
1546230502.47
1546230502.5
1546230502.53
1546230502.57
1546230502.6
1546230502.63
1546230502.66
1546230502.7
1546230502.73
1546230502.77
1546230502.8
1546230502.83
1546230502.87
1546230502.9
1546230502.93
1546230502.96
1546230503.0
1546230503.03
1546230503.06
1546230503.09
1546230503.12
1546230503.16
1546230503.19
1546230503.22
1546230503.26
1546230503.29
1546230503.32
1546230503.36
1546230503.39
1546230503.42
1546230503.46
1546230503.49
1546230503.52
1546230503.56
1546230503.59
1546230503.62
1546230503.66
1546230503.69
1546230503.72
1546230503.76
1546230503.79
1546230503.82
1546230503.86
1546230503.89
1546230503.92
1546230503.96
1546230503.99
1546230504.02
1546230504.06
1546230504.09
1546230504.12
1546230504.16
1546230504.19
1546230504.22
1546230504.26
1546230504.29
1546230504.32
1546230504.36
1546230504.39
1546230504.42
1546230504.46
1546230504.49
1546230504.52
1546230504.56
1546230504.59
1546230504.62
1546230504.66
1546230504.69
1546230504.72
1546230504.76
1546230504.79
1546230504.82
1546230504.86
1546230504.89
1546230504.92
1546230504.96
1546230504.99
1546230505.02
1546230505.06
1546230505.09
1546230505.12
1546230505.16
1546230505.19
1546230505.22
1546230505.26
1546230505.29
1546230505.32
1546230505.36
1546230505.39
1546230505.42
1546230505.46
1546230505.49
1546230505.52
1546230505.56
1546230505.59
1546230505.62
1546230505.66
1546230505.69
1546230505.72
1546230505.76
1546230505.79
1546230505.82
1546230505.86
1546230505.89
1546230505.92
1546230505.95
1546230505.99
1546230506.02
1546230506.06
1546230506.09
1546230506.12
1546230506.16
1546230506.19
1546230506.22
1546230506.26
1546230506.29
1546230506.32
1546230506.36
1546230506.39
1546230506.42
1546230506.46
1546230506.49
1546230506.52
1546230506.56
1546230506.59
1546230506.62
1546230506.66
1546230506.69
1546230506.72
1546230506.76
1546230506.79
1546230506.82
1546230506.86
1546230506.89
1546230506.92
1546230506.95
1546230506.99
1546230507.02
1546230507.06
1546230507.09
1546230507.12
1546230507.16
1546230507.19
1546230507.22
1546230507.26
1546230507.29
1546230507.32
1546230507.36
1546230507.39
1546230507.42
1546230507.45
1546230507.49
1546230507.52
1546230507.56
1546230507.59
1546230507.62
1546230507.65
1546230507.69
1546230507.72
1546230507.76
1546230507.79
1546230507.82
1546230507.86
1546230507.89
1546230507.92
1546230507.95
1546230507.99
1546230508.02
1546230508.06
1546230508.09
1546230508.12
1546230508.16
1546230508.19
1546230508.22
1546230508.26
1546230508.29
1546230508.32
1546230508.36
1546230508.39
1546230508.42
1546230508.46
1546230508.49
1546230508.52
1546230508.56
1546230508.59
1546230508.62
1546230508.66
1546230508.69
1546230508.72
1546230508.76
1546230508.79
1546230508.82
1546230508.86
1546230508.89
1546230508.92
1546230508.95
1546230508.99
1546230509.02
1546230509.06
1546230509.09
1546230509.12
1546230509.15
1546230509.19
1546230509.22
1546230509.26
1546230509.29
1546230509.32
1546230509.36
1546230509.39
1546230509.42
1546230509.45
1546230509.49
1546230509.52
1546230509.56
1546230509.59
1546230509.62
1546230509.65
1546230509.69
1546230509.72
1546230509.76
1546230509.79
1546230509.82
1546230509.86
1546230509.89
1546230509.92
1546230509.95
1546230509.99
1546230510.02
1546230510.05
1546230510.09
1546230510.12
1546230510.15
1546230510.19
1546230510.22
1546230510.26
1546230510.29
1546230510.32
1546230510.36
1546230510.39
1546230510.42
1546230510.45
1546230510.49
1546230510.52
1546230510.56
1546230510.59
1546230510.62
1546230510.65
1546230510.69
1546230510.72
1546230510.76
1546230510.79
1546230510.82
1546230510.86
1546230510.89
1546230510.92
1546230510.95
1546230510.99
1546230511.02
1546230511.06
1546230511.09
1546230511.12
1546230511.15
1546230511.19
1546230511.22
1546230511.26
1546230511.29
1546230511.32
1546230511.35
1546230511.39
1546230511.42
1546230511.45
1546230511.49
1546230511.52
1546230511.55
1546230511.59
1546230511.62
1546230511.65
1546230511.69
1546230511.72
1546230511.75
1546230511.79
1546230511.82
1546230511.85
1546230511.89
1546230511.92
1546230511.95
1546230511.99
1546230512.02
1546230512.05
1546230512.09
1546230512.12
1546230512.15
1546230512.19
1546230512.22
1546230512.25
1546230512.29
1546230512.32
1546230512.35
1546230512.39
1546230512.42
1546230512.45
1546230512.49
1546230512.52
1546230512.55
1546230512.59
1546230512.62
1546230512.65
1546230512.68
1546230512.72
1546230512.75
1546230512.79
1546230512.82
1546230512.85
1546230512.89
1546230512.92
1546230512.95
1546230512.99
1546230513.02
1546230513.05
1546230513.09
1546230513.12
1546230513.15
1546230513.19
1546230513.22
1546230513.25
1546230513.29
1546230513.32
1546230513.35
1546230513.39
1546230513.42
1546230513.45
1546230513.49
1546230513.52
1546230513.55
1546230513.59
1546230513.62
1546230513.65
1546230513.68
1546230513.72
1546230513.75
1546230513.79
1546230513.82
1546230513.85
1546230513.88
1546230513.92
1546230513.95
1546230513.99
1546230514.02
1546230514.05
1546230514.09
1546230514.12
1546230514.15
1546230514.19
1546230514.22
1546230514.25
1546230514.29
1546230514.32
1546230514.35
1546230514.39
1546230514.42
1546230514.45
1546230514.49
1546230514.52
1546230514.55
1546230514.59
1546230514.62
1546230514.65
1546230514.69
1546230514.72
1546230514.75
1546230514.79
1546230514.82
1546230514.85
1546230514.89
1546230514.92
1546230514.95
1546230514.99
1546230515.02
1546230515.05
1546230515.09
1546230515.12
1546230515.15
1546230515.19
1546230515.22
1546230515.25
1546230515.29
1546230515.32
1546230515.35
1546230515.39
1546230515.42
1546230515.45
1546230515.49
1546230515.52
1546230515.55
1546230515.59
1546230515.62
1546230515.65
1546230515.69
1546230515.72
1546230515.75
1546230515.79
1546230515.82
1546230515.85
1546230515.89
1546230515.92
1546230515.95
1546230515.99
1546230516.02
1546230516.05
1546230516.09
1546230516.12
1546230516.15
1546230516.19
1546230516.22
1546230516.25
1546230516.29
1546230516.32
1546230516.35
1546230516.39
1546230516.42
1546230516.45
1546230516.49
1546230516.52
1546230516.55
1546230516.59
1546230516.62
1546230516.65
1546230516.69
1546230516.72
1546230516.75
1546230516.79
1546230516.82
1546230516.85
1546230516.89
1546230516.92
1546230516.95
1546230516.99
1546230517.02
1546230517.05
1546230517.09
1546230517.12
1546230517.15
1546230517.19
1546230517.22
1546230517.25
1546230517.29
1546230517.32
1546230517.35
1546230517.38
1546230517.42
1546230517.45
1546230517.48
1546230517.52
1546230517.55
1546230517.59
1546230517.62
1546230517.65
1546230517.68
1546230517.72
1546230517.75
1546230517.79
1546230517.82
1546230517.85
1546230517.88
1546230517.92
1546230517.95
1546230517.98
1546230518.02
1546230518.05
1546230518.08
1546230518.12
1546230518.15
1546230518.18
1546230518.22
1546230518.25
1546230518.28
1546230518.32
1546230518.35
1546230518.38
1546230518.42
1546230518.45
1546230518.48
1546230518.52
1546230518.55
1546230518.58
1546230518.62
1546230518.65
1546230518.68
1546230518.72
1546230518.75
1546230518.78
1546230518.82
1546230518.85
1546230518.88
1546230518.92
1546230518.95
1546230518.98
1546230519.02
1546230519.05
1546230519.09
1546230519.12
1546230519.15
1546230519.18
1546230519.22
1546230519.25
1546230519.29
1546230519.32
1546230519.35
1546230519.38
1546230519.42
1546230519.45
1546230519.48
1546230519.52
1546230519.55
1546230519.59
1546230519.62
1546230519.65
1546230519.68
1546230519.72
1546230519.75
1546230519.78
1546230519.82
1546230519.85
1546230519.88
1546230519.92
1546230519.95
1546230519.98
1546230520.02
1546230520.05
1546230520.09
1546230520.12
1546230520.15
1546230520.18
1546230520.22
1546230520.25
1546230520.28
1546230520.32
1546230520.35
1546230520.38
1546230520.42
1546230520.45
1546230520.48
1546230520.52
1546230520.55
1546230520.58
1546230520.62
1546230520.65
1546230520.68
1546230520.72
1546230520.75
1546230520.78
1546230520.82
1546230520.85
1546230520.88
1546230520.92
1546230520.95
1546230520.98
1546230521.02
1546230521.05
1546230521.08
1546230521.12
1546230521.15
1546230521.18
1546230521.22
1546230521.25
1546230521.28
1546230521.32
1546230521.35
1546230521.38
1546230521.42
1546230521.45
1546230521.48
1546230521.52
1546230521.55
1546230521.59
1546230521.62
1546230521.65
1546230521.69
1546230521.72
1546230521.75
1546230521.79
1546230521.82
1546230521.85
1546230521.88
1546230521.92
1546230521.95
1546230521.99
1546230522.02
1546230522.05
1546230522.09
1546230522.12
1546230522.15
1546230522.19
1546230522.22
1546230522.25
1546230522.29
1546230522.32
1546230522.35
1546230522.38
1546230522.42
1546230522.45
1546230522.49
1546230522.52
1546230522.55
1546230522.59
1546230522.62
1546230522.65
1546230522.69
1546230522.72
1546230522.75
1546230522.79
1546230522.82
1546230522.85
1546230522.89
1546230522.92
1546230522.95
1546230522.99
1546230523.02
1546230523.05
1546230523.09
1546230523.12
1546230523.15
1546230523.19
1546230523.22
1546230523.25
1546230523.29
1546230523.32
1546230523.35
1546230523.39
1546230523.42
1546230523.45
1546230523.49
1546230523.52
1546230523.55
1546230523.59
1546230523.62
1546230523.65
1546230523.69
1546230523.72
1546230523.75
1546230523.79
1546230523.82
1546230523.85
1546230523.89
1546230523.92
1546230523.95
1546230523.99
1546230524.02
1546230524.05
1546230524.09
1546230524.12
1546230524.15
1546230524.19
1546230524.22
1546230524.25
1546230524.29
1546230524.32
1546230524.35
1546230524.39
1546230524.42
1546230524.45
1546230524.49
1546230524.52
1546230524.56
1546230524.59
1546230524.62
1546230524.65
1546230524.69
1546230524.72
1546230524.76
1546230524.79
1546230524.82
1546230524.86
1546230524.89
1546230524.92
1546230524.95
1546230524.99
1546230525.02
1546230525.06
1546230525.09
1546230525.12
1546230525.15
1546230525.19
1546230525.22
1546230525.26
1546230525.29
1546230525.32
1546230525.36
1546230525.39
1546230525.42
1546230525.46
1546230525.49
1546230525.52
1546230525.56
1546230525.59
1546230525.62
1546230525.66
1546230525.69
1546230525.72
1546230525.76
1546230525.79
1546230525.82
1546230525.86
1546230525.89
1546230525.92
1546230525.96
1546230525.99
1546230526.02
1546230526.06
1546230526.09
1546230526.12
1546230526.16
1546230526.19
1546230526.22
1546230526.26
1546230526.29
1546230526.32
1546230526.36
1546230526.39
1546230526.42
1546230526.46
1546230526.49
1546230526.52
1546230526.56
1546230526.59
1546230526.62
1546230526.66
1546230526.69
1546230526.72
1546230526.75
1546230526.78
1546230526.82
1546230526.85
1546230526.88
1546230526.92
1546230526.95
1546230526.98
1546230527.02
1546230527.05
1546230527.08
1546230527.12
1546230527.15
1546230527.18
1546230527.22
1546230527.25
1546230527.28
1546230527.32
1546230527.35
1546230527.38
1546230527.42
1546230527.45
1546230527.48
1546230527.52
1546230527.55
1546230527.58
1546230527.62
1546230527.65
1546230527.68
1546230527.72
1546230527.75
1546230527.78
1546230527.82
1546230527.85
1546230527.88
1546230527.92
1546230527.95
1546230527.98
1546230528.02
1546230528.05
1546230528.08
1546230528.12
1546230528.15
1546230528.18
1546230528.22
1546230528.25
1546230528.28
1546230528.32
1546230528.35
1546230528.38
1546230528.42
1546230528.45
1546230528.48
1546230528.52
1546230528.55
1546230528.58
1546230528.62
1546230528.65
1546230528.68
1546230528.72
1546230528.75
1546230528.78
1546230528.82
1546230528.85
1546230528.88
1546230528.91
1546230528.95
1546230528.98
1546230529.02
1546230529.05
1546230529.08
1546230529.12
1546230529.15
1546230529.18
1546230529.22
1546230529.25
1546230529.28
1546230529.32
1546230529.35
1546230529.38
1546230529.41
1546230529.45
1546230529.48
1546230529.51
1546230529.55
1546230529.58
1546230529.62
1546230529.65
1546230529.68
1546230529.71
1546230529.75
1546230529.78
1546230529.81
1546230529.85
1546230529.88
1546230529.91
1546230529.95
1546230529.98
1546230530.01
1546230530.05
1546230530.08
1546230530.12
1546230530.15
1546230530.18
1546230530.21
1546230530.25
1546230530.28
1546230530.31
1546230530.35
1546230530.38
1546230530.41
1546230530.45
1546230530.48
1546230530.51
1546230530.55
1546230530.58
1546230530.61
1546230530.65
1546230530.68
1546230530.71
1546230530.75
1546230530.78
1546230530.81
1546230530.85
1546230530.88
1546230530.91
1546230530.95
1546230530.98
1546230531.01
1546230531.05
1546230531.08
1546230531.11
1546230531.15
1546230531.18
1546230531.21
1546230531.25
1546230531.28
1546230531.31
1546230531.35
1546230531.38
1546230531.41
1546230531.45
1546230531.48
1546230531.51
1546230531.55
1546230531.58
1546230531.61
1546230531.65
1546230531.68
1546230531.71
1546230531.75
1546230531.78
1546230531.81
1546230531.85
1546230531.88
1546230531.91
1546230531.95
1546230531.98
1546230532.01
1546230532.05
1546230532.08
1546230532.11
1546230532.15
1546230532.18
1546230532.21
1546230532.25
1546230532.28
1546230532.31
1546230532.35
1546230532.38
1546230532.41
1546230532.45
1546230532.48
1546230532.51
1546230532.55
1546230532.58
1546230532.61
1546230532.65
1546230532.68
1546230532.71
1546230532.75
1546230532.78
1546230532.81
1546230532.85
1546230532.88
1546230532.91
1546230532.95
1546230532.98
1546230533.01
1546230533.05
1546230533.08
1546230533.11
1546230533.15
1546230533.18
1546230533.21
1546230533.25
1546230533.28
1546230533.31
1546230533.35
1546230533.38
1546230533.41
1546230533.45
1546230533.48
1546230533.51
1546230533.55
1546230533.58
1546230533.61
1546230533.65
1546230533.68
1546230533.71
1546230533.75
1546230533.78
1546230533.81
1546230533.85
1546230533.88
1546230533.91
1546230533.95
1546230533.98
1546230534.02
1546230534.05
1546230534.08
1546230534.12
1546230534.15
1546230534.18
1546230534.21
1546230534.25
1546230534.28
1546230534.31
1546230534.35
1546230534.38
1546230534.41
1546230534.45
1546230534.48
1546230534.51
1546230534.55
1546230534.58
1546230534.62
1546230534.65
1546230534.68
1546230534.71
1546230534.75
1546230534.78
1546230534.81
1546230534.85
1546230534.88
1546230534.91
1546230534.95
1546230534.98
1546230535.01
1546230535.05
1546230535.08
1546230535.11
1546230535.15
1546230535.18
1546230535.21
1546230535.25
1546230535.28
1546230535.31
1546230535.35
1546230535.38
1546230535.41
1546230535.45
1546230535.48
1546230535.51
1546230535.55
1546230535.58
1546230535.61
1546230535.64
1546230535.68
1546230535.71
1546230535.74
1546230535.78
1546230535.81
1546230535.85
1546230535.88
1546230535.91
1546230535.95
1546230535.98
1546230536.01
1546230536.05
1546230536.08
1546230536.11
1546230536.15
1546230536.18
1546230536.21
1546230536.25
1546230536.28
1546230536.31
1546230536.35
1546230536.38
1546230536.41
1546230536.45
1546230536.48
1546230536.51
1546230536.55
1546230536.58
1546230536.61
1546230536.65
1546230536.68
1546230536.71
1546230536.75
1546230536.78
1546230536.81
1546230536.85
1546230536.88
1546230536.91
1546230536.95
1546230536.98
1546230537.01
1546230537.05
1546230537.08
1546230537.11
1546230537.15
1546230537.18
1546230537.21
1546230537.25
1546230537.28
1546230537.31
1546230537.35
1546230537.38
1546230537.41
1546230537.45
1546230537.48
1546230537.51
1546230537.55
1546230537.58
1546230537.61
1546230537.65
1546230537.68
1546230537.71
1546230537.75
1546230537.78
1546230537.81
1546230537.85
1546230537.88
1546230537.91
1546230537.94
1546230537.98
1546230538.01
1546230538.05
1546230538.08
1546230538.11
1546230538.14
1546230538.18
1546230538.21
1546230538.24
1546230538.28
1546230538.31
1546230538.34
1546230538.38
1546230538.41
1546230538.44
1546230538.48
1546230538.51
1546230538.55
1546230538.58
1546230538.61
1546230538.64
1546230538.68
1546230538.71
1546230538.74
1546230538.78
1546230538.81
1546230538.85
1546230538.88
1546230538.91
1546230538.94
1546230538.98
1546230539.01
1546230539.05
1546230539.08
1546230539.11
1546230539.14
1546230539.18
1546230539.21
1546230539.24
1546230539.28
1546230539.31
1546230539.35
1546230539.38
1546230539.41
1546230539.45
1546230539.48
1546230539.51
1546230539.55
1546230539.58
1546230539.61
1546230539.64
1546230539.68
1546230539.71
1546230539.74
1546230539.78
1546230539.81
1546230539.84
1546230539.88
1546230539.91
1546230539.94
1546230539.98
1546230540.01
1546230540.04
1546230540.08
1546230540.11
1546230540.14
1546230540.18
1546230540.21
1546230540.24
1546230540.28
1546230540.31
1546230540.34
1546230540.38
1546230540.41
1546230540.44
1546230540.48
1546230540.51
1546230540.55
1546230540.58
1546230540.61
1546230540.64
1546230540.68
1546230540.71
1546230540.74
1546230540.78
1546230540.81
1546230540.85
1546230540.88
1546230540.91
1546230540.94
1546230540.98
1546230541.01
1546230541.05
1546230541.08
1546230541.11
1546230541.14
1546230541.18
1546230541.21
1546230541.24
1546230541.28
1546230541.31
1546230541.34
1546230541.38
1546230541.41
1546230541.44
1546230541.48
1546230541.51
1546230541.55
1546230541.58
1546230541.61
1546230541.64
1546230541.68
1546230541.71
1546230541.74
1546230541.78
1546230541.81
1546230541.84
1546230541.88
1546230541.91
1546230541.94
1546230541.98
1546230542.01
1546230542.04
1546230542.08
1546230542.11
1546230542.14
1546230542.18
1546230542.21
1546230542.24
1546230542.28
1546230542.31
1546230542.35
1546230542.38
1546230542.41
1546230542.44
1546230542.48
1546230542.51
1546230542.55
1546230542.58
1546230542.61
1546230542.64
1546230542.68
1546230542.71
1546230542.75
1546230542.78
1546230542.81
1546230542.85
1546230542.88
1546230542.91
1546230542.94
1546230542.98
1546230543.01
1546230543.05
1546230543.08
1546230543.11
1546230543.14
1546230543.18
1546230543.21
1546230543.24
1546230543.28
1546230543.31
1546230543.34
1546230543.38
1546230543.41
1546230543.44
1546230543.48
1546230543.51
1546230543.55
1546230543.58
1546230543.61
1546230543.64
1546230543.68
1546230543.71
1546230543.74
1546230543.78
1546230543.81
1546230543.85
1546230543.88
1546230543.91
1546230543.95
1546230543.98
1546230544.01
1546230544.04
1546230544.08
1546230544.11
1546230544.14
1546230544.18
1546230544.21
1546230544.24
1546230544.28
1546230544.31
1546230544.34
1546230544.38
1546230544.41
1546230544.44
1546230544.48
1546230544.51
1546230544.54
1546230544.58
1546230544.61
1546230544.64
1546230544.68
1546230544.71
1546230544.74
1546230544.78
1546230544.81
1546230544.84
1546230544.88
1546230544.91
1546230544.94
1546230544.98
1546230545.01
1546230545.04
1546230545.08
1546230545.11
1546230545.14
1546230545.18
1546230545.21
1546230545.24
1546230545.28
1546230545.31
1546230545.34
1546230545.38
1546230545.41
1546230545.44
1546230545.48
1546230545.51
1546230545.55
1546230545.58
1546230545.61
1546230545.64
1546230545.68
1546230545.71
1546230545.75
1546230545.78
1546230545.81
1546230545.85
1546230545.88
1546230545.91
1546230545.94
1546230545.98
1546230546.01
1546230546.05
1546230546.08
1546230546.11
1546230546.14
1546230546.18
1546230546.21
1546230546.25
1546230546.28
1546230546.31
1546230546.35
1546230546.38
1546230546.41
1546230546.44
1546230546.48
1546230546.51
1546230546.55
1546230546.58
1546230546.61
1546230546.65
1546230546.68
1546230546.71
1546230546.74
1546230546.78
1546230546.81
1546230546.85
1546230546.88
1546230546.91
1546230546.94
1546230546.98
1546230547.01
1546230547.05
1546230547.08
1546230547.11
1546230547.14
1546230547.18
1546230547.21
1546230547.25
1546230547.28
1546230547.31
1546230547.35
1546230547.38
1546230547.41
1546230547.45
1546230547.48
1546230547.51
1546230547.55
1546230547.58
1546230547.61
1546230547.65
1546230547.68
1546230547.71
1546230547.74
1546230547.78
1546230547.81
1546230547.85
1546230547.88
1546230547.91
1546230547.95
1546230547.98
1546230548.01
1546230548.05
1546230548.08
1546230548.11
1546230548.15
1546230548.18
1546230548.21
1546230548.25
1546230548.28
1546230548.31
1546230548.35
1546230548.38
1546230548.41
1546230548.45
1546230548.48
1546230548.51
1546230548.55
1546230548.58
1546230548.61
1546230548.65
1546230548.68
1546230548.71
1546230548.75
1546230548.78
1546230548.81
1546230548.85
1546230548.88
1546230548.91
1546230548.95
1546230548.98
1546230549.01
1546230549.05
1546230549.08
1546230549.11
1546230549.15
1546230549.18
1546230549.21
1546230549.25
1546230549.28
1546230549.31
1546230549.35
1546230549.38
1546230549.41
1546230549.45
1546230549.48
1546230549.52
1546230549.55
1546230549.58
1546230549.62
1546230549.65
1546230549.68
1546230549.71
1546230549.75
1546230549.78
1546230549.82
1546230549.85
1546230549.88
1546230549.92
1546230549.95
1546230549.98
1546230550.02
1546230550.05
1546230550.08
1546230550.12
1546230550.15
1546230550.18
1546230550.22
1546230550.25
1546230550.28
1546230550.31
1546230550.34
1546230550.38
1546230550.41
1546230550.44
1546230550.47
1546230550.51
1546230550.54
1546230550.57
1546230550.61
1546230550.64
1546230550.67
1546230550.71
1546230550.74
1546230550.78
1546230550.81
1546230550.84
1546230550.88
1546230550.91
1546230550.94
1546230550.97
1546230551.01
1546230551.04
1546230551.07
1546230551.11
1546230551.14
1546230551.17
1546230551.21
1546230551.24
1546230551.28
1546230551.31
1546230551.34
1546230551.38
1546230551.41
1546230551.44
1546230551.47
1546230551.51
1546230551.54
1546230551.58
1546230551.61
1546230551.64
1546230551.67
1546230551.71
1546230551.74
1546230551.77
1546230551.81
1546230551.84
1546230551.87
1546230551.91
1546230551.94
1546230551.97
1546230552.01
1546230552.04
1546230552.07
1546230552.11
1546230552.14
1546230552.17
1546230552.21
1546230552.24
1546230552.27
1546230552.31
1546230552.34
1546230552.37
1546230552.41
1546230552.44
1546230552.47
1546230552.51
1546230552.54
1546230552.57
1546230552.61
1546230552.64
1546230552.67
1546230552.71
1546230552.74
1546230552.77
1546230552.81
1546230552.84
1546230552.87
1546230552.91
1546230552.94
1546230552.97
1546230553.01
1546230553.04
1546230553.07
1546230553.11
1546230553.14
1546230553.17
1546230553.21
1546230553.24
1546230553.27
1546230553.31
1546230553.34
1546230553.37
1546230553.41
1546230553.44
1546230553.47
1546230553.51
1546230553.54
1546230553.57
1546230553.61
1546230553.64
1546230553.68
1546230553.71
1546230553.74
1546230553.77
1546230553.81
1546230553.84
1546230553.88
1546230553.91
1546230553.94
1546230553.97
1546230554.01
1546230554.04
1546230554.07
1546230554.11
1546230554.14
1546230554.17
1546230554.21
1546230554.24
1546230554.28
1546230554.31
1546230554.34
1546230554.38
1546230554.41
1546230554.44
1546230554.48
1546230554.51
1546230554.54
1546230554.58
1546230554.61
1546230554.64
1546230554.68
1546230554.71
1546230554.74
1546230554.78
1546230554.81
1546230554.84
1546230554.87
1546230554.91
1546230554.94
1546230554.97
1546230555.01
1546230555.04
1546230555.07
1546230555.11
1546230555.14
1546230555.17
1546230555.21
1546230555.24
1546230555.27
1546230555.31
1546230555.34
1546230555.37
1546230555.41
1546230555.44
1546230555.47
1546230555.51
1546230555.54
1546230555.57
1546230555.61
1546230555.64
1546230555.67
1546230555.71
1546230555.74
1546230555.77
1546230555.81
1546230555.84
1546230555.88
1546230555.91
1546230555.94
1546230555.97
1546230556.01
1546230556.04
1546230556.08
1546230556.11
1546230556.14
1546230556.17
1546230556.21
1546230556.24
1546230556.27
1546230556.31
1546230556.34
1546230556.37
1546230556.41
1546230556.44
1546230556.47
1546230556.51
1546230556.54
1546230556.57
1546230556.61
1546230556.64
1546230556.67
1546230556.71
1546230556.74
1546230556.77
1546230556.81
1546230556.84
1546230556.87
1546230556.91
1546230556.94
1546230556.97
1546230557.01
1546230557.04
1546230557.07
1546230557.11
1546230557.14
1546230557.17
1546230557.21
1546230557.24
1546230557.27
1546230557.31
1546230557.34
1546230557.37
1546230557.41
1546230557.44
1546230557.47
1546230557.51
1546230557.54
1546230557.57
1546230557.61
1546230557.64
1546230557.67
1546230557.7
1546230557.74
1546230557.77
1546230557.81
1546230557.84
1546230557.87
1546230557.91
1546230557.94
1546230557.97
1546230558.01
1546230558.04
1546230558.07
1546230558.11
1546230558.14
1546230558.17
1546230558.21
1546230558.24
1546230558.27
1546230558.31
1546230558.34
1546230558.37
1546230558.4
1546230558.44
1546230558.47
1546230558.51
1546230558.54
1546230558.57
1546230558.61
1546230558.64
1546230558.67
1546230558.71
1546230558.74
1546230558.77
1546230558.81
1546230558.84
1546230558.87
1546230558.9
1546230558.94
1546230558.97
1546230559.01
1546230559.04
1546230559.07
1546230559.11
1546230559.14
1546230559.17
1546230559.2
1546230559.24
1546230559.27
1546230559.31
1546230559.34
1546230559.37
1546230559.4
1546230559.44
1546230559.47
1546230559.51
1546230559.54
1546230559.57
1546230559.61
1546230559.64
1546230559.67
1546230559.7
1546230559.74
1546230559.77
1546230559.81
1546230559.84
1546230559.87
1546230559.9
1546230559.94
1546230559.97
1546230560.01
1546230560.04
1546230560.07
1546230560.11
1546230560.14
1546230560.17
1546230560.2
1546230560.24
1546230560.27
1546230560.3
1546230560.34
1546230560.37
1546230560.4
1546230560.44
1546230560.47
1546230560.5
1546230560.54
1546230560.57
1546230560.6
1546230560.64
1546230560.67
1546230560.7
1546230560.74
1546230560.77
1546230560.8
1546230560.84
1546230560.87
1546230560.9
1546230560.94
1546230560.97
1546230561.0
1546230561.04
1546230561.07
1546230561.1
1546230561.14
1546230561.17
1546230561.2
1546230561.24
1546230561.27
1546230561.3
1546230561.34
1546230561.37
1546230561.4
1546230561.44
1546230561.47
1546230561.5
1546230561.54
1546230561.57
1546230561.6
1546230561.64
1546230561.67
1546230561.7
1546230561.73
1546230561.77
1546230561.8
1546230561.84
1546230561.87
1546230561.9
1546230561.94
1546230561.97
1546230562.0
1546230562.04
1546230562.07
1546230562.1
1546230562.14
1546230562.17
1546230562.2
1546230562.24
1546230562.27
1546230562.3
1546230562.34
1546230562.37
1546230562.4
1546230562.43
1546230562.47
1546230562.5
1546230562.54
1546230562.57
1546230562.6
1546230562.64
1546230562.67
1546230562.7
1546230562.73
1546230562.77
1546230562.8
1546230562.83
1546230562.87
1546230562.9
1546230562.93
1546230562.97
1546230563.0
1546230563.04
1546230563.07
1546230563.1
1546230563.13
1546230563.17
1546230563.2
1546230563.23
1546230563.27
1546230563.3
1546230563.34
1546230563.37
1546230563.4
1546230563.43
1546230563.47
1546230563.5
1546230563.54
1546230563.57
1546230563.6
1546230563.63
1546230563.67
1546230563.7
1546230563.74
1546230563.77
1546230563.8
1546230563.83
1546230563.87
1546230563.9
1546230563.93
1546230563.97
1546230564.0
1546230564.03
1546230564.07
1546230564.1
1546230564.13
1546230564.17
1546230564.2
1546230564.23
1546230564.27
1546230564.3
1546230564.33
1546230564.37
1546230564.4
1546230564.43
1546230564.47
1546230564.5
1546230564.54
1546230564.57
1546230564.6
1546230564.63
1546230564.67
1546230564.7
1546230564.73
1546230564.77
1546230564.8
1546230564.83
1546230564.87
1546230564.9
1546230564.93
1546230564.97
1546230565.0
1546230565.03
1546230565.07
1546230565.1
1546230565.13
1546230565.17
1546230565.2
1546230565.23
1546230565.27
1546230565.3
1546230565.33
1546230565.37
1546230565.4
1546230565.43
1546230565.47
1546230565.5
1546230565.53
1546230565.57
1546230565.6
1546230565.63
1546230565.66
1546230565.7
1546230565.73
1546230565.77
1546230565.8
1546230565.83
1546230565.87
1546230565.9
1546230565.93
1546230565.96
1546230566.0
1546230566.03
1546230566.06
1546230566.1
1546230566.13
1546230566.16
1546230566.2
1546230566.23
1546230566.27
1546230566.3
1546230566.33
1546230566.37
1546230566.4
1546230566.43
1546230566.46
1546230566.5
1546230566.53
1546230566.56
1546230566.6
1546230566.63
1546230566.66
1546230566.7
1546230566.73
1546230566.76
1546230566.8
1546230566.83
1546230566.86
1546230566.9
1546230566.93
1546230566.96
1546230567.0
1546230567.03
1546230567.06
1546230567.1
1546230567.13
1546230567.16
1546230567.2
1546230567.23
1546230567.26
1546230567.3
1546230567.33
1546230567.36
1546230567.4
1546230567.43
1546230567.46
1546230567.5
1546230567.53
1546230567.56
1546230567.6
1546230567.63
1546230567.66
1546230567.7
1546230567.73
1546230567.76
1546230567.8
1546230567.83
1546230567.86
1546230567.9
1546230567.93
1546230567.96
1546230568.0
1546230568.03
1546230568.06
1546230568.1
1546230568.13
1546230568.16
1546230568.2
1546230568.23
1546230568.26
1546230568.3
1546230568.33
1546230568.36
1546230568.4
1546230568.43
1546230568.46
1546230568.5
1546230568.53
1546230568.56
1546230568.6
1546230568.63
1546230568.66
1546230568.7
1546230568.73
1546230568.76
1546230568.8
1546230568.83
1546230568.86
1546230568.9
1546230568.93
1546230568.96
1546230569.0
1546230569.03
1546230569.06
1546230569.1
1546230569.13
1546230569.16
1546230569.2
1546230569.23
1546230569.26
1546230569.3
1546230569.33
1546230569.36
1546230569.4
1546230569.43
1546230569.46
1546230569.5
1546230569.53
1546230569.56
1546230569.6
1546230569.63
1546230569.66
1546230569.7
1546230569.73
1546230569.77
1546230569.8
1546230569.83
1546230569.87
1546230569.9
1546230569.93
1546230569.96
1546230570.0
1546230570.03
1546230570.07
1546230570.1
1546230570.13
1546230570.16
1546230570.2
1546230570.23
1546230570.27
1546230570.3
1546230570.33
1546230570.37
1546230570.4
1546230570.43
1546230570.46
1546230570.5
1546230570.53
1546230570.57
1546230570.6
1546230570.63
1546230570.66
1546230570.7
1546230570.73
1546230570.76
1546230570.8
1546230570.83
1546230570.87
1546230570.9
1546230570.93
1546230570.96
1546230571.0
1546230571.03
1546230571.07
1546230571.1
1546230571.13
1546230571.17
1546230571.2
1546230571.23
1546230571.27
1546230571.3
1546230571.33
1546230571.37
1546230571.4
1546230571.43
1546230571.47
1546230571.5
1546230571.53
1546230571.57
1546230571.6
1546230571.63
1546230571.67
1546230571.7
1546230571.73
1546230571.77
1546230571.8
1546230571.83
1546230571.87
1546230571.9
1546230571.93
1546230571.97
1546230572.0
1546230572.03
1546230572.07
1546230572.1
1546230572.13
1546230572.17
1546230572.2
1546230572.23
1546230572.27
1546230572.3
1546230572.33
1546230572.37
1546230572.4
1546230572.43
1546230572.47
1546230572.5
1546230572.53
1546230572.57
1546230572.6
1546230572.63
1546230572.67
1546230572.7
1546230572.73
1546230572.77
1546230572.8
1546230572.83
1546230572.87
1546230572.9
1546230572.93
1546230572.97
1546230573.0
1546230573.04
1546230573.07
1546230573.1
1546230573.13
1546230573.17
1546230573.2
1546230573.23
1546230573.27
1546230573.3
1546230573.34
1546230573.37
1546230573.4
1546230573.43
1546230573.47
1546230573.5
1546230573.54
1546230573.57
1546230573.6
1546230573.64
1546230573.67
1546230573.7
1546230573.73
1546230573.76
1546230573.8
1546230573.83
1546230573.86
1546230573.89
1546230573.93
1546230573.96
1546230573.99
1546230574.03
1546230574.06
1546230574.1
1546230574.13
1546230574.16
1546230574.19
1546230574.23
1546230574.26
1546230574.3
1546230574.33
1546230574.36
1546230574.4
1546230574.43
1546230574.46
1546230574.5
1546230574.53
1546230574.56
1546230574.6
1546230574.63
1546230574.66
1546230574.69
1546230574.73
1546230574.76
1546230574.8
1546230574.83
1546230574.86
1546230574.9
1546230574.93
1546230574.96
1546230575.0
1546230575.03
1546230575.06
1546230575.1
1546230575.13
1546230575.16
1546230575.2
1546230575.23
1546230575.26
1546230575.3
1546230575.33
1546230575.36
1546230575.4
1546230575.43
1546230575.46
1546230575.5
1546230575.53
1546230575.56
1546230575.6
1546230575.63
1546230575.66
1546230575.69
1546230575.73
1546230575.76
1546230575.8
1546230575.83
1546230575.86
1546230575.89
1546230575.93
1546230575.96
1546230575.99
1546230576.03
1546230576.06
1546230576.1
1546230576.13
1546230576.16
1546230576.2
1546230576.23
1546230576.26
1546230576.3
1546230576.33
1546230576.36
1546230576.4
1546230576.43
1546230576.46
1546230576.5
1546230576.53
1546230576.56
1546230576.6
1546230576.63
1546230576.66
1546230576.7
1546230576.73
1546230576.76
1546230576.8
1546230576.83
1546230576.86
1546230576.9
1546230576.93
1546230576.96
1546230577.0
1546230577.03
1546230577.06
1546230577.1
1546230577.13
1546230577.16
1546230577.2
1546230577.23
1546230577.26
1546230577.3
1546230577.33
1546230577.36
1546230577.4
1546230577.43
1546230577.46
1546230577.5
1546230577.53
1546230577.56
1546230577.6
1546230577.63
1546230577.66
1546230577.7
1546230577.73
1546230577.76
1546230577.8
1546230577.83
1546230577.86
