1546150451.22
1546150451.36
1546150451.4
1546150451.43
1546150451.46
1546150451.49
1546150451.52
1546150451.55
1546150451.58
1546150451.61
1546150451.64
1546150451.68
1546150451.71
1546150451.74
1546150451.78
1546150451.81
1546150451.84
1546150451.88
1546150451.91
1546150451.94
1546150451.97
1546150452.01
1546150452.04
1546150452.07
1546150452.11
1546150452.14
1546150452.17
1546150452.21
1546150452.24
1546150452.28
1546150452.31
1546150452.34
1546150452.38
1546150452.41
1546150452.44
1546150452.48
1546150452.51
1546150452.54
1546150452.58
1546150452.61
1546150452.64
1546150452.67
1546150452.71
1546150452.74
1546150452.78
1546150452.81
1546150452.84
1546150452.88
1546150452.91
1546150452.94
1546150452.97
1546150453.01
1546150453.04
1546150453.07
1546150453.11
1546150453.14
1546150453.17
1546150453.21
1546150453.24
1546150453.27
1546150453.31
1546150453.34
1546150453.38
1546150453.41
1546150453.44
1546150453.47
1546150453.51
1546150453.54
1546150453.58
1546150453.61
1546150453.64
1546150453.67
1546150453.71
1546150453.74
1546150453.77
1546150453.81
1546150453.84
1546150453.87
1546150453.91
1546150453.94
1546150453.97
1546150454.01
1546150454.04
1546150454.07
1546150454.11
1546150454.14
1546150454.17
1546150454.21
1546150454.24
1546150454.27
1546150454.31
1546150454.34
1546150454.37
1546150454.41
1546150454.44
1546150454.47
1546150454.51
1546150454.54
1546150454.58
1546150454.61
1546150454.64
1546150454.67
1546150454.71
1546150454.74
1546150454.78
1546150454.81
1546150454.84
1546150454.88
1546150454.91
1546150454.94
1546150454.97
1546150455.01
1546150455.04
1546150455.08
1546150455.11
1546150455.14
1546150455.17
1546150455.21
1546150455.24
1546150455.28
1546150455.31
1546150455.34
1546150455.38
1546150455.41
1546150455.44
1546150455.47
1546150455.51
1546150455.54
1546150455.58
1546150455.61
1546150455.64
1546150455.67
1546150455.71
1546150455.74
1546150455.78
1546150455.81
1546150455.84
1546150455.88
1546150455.91
1546150455.94
1546150455.98
1546150456.01
1546150456.04
1546150456.08
1546150456.11
1546150456.14
1546150456.18
1546150456.21
1546150456.24
1546150456.28
1546150456.31
1546150456.34
1546150456.38
1546150456.41
1546150456.44
1546150456.48
1546150456.51
1546150456.54
1546150456.58
1546150456.61
1546150456.64
1546150456.68
1546150456.71
1546150456.74
1546150456.78
1546150456.81
1546150456.84
1546150456.88
1546150456.91
1546150456.94
1546150456.98
1546150457.01
1546150457.04
1546150457.08
1546150457.11
1546150457.14
1546150457.18
1546150457.21
1546150457.24
1546150457.28
1546150457.31
1546150457.34
1546150457.38
1546150457.41
1546150457.44
1546150457.48
1546150457.51
1546150457.54
1546150457.58
1546150457.61
1546150457.64
1546150457.68
1546150457.71
1546150457.74
1546150457.78
1546150457.81
1546150457.84
1546150457.88
1546150457.91
1546150457.94
1546150457.98
1546150458.01
1546150458.04
1546150458.08
1546150458.11
1546150458.14
1546150458.18
1546150458.21
1546150458.24
1546150458.28
1546150458.31
1546150458.34
1546150458.38
1546150458.41
1546150458.44
1546150458.48
1546150458.51
1546150458.54
1546150458.58
1546150458.61
1546150458.64
1546150458.68
1546150458.71
1546150458.74
1546150458.78
1546150458.81
1546150458.84
1546150458.88
1546150458.91
1546150458.94
1546150458.98
1546150459.01
1546150459.04
1546150459.08
1546150459.11
1546150459.14
1546150459.18
1546150459.21
1546150459.24
1546150459.28
1546150459.31
1546150459.34
1546150459.38
1546150459.41
1546150459.44
1546150459.48
1546150459.51
1546150459.54
1546150459.58
1546150459.61
1546150459.64
1546150459.68
1546150459.71
1546150459.74
1546150459.78
1546150459.81
1546150459.84
1546150459.88
1546150459.91
1546150459.94
1546150459.98
1546150460.01
1546150460.04
1546150460.08
1546150460.11
1546150460.14
1546150460.18
1546150460.21
1546150460.24
1546150460.28
1546150460.31
1546150460.34
1546150460.38
1546150460.41
1546150460.44
1546150460.48
1546150460.51
1546150460.55
1546150460.58
1546150460.61
1546150460.64
1546150460.68
1546150460.71
1546150460.74
1546150460.78
1546150460.81
1546150460.85
1546150460.88
1546150460.91
1546150460.95
1546150460.98
1546150461.01
1546150461.05
1546150461.08
1546150461.11
1546150461.14
1546150461.18
1546150461.21
1546150461.24
1546150461.28
1546150461.31
1546150461.35
1546150461.38
1546150461.41
1546150461.45
1546150461.48
1546150461.51
1546150461.55
1546150461.58
1546150461.61
1546150461.65
1546150461.68
1546150461.71
1546150461.75
1546150461.78
1546150461.82
1546150461.85
1546150461.88
1546150461.91
1546150461.95
1546150461.98
1546150462.02
1546150462.05
1546150462.08
1546150462.12
1546150462.15
1546150462.18
1546150462.21
1546150462.25
1546150462.28
1546150462.31
1546150462.35
1546150462.38
1546150462.41
1546150462.45
1546150462.48
1546150462.52
1546150462.55
1546150462.58
1546150462.61
1546150462.65
1546150462.68
1546150462.71
1546150462.75
1546150462.78
1546150462.82
1546150462.85
1546150462.88
1546150462.91
1546150462.95
1546150462.98
1546150463.02
1546150463.05
1546150463.08
1546150463.11
1546150463.15
1546150463.18
1546150463.21
1546150463.25
1546150463.28
1546150463.32
1546150463.35
1546150463.38
1546150463.41
1546150463.45
1546150463.48
1546150463.51
1546150463.55
1546150463.58
1546150463.62
1546150463.65
1546150463.68
1546150463.71
1546150463.75
1546150463.78
1546150463.82
1546150463.85
1546150463.88
1546150463.91
1546150463.95
1546150463.98
1546150464.01
1546150464.04
1546150464.07
1546150464.11
1546150464.14
1546150464.17
1546150464.21
1546150464.24
1546150464.28
1546150464.31
1546150464.34
1546150464.38
1546150464.41
1546150464.44
1546150464.48
1546150464.51
1546150464.54
1546150464.58
1546150464.61
1546150464.64
1546150464.68
1546150464.71
1546150464.74
1546150464.78
1546150464.81
1546150464.84
1546150464.88
1546150464.91
1546150464.94
1546150464.97
1546150465.01
1546150465.04
1546150465.08
1546150465.11
1546150465.14
1546150465.17
1546150465.21
1546150465.24
1546150465.27
1546150465.31
1546150465.34
1546150465.38
1546150465.41
1546150465.44
1546150465.47
1546150465.51
1546150465.54
1546150465.58
1546150465.61
1546150465.64
1546150465.68
1546150465.71
1546150465.74
1546150465.77
1546150465.81
1546150465.84
1546150465.87
1546150465.91
1546150465.94
1546150465.97
1546150466.01
1546150466.04
1546150466.08
1546150466.11
1546150466.14
1546150466.17
1546150466.21
1546150466.24
1546150466.27
1546150466.31
1546150466.34
1546150466.38
1546150466.41
1546150466.44
1546150466.47
1546150466.51
1546150466.54
1546150466.58
1546150466.61
1546150466.64
1546150466.68
1546150466.71
1546150466.74
1546150466.78
1546150466.81
1546150466.84
1546150466.88
1546150466.91
1546150466.94
1546150466.97
1546150467.01
1546150467.04
1546150467.08
1546150467.11
1546150467.14
1546150467.17
1546150467.21
1546150467.24
1546150467.27
1546150467.31
1546150467.34
1546150467.37
1546150467.41
1546150467.44
1546150467.47
1546150467.51
1546150467.54
1546150467.57
1546150467.61
1546150467.64
1546150467.67
1546150467.71
1546150467.74
1546150467.77
1546150467.81
1546150467.84
1546150467.87
1546150467.91
1546150467.94
1546150467.97
1546150468.01
1546150468.04
1546150468.07
1546150468.11
1546150468.14
1546150468.17
1546150468.21
1546150468.24
1546150468.27
1546150468.31
1546150468.34
1546150468.37
1546150468.41
1546150468.44
1546150468.47
1546150468.51
1546150468.54
1546150468.57
1546150468.61
1546150468.64
1546150468.67
1546150468.71
1546150468.74
1546150468.77
1546150468.81
1546150468.84
1546150468.87
1546150468.91
1546150468.94
1546150468.97
1546150469.01
1546150469.04
1546150469.07
1546150469.11
1546150469.14
1546150469.17
1546150469.21
1546150469.24
1546150469.27
1546150469.31
1546150469.34
1546150469.37
1546150469.41
1546150469.44
1546150469.47
1546150469.51
1546150469.54
1546150469.57
1546150469.61
1546150469.64
1546150469.67
1546150469.71
1546150469.74
1546150469.77
1546150469.81
1546150469.84
1546150469.87
1546150469.91
1546150469.94
1546150469.97
1546150470.01
1546150470.04
1546150470.07
1546150470.11
1546150470.14
1546150470.17
1546150470.21
1546150470.24
1546150470.27
1546150470.31
1546150470.34
1546150470.37
1546150470.41
1546150470.44
1546150470.47
1546150470.51
1546150470.54
1546150470.57
1546150470.61
1546150470.64
1546150470.67
1546150470.71
1546150470.74
1546150470.77
1546150470.81
1546150470.84
1546150470.87
1546150470.91
1546150470.94
1546150470.97
1546150471.01
1546150471.04
1546150471.07
1546150471.11
1546150471.14
1546150471.17
1546150471.2
1546150471.24
1546150471.27
1546150471.31
1546150471.34
1546150471.37
1546150471.4
1546150471.44
1546150471.47
1546150471.51
1546150471.54
1546150471.57
1546150471.61
1546150471.64
1546150471.67
1546150471.7
1546150471.74
1546150471.77
1546150471.81
1546150471.84
1546150471.87
1546150471.9
1546150471.94
1546150471.97
1546150472.01
1546150472.04
1546150472.07
1546150472.11
1546150472.14
1546150472.17
1546150472.21
1546150472.24
1546150472.27
1546150472.31
1546150472.34
1546150472.37
1546150472.4
1546150472.44
1546150472.47
1546150472.51
1546150472.54
1546150472.57
1546150472.61
1546150472.64
1546150472.67
1546150472.7
1546150472.74
1546150472.77
1546150472.81
1546150472.84
1546150472.87
1546150472.91
1546150472.94
1546150472.97
1546150473.01
1546150473.04
1546150473.07
1546150473.1
1546150473.14
1546150473.17
1546150473.2
1546150473.24
1546150473.27
1546150473.31
1546150473.34
1546150473.37
1546150473.4
1546150473.44
1546150473.47
1546150473.5
1546150473.54
1546150473.57
1546150473.61
1546150473.64
1546150473.67
1546150473.7
1546150473.74
1546150473.77
1546150473.8
1546150473.84
1546150473.87
1546150473.9
1546150473.94
1546150473.97
1546150474.0
1546150474.04
1546150474.07
1546150474.1
1546150474.14
1546150474.17
1546150474.2
1546150474.24
1546150474.27
1546150474.3
1546150474.34
1546150474.37
1546150474.4
1546150474.44
1546150474.47
1546150474.5
1546150474.54
1546150474.57
1546150474.6
1546150474.64
1546150474.67
1546150474.7
1546150474.74
1546150474.77
1546150474.8
1546150474.84
1546150474.87
1546150474.9
1546150474.94
1546150474.97
1546150475.0
1546150475.04
1546150475.07
1546150475.11
1546150475.14
1546150475.17
1546150475.2
1546150475.24
1546150475.27
1546150475.3
1546150475.34
1546150475.37
1546150475.4
1546150475.44
1546150475.47
1546150475.5
1546150475.54
1546150475.57
1546150475.6
1546150475.64
1546150475.67
1546150475.7
1546150475.74
1546150475.77
1546150475.8
1546150475.84
1546150475.87
1546150475.9
1546150475.94
1546150475.97
1546150476.0
1546150476.04
1546150476.07
1546150476.1
1546150476.14
1546150476.17
1546150476.2
1546150476.24
1546150476.27
1546150476.3
1546150476.34
1546150476.37
1546150476.4
1546150476.44
1546150476.47
1546150476.5
1546150476.54
1546150476.57
1546150476.6
1546150476.64
1546150476.67
1546150476.7
1546150476.74
1546150476.77
1546150476.8
1546150476.84
1546150476.87
1546150476.9
1546150476.94
1546150476.97
1546150477.0
1546150477.04
1546150477.07
1546150477.1
1546150477.14
1546150477.17
1546150477.2
1546150477.24
1546150477.27
1546150477.3
1546150477.34
1546150477.37
1546150477.4
1546150477.44
1546150477.47
1546150477.5
1546150477.54
1546150477.57
1546150477.6
1546150477.64
1546150477.67
1546150477.7
1546150477.74
1546150477.77
1546150477.81
1546150477.84
1546150477.87
1546150477.9
1546150477.94
1546150477.97
1546150478.0
1546150478.04
1546150478.07
1546150478.1
1546150478.14
1546150478.17
1546150478.2
1546150478.24
1546150478.27
1546150478.3
1546150478.34
1546150478.37
1546150478.4
1546150478.44
1546150478.47
1546150478.5
1546150478.54
1546150478.57
1546150478.6
1546150478.64
1546150478.67
1546150478.7
1546150478.74
1546150478.77
1546150478.8
1546150478.84
1546150478.87
1546150478.9
1546150478.94
1546150478.97
1546150479.0
1546150479.04
1546150479.07
1546150479.1
1546150479.14
1546150479.17
1546150479.2
1546150479.24
1546150479.27
1546150479.3
1546150479.34
1546150479.37
1546150479.4
1546150479.44
1546150479.47
1546150479.5
1546150479.54
1546150479.57
1546150479.6
1546150479.64
1546150479.67
1546150479.7
1546150479.73
1546150479.77
1546150479.8
1546150479.84
1546150479.87
1546150479.9
1546150479.93
1546150479.97
1546150480.0
1546150480.04
1546150480.07
1546150480.1
1546150480.14
1546150480.17
1546150480.2
1546150480.23
1546150480.27
1546150480.3
1546150480.34
1546150480.37
1546150480.4
1546150480.44
1546150480.47
1546150480.5
1546150480.54
1546150480.57
1546150480.6
1546150480.63
1546150480.67
1546150480.7
1546150480.74
1546150480.77
1546150480.8
1546150480.84
1546150480.87
1546150480.9
1546150480.93
1546150480.97
1546150481.0
1546150481.03
1546150481.07
1546150481.1
1546150481.13
1546150481.17
1546150481.2
1546150481.23
1546150481.27
1546150481.3
1546150481.33
1546150481.37
1546150481.4
1546150481.43
1546150481.47
1546150481.5
1546150481.53
1546150481.57
1546150481.6
1546150481.63
1546150481.67
1546150481.7
1546150481.73
1546150481.77
1546150481.8
1546150481.83
1546150481.87
1546150481.9
1546150481.93
1546150481.97
1546150482.0
1546150482.03
1546150482.07
1546150482.1
1546150482.13
1546150482.17
1546150482.2
1546150482.23
1546150482.27
1546150482.3
1546150482.33
1546150482.37
1546150482.4
1546150482.43
1546150482.47
1546150482.5
1546150482.54
1546150482.57
1546150482.6
1546150482.63
1546150482.67
1546150482.7
1546150482.73
1546150482.77
1546150482.8
1546150482.83
1546150482.87
1546150482.9
1546150482.93
1546150482.97
1546150483.0
1546150483.04
1546150483.07
1546150483.1
1546150483.13
1546150483.17
1546150483.2
1546150483.23
1546150483.27
1546150483.3
1546150483.34
1546150483.37
1546150483.4
1546150483.44
1546150483.47
1546150483.5
1546150483.54
1546150483.57
1546150483.6
1546150483.64
1546150483.67
1546150483.7
1546150483.74
1546150483.77
1546150483.8
1546150483.84
1546150483.87
1546150483.9
1546150483.94
1546150483.97
1546150484.0
1546150484.04
1546150484.07
1546150484.1
1546150484.14
1546150484.17
1546150484.2
1546150484.24
1546150484.27
1546150484.3
1546150484.34
1546150484.37
1546150484.4
1546150484.43
1546150484.47
1546150484.5
1546150484.54
1546150484.57
1546150484.6
1546150484.64
1546150484.67
1546150484.7
1546150484.73
1546150484.77
1546150484.8
1546150484.84
1546150484.87
1546150484.9
1546150484.94
1546150484.97
1546150485.0
1546150485.04
1546150485.07
1546150485.1
1546150485.14
1546150485.17
1546150485.2
1546150485.24
1546150485.27
1546150485.3
1546150485.34
1546150485.37
1546150485.4
1546150485.44
1546150485.47
1546150485.5
1546150485.54
1546150485.57
1546150485.6
1546150485.64
1546150485.67
1546150485.7
1546150485.74
1546150485.77
1546150485.8
1546150485.84
1546150485.87
1546150485.9
1546150485.94
1546150485.97
1546150486.0
1546150486.04
1546150486.07
1546150486.1
1546150486.14
1546150486.17
1546150486.2
1546150486.24
1546150486.27
1546150486.3
1546150486.34
1546150486.37
1546150486.4
1546150486.44
1546150486.47
1546150486.5
1546150486.54
1546150486.57
1546150486.6
1546150486.64
1546150486.67
1546150486.7
1546150486.74
1546150486.77
1546150486.8
1546150486.84
1546150486.87
1546150486.9
1546150486.94
1546150486.97
1546150487.0
1546150487.04
1546150487.07
1546150487.1
1546150487.14
1546150487.17
1546150487.2
1546150487.24
1546150487.27
1546150487.3
1546150487.34
1546150487.37
1546150487.4
1546150487.44
1546150487.47
1546150487.5
1546150487.54
1546150487.57
1546150487.6
1546150487.64
1546150487.67
1546150487.7
1546150487.74
1546150487.76
1546150487.8
1546150487.83
1546150487.86
1546150487.9
1546150487.93
1546150487.96
1546150487.99
1546150488.03
1546150488.06
1546150488.1
1546150488.13
1546150488.16
1546150488.2
1546150488.23
1546150488.26
1546150488.3
1546150488.33
1546150488.36
1546150488.4
1546150488.43
1546150488.46
1546150488.5
1546150488.53
1546150488.56
1546150488.6
1546150488.63
1546150488.66
1546150488.7
1546150488.73
1546150488.76
1546150488.8
1546150488.83
1546150488.86
1546150488.89
1546150488.93
1546150488.96
1546150489.0
1546150489.03
1546150489.06
1546150489.1
1546150489.13
1546150489.16
1546150489.2
1546150489.23
1546150489.26
1546150489.3
1546150489.33
1546150489.36
1546150489.4
1546150489.43
1546150489.46
1546150489.5
1546150489.53
1546150489.56
1546150489.6
1546150489.63
1546150489.66
1546150489.7
1546150489.73
1546150489.76
1546150489.8
1546150489.83
1546150489.86
1546150489.89
1546150489.93
1546150489.96
1546150489.99
1546150490.03
1546150490.06
1546150490.1
1546150490.13
1546150490.16
1546150490.19
1546150490.23
1546150490.26
1546150490.3
1546150490.33
1546150490.36
1546150490.4
1546150490.43
1546150490.46
1546150490.49
1546150490.53
1546150490.56
1546150490.6
1546150490.63
1546150490.66
1546150490.7
1546150490.73
1546150490.76
1546150490.8
1546150490.83
1546150490.86
1546150490.9
1546150490.93
1546150490.96
1546150491.0
1546150491.03
1546150491.06
1546150491.1
1546150491.13
1546150491.16
1546150491.2
1546150491.23
1546150491.26
1546150491.3
1546150491.33
1546150491.36
1546150491.39
1546150491.43
1546150491.46
1546150491.5
1546150491.53
1546150491.56
1546150491.6
1546150491.63
1546150491.66
1546150491.69
1546150491.73
1546150491.76
1546150491.8
1546150491.83
1546150491.86
1546150491.89
1546150491.93
1546150491.96
1546150491.99
1546150492.03
1546150492.06
1546150492.09
1546150492.13
1546150492.16
1546150492.19
1546150492.23
1546150492.26
1546150492.29
1546150492.33
1546150492.36
1546150492.39
1546150492.43
1546150492.46
1546150492.49
1546150492.53
1546150492.56
1546150492.59
1546150492.63
1546150492.66
1546150492.69
1546150492.73
1546150492.76
1546150492.79
1546150492.83
1546150492.86
1546150492.89
1546150492.93
1546150492.96
1546150492.99
1546150493.03
1546150493.06
1546150493.1
1546150493.13
1546150493.16
1546150493.19
1546150493.23
1546150493.26
1546150493.29
1546150493.33
1546150493.36
1546150493.39
1546150493.43
1546150493.46
1546150493.49
1546150493.53
1546150493.56
1546150493.59
1546150493.63
1546150493.66
1546150493.69
1546150493.73
1546150493.76
1546150493.79
1546150493.83
1546150493.86
1546150493.89
1546150493.93
1546150493.96
1546150493.99
1546150494.03
1546150494.06
1546150494.09
1546150494.13
1546150494.16
1546150494.19
1546150494.23
1546150494.26
1546150494.29
1546150494.33
1546150494.36
1546150494.39
1546150494.43
1546150494.46
1546150494.49
1546150494.53
1546150494.56
1546150494.59
1546150494.63
1546150494.66
1546150494.69
1546150494.73
1546150494.76
1546150494.79
1546150494.83
1546150494.86
1546150494.89
1546150494.93
1546150494.96
1546150494.99
1546150495.03
1546150495.06
1546150495.09
1546150495.13
1546150495.16
1546150495.19
1546150495.23
1546150495.26
1546150495.29
1546150495.33
1546150495.36
1546150495.39
1546150495.43
1546150495.46
1546150495.49
1546150495.53
1546150495.56
1546150495.59
1546150495.63
1546150495.66
1546150495.69
1546150495.73
1546150495.76
1546150495.79
1546150495.83
1546150495.86
1546150495.89
1546150495.93
1546150495.96
1546150495.99
1546150496.03
1546150496.06
1546150496.09
1546150496.13
1546150496.16
1546150496.19
1546150496.23
1546150496.26
1546150496.29
1546150496.33
1546150496.36
1546150496.39
1546150496.43
1546150496.46
1546150496.49
1546150496.53
1546150496.56
1546150496.6
1546150496.63
1546150496.66
1546150496.69
1546150496.73
1546150496.76
1546150496.8
1546150496.83
1546150496.86
1546150496.89
1546150496.93
1546150496.96
1546150496.99
1546150497.03
1546150497.06
1546150497.09
1546150497.13
1546150497.16
1546150497.19
1546150497.23
1546150497.26
1546150497.29
1546150497.33
1546150497.36
1546150497.39
1546150497.43
1546150497.46
1546150497.49
1546150497.53
1546150497.56
1546150497.59
1546150497.63
1546150497.66
1546150497.69
1546150497.73
1546150497.76
1546150497.8
1546150497.83
1546150497.86
1546150497.89
1546150497.93
1546150497.96
1546150497.99
1546150498.03
1546150498.06
1546150498.09
1546150498.13
1546150498.16
1546150498.19
1546150498.23
1546150498.26
1546150498.29
1546150498.33
1546150498.36
1546150498.39
1546150498.43
1546150498.46
1546150498.49
1546150498.53
1546150498.56
1546150498.59
1546150498.63
1546150498.66
1546150498.69
1546150498.73
1546150498.76
1546150498.79
1546150498.83
1546150498.86
1546150498.89
1546150498.93
1546150498.96
1546150498.99
1546150499.03
1546150499.06
1546150499.09
1546150499.13
1546150499.16
1546150499.19
1546150499.23
1546150499.26
1546150499.29
1546150499.33
1546150499.36
1546150499.39
1546150499.43
1546150499.46
1546150499.49
1546150499.53
1546150499.56
1546150499.59
1546150499.63
1546150499.66
1546150499.69
1546150499.73
1546150499.76
1546150499.79
1546150499.83
1546150499.86
1546150499.89
1546150499.93
1546150499.96
1546150499.99
1546150500.03
1546150500.06
1546150500.09
1546150500.12
1546150500.16
1546150500.19
1546150500.23
1546150500.26
1546150500.29
1546150500.33
1546150500.36
1546150500.39
1546150500.43
1546150500.46
1546150500.49
1546150500.53
1546150500.56
1546150500.59
1546150500.62
1546150500.66
1546150500.69
1546150500.73
1546150500.76
1546150500.79
1546150500.83
1546150500.86
1546150500.89
1546150500.93
1546150500.96
1546150500.99
1546150501.03
1546150501.06
1546150501.09
1546150501.13
1546150501.16
1546150501.19
1546150501.23
1546150501.26
1546150501.29
1546150501.33
1546150501.36
1546150501.39
1546150501.42
1546150501.46
1546150501.49
1546150501.53
1546150501.56
1546150501.59
1546150501.62
1546150501.66
1546150501.69
1546150501.72
1546150501.76
1546150501.79
1546150501.83
1546150501.86
1546150501.89
1546150501.92
1546150501.96
1546150501.99
1546150502.03
1546150502.06
1546150502.09
1546150502.12
1546150502.16
1546150502.19
1546150502.22
1546150502.26
1546150502.29
1546150502.32
1546150502.36
1546150502.39
1546150502.42
1546150502.46
1546150502.49
1546150502.53
1546150502.56
1546150502.59
1546150502.62
1546150502.66
1546150502.69
1546150502.72
1546150502.76
1546150502.79
1546150502.82
1546150502.86
1546150502.89
1546150502.92
1546150502.96
1546150502.99
1546150503.02
1546150503.06
1546150503.09
1546150503.12
1546150503.16
1546150503.19
1546150503.22
1546150503.26
1546150503.29
1546150503.32
1546150503.36
1546150503.39
1546150503.42
1546150503.46
1546150503.49
1546150503.52
1546150503.56
1546150503.59
1546150503.62
1546150503.66
1546150503.69
1546150503.72
1546150503.76
1546150503.79
1546150503.82
1546150503.86
1546150503.89
1546150503.92
1546150503.96
1546150503.99
1546150504.02
1546150504.06
1546150504.09
1546150504.12
1546150504.15
1546150504.19
1546150504.22
1546150504.26
1546150504.29
1546150504.32
1546150504.36
1546150504.39
1546150504.42
1546150504.45
1546150504.49
1546150504.52
1546150504.55
1546150504.59
1546150504.62
1546150504.65
1546150504.69
1546150504.72
1546150504.76
1546150504.79
1546150504.82
1546150504.85
1546150504.89
1546150504.92
1546150504.95
1546150504.99
1546150505.02
1546150505.05
1546150505.09
1546150505.12
1546150505.15
1546150505.19
1546150505.22
1546150505.25
1546150505.29
1546150505.32
1546150505.35
1546150505.39
1546150505.42
1546150505.45
1546150505.49
1546150505.52
1546150505.56
1546150505.59
1546150505.62
1546150505.65
1546150505.69
1546150505.72
1546150505.75
1546150505.79
1546150505.82
1546150505.85
1546150505.89
1546150505.92
1546150505.95
1546150505.99
1546150506.02
1546150506.05
1546150506.09
1546150506.12
1546150506.15
1546150506.19
1546150506.22
1546150506.25
1546150506.29
1546150506.32
1546150506.35
1546150506.39
1546150506.42
1546150506.45
1546150506.49
1546150506.52
1546150506.56
1546150506.59
1546150506.62
1546150506.65
1546150506.69
1546150506.72
1546150506.76
1546150506.79
1546150506.82
1546150506.86
1546150506.89
1546150506.92
1546150506.95
1546150506.99
1546150507.02
1546150507.05
1546150507.09
1546150507.12
1546150507.15
1546150507.19
1546150507.22
1546150507.26
1546150507.29
1546150507.32
1546150507.36
1546150507.39
1546150507.42
1546150507.46
1546150507.49
1546150507.52
1546150507.56
1546150507.59
1546150507.62
1546150507.66
1546150507.69
1546150507.72
1546150507.76
1546150507.79
1546150507.82
1546150507.86
1546150507.89
1546150507.92
1546150507.96
1546150507.99
1546150508.02
1546150508.06
1546150508.09
1546150508.12
1546150508.16
1546150508.19
1546150508.22
1546150508.26
1546150508.29
1546150508.32
1546150508.36
1546150508.39
1546150508.42
1546150508.46
1546150508.49
1546150508.52
1546150508.56
1546150508.59
1546150508.62
1546150508.66
1546150508.69
1546150508.72
1546150508.76
1546150508.79
1546150508.83
1546150508.86
1546150508.89
1546150508.92
1546150508.96
1546150508.99
1546150509.02
1546150509.06
1546150509.09
1546150509.12
1546150509.16
1546150509.19
1546150509.22
1546150509.26
1546150509.29
1546150509.33
1546150509.36
1546150509.39
1546150509.43
1546150509.46
1546150509.49
1546150509.53
1546150509.56
1546150509.59
1546150509.63
1546150509.66
1546150509.69
1546150509.73
1546150509.76
1546150509.79
1546150509.83
1546150509.86
1546150509.89
1546150509.93
1546150509.96
1546150509.99
1546150510.03
1546150510.06
1546150510.09
1546150510.13
1546150510.16
1546150510.19
1546150510.23
1546150510.26
1546150510.29
1546150510.33
1546150510.36
1546150510.39
1546150510.43
1546150510.46
1546150510.49
1546150510.53
1546150510.56
1546150510.59
1546150510.63
1546150510.66
1546150510.69
1546150510.73
1546150510.76
1546150510.79
1546150510.83
1546150510.86
1546150510.89
1546150510.93
1546150510.96
1546150510.99
1546150511.03
1546150511.06
1546150511.1
1546150511.13
1546150511.16
1546150511.19
1546150511.23
1546150511.26
1546150511.29
1546150511.32
1546150511.35
1546150511.39
1546150511.42
1546150511.45
1546150511.49
1546150511.52
1546150511.55
1546150511.59
1546150511.62
1546150511.65
1546150511.69
1546150511.72
1546150511.75
1546150511.79
1546150511.82
1546150511.85
1546150511.89
1546150511.92
1546150511.95
1546150511.99
1546150512.02
1546150512.05
1546150512.09
1546150512.12
1546150512.15
1546150512.19
1546150512.22
1546150512.25
1546150512.29
1546150512.32
1546150512.35
1546150512.39
1546150512.42
1546150512.45
1546150512.49
1546150512.52
1546150512.55
1546150512.59
1546150512.62
1546150512.65
1546150512.69
1546150512.72
1546150512.75
1546150512.79
1546150512.82
1546150512.85
1546150512.89
1546150512.92
1546150512.95
1546150512.99
1546150513.02
1546150513.05
1546150513.09
1546150513.12
1546150513.15
1546150513.19
1546150513.22
1546150513.25
1546150513.29
1546150513.32
1546150513.35
1546150513.39
1546150513.42
1546150513.45
1546150513.49
1546150513.52
1546150513.55
1546150513.59
1546150513.62
1546150513.65
1546150513.68
1546150513.72
1546150513.75
1546150513.79
1546150513.82
1546150513.85
1546150513.88
1546150513.92
1546150513.95
1546150513.99
1546150514.02
1546150514.05
1546150514.09
1546150514.12
1546150514.15
1546150514.19
1546150514.22
1546150514.25
1546150514.29
1546150514.32
1546150514.35
1546150514.39
1546150514.42
1546150514.45
1546150514.49
1546150514.52
1546150514.55
1546150514.59
1546150514.62
1546150514.65
1546150514.69
1546150514.72
1546150514.75
1546150514.79
1546150514.82
1546150514.85
1546150514.89
1546150514.92
1546150514.95
1546150514.99
1546150515.02
1546150515.05
1546150515.09
1546150515.12
1546150515.15
1546150515.19
1546150515.22
1546150515.25
1546150515.29
1546150515.32
1546150515.35
1546150515.39
1546150515.42
1546150515.45
1546150515.48
1546150515.52
1546150515.55
1546150515.59
1546150515.62
1546150515.65
1546150515.68
1546150515.72
1546150515.75
1546150515.79
1546150515.82
1546150515.85
1546150515.88
1546150515.92
1546150515.95
1546150515.98
1546150516.02
1546150516.05
1546150516.09
1546150516.12
1546150516.15
1546150516.18
1546150516.22
1546150516.25
1546150516.29
1546150516.32
1546150516.35
1546150516.38
1546150516.42
1546150516.45
1546150516.48
1546150516.52
1546150516.55
1546150516.59
1546150516.62
1546150516.65
1546150516.68
1546150516.72
1546150516.75
1546150516.79
1546150516.82
1546150516.85
1546150516.88
1546150516.92
1546150516.95
1546150516.98
1546150517.02
1546150517.05
1546150517.08
1546150517.12
1546150517.15
1546150517.18
1546150517.22
1546150517.25
1546150517.28
1546150517.32
1546150517.35
1546150517.38
1546150517.42
1546150517.45
1546150517.48
1546150517.52
1546150517.55
1546150517.58
1546150517.62
1546150517.65
1546150517.68
1546150517.72
1546150517.75
1546150517.78
1546150517.82
1546150517.85
1546150517.88
1546150517.92
1546150517.95
1546150517.98
1546150518.02
1546150518.05
1546150518.08
1546150518.12
1546150518.15
1546150518.18
1546150518.22
1546150518.25
1546150518.28
1546150518.32
1546150518.35
1546150518.38
1546150518.42
1546150518.45
1546150518.48
1546150518.52
1546150518.55
1546150518.58
1546150518.62
1546150518.65
1546150518.68
1546150518.71
1546150518.75
1546150518.78
1546150518.82
1546150518.85
1546150518.88
1546150518.92
1546150518.95
1546150518.98
1546150519.02
1546150519.05
1546150519.08
1546150519.12
1546150519.15
1546150519.18
1546150519.22
1546150519.25
1546150519.28
1546150519.32
1546150519.35
1546150519.38
1546150519.42
1546150519.45
1546150519.48
1546150519.52
1546150519.55
1546150519.58
1546150519.62
1546150519.65
1546150519.68
1546150519.72
1546150519.75
1546150519.78
1546150519.82
1546150519.85
1546150519.88
1546150519.92
1546150519.95
1546150519.98
1546150520.02
1546150520.05
1546150520.08
1546150520.12
1546150520.15
1546150520.18
1546150520.22
1546150520.25
1546150520.28
1546150520.32
1546150520.35
1546150520.38
1546150520.41
1546150520.45
1546150520.48
1546150520.52
1546150520.55
1546150520.58
1546150520.62
1546150520.65
1546150520.68
1546150520.71
1546150520.75
1546150520.78
1546150520.81
1546150520.85
1546150520.88
1546150520.91
1546150520.95
1546150520.98
1546150521.02
1546150521.05
1546150521.08
1546150521.12
1546150521.15
1546150521.18
1546150521.21
1546150521.25
1546150521.28
1546150521.31
1546150521.35
1546150521.38
1546150521.41
1546150521.45
1546150521.48
1546150521.51
1546150521.55
1546150521.58
1546150521.61
1546150521.65
1546150521.68
1546150521.71
1546150521.75
1546150521.78
1546150521.81
1546150521.85
1546150521.88
1546150521.91
1546150521.95
1546150521.98
1546150522.01
1546150522.05
1546150522.08
1546150522.11
1546150522.15
1546150522.18
1546150522.21
1546150522.25
1546150522.28
1546150522.31
1546150522.35
1546150522.38
1546150522.41
1546150522.45
1546150522.48
1546150522.51
1546150522.55
1546150522.58
1546150522.61
1546150522.65
1546150522.68
1546150522.71
1546150522.75
1546150522.78
1546150522.81
1546150522.85
1546150522.88
1546150522.91
1546150522.94
1546150522.98
1546150523.01
1546150523.05
1546150523.08
1546150523.11
1546150523.14
1546150523.18
1546150523.21
1546150523.24
1546150523.28
1546150523.31
1546150523.35
1546150523.38
1546150523.41
1546150523.45
1546150523.48
1546150523.51
1546150523.55
1546150523.58
1546150523.61
1546150523.65
1546150523.68
1546150523.71
1546150523.75
1546150523.78
1546150523.81
1546150523.85
1546150523.88
1546150523.91
1546150523.95
1546150523.98
1546150524.01
1546150524.05
1546150524.08
1546150524.11
1546150524.15
1546150524.18
1546150524.21
1546150524.25
1546150524.28
1546150524.31
1546150524.35
1546150524.38
1546150524.41
1546150524.45
1546150524.48
1546150524.51
1546150524.55
1546150524.58
1546150524.61
1546150524.65
1546150524.68
1546150524.71
1546150524.75
1546150524.78
1546150524.81
1546150524.85
1546150524.88
1546150524.91
1546150524.95
1546150524.98
1546150525.01
1546150525.05
1546150525.08
1546150525.11
1546150525.15
1546150525.18
1546150525.21
1546150525.25
1546150525.28
1546150525.31
1546150525.35
1546150525.38
1546150525.41
1546150525.44
1546150525.48
1546150525.51
1546150525.55
1546150525.58
1546150525.61
1546150525.65
1546150525.68
1546150525.71
1546150525.75
1546150525.78
1546150525.81
1546150525.85
1546150525.88
1546150525.91
1546150525.95
1546150525.98
1546150526.01
1546150526.05
1546150526.08
1546150526.11
1546150526.15
1546150526.18
1546150526.21
1546150526.25
1546150526.28
1546150526.31
1546150526.35
1546150526.38
1546150526.41
1546150526.45
1546150526.48
1546150526.51
1546150526.55
1546150526.58
1546150526.61
1546150526.65
1546150526.68
1546150526.71
1546150526.75
1546150526.78
1546150526.81
1546150526.85
1546150526.88
1546150526.91
1546150526.95
1546150526.98
1546150527.01
1546150527.05
1546150527.08
1546150527.11
1546150527.14
1546150527.18
1546150527.21
1546150527.25
1546150527.28
1546150527.31
1546150527.35
1546150527.38
1546150527.41
1546150527.45
1546150527.48
1546150527.51
1546150527.55
1546150527.58
1546150527.61
1546150527.65
1546150527.68
1546150527.71
1546150527.75
1546150527.78
1546150527.81
1546150527.85
1546150527.88
1546150527.91
1546150527.95
1546150527.98
1546150528.01
1546150528.05
1546150528.08
1546150528.11
1546150528.15
1546150528.18
1546150528.21
1546150528.25
1546150528.28
1546150528.31
1546150528.35
1546150528.38
1546150528.41
1546150528.45
1546150528.48
1546150528.51
1546150528.55
1546150528.58
1546150528.61
1546150528.65
1546150528.68
1546150528.71
1546150528.75
1546150528.78
1546150528.81
1546150528.85
1546150528.88
1546150528.91
1546150528.95
1546150528.98
1546150529.01
1546150529.05
1546150529.08
1546150529.11
1546150529.15
1546150529.18
1546150529.21
1546150529.25
1546150529.28
1546150529.31
1546150529.35
1546150529.38
1546150529.41
1546150529.45
1546150529.48
1546150529.51
1546150529.55
1546150529.58
1546150529.61
1546150529.65
1546150529.68
1546150529.71
1546150529.75
1546150529.78
1546150529.81
1546150529.85
1546150529.88
1546150529.91
1546150529.95
1546150529.98
1546150530.02
1546150530.05
1546150530.08
1546150530.12
1546150530.15
1546150530.18
1546150530.21
1546150530.25
1546150530.28
1546150530.32
1546150530.35
1546150530.38
1546150530.41
1546150530.45
1546150530.48
1546150530.52
1546150530.55
1546150530.58
1546150530.62
1546150530.65
1546150530.68
1546150530.72
1546150530.75
1546150530.78
1546150530.82
1546150530.85
1546150530.88
1546150530.91
1546150530.95
1546150530.98
1546150531.02
1546150531.05
1546150531.08
1546150531.12
1546150531.15
1546150531.18
1546150531.22
1546150531.25
1546150531.28
1546150531.32
1546150531.35
1546150531.38
1546150531.42
1546150531.45
1546150531.48
1546150531.52
1546150531.55
1546150531.58
1546150531.62
1546150531.65
1546150531.68
1546150531.72
1546150531.75
1546150531.78
1546150531.82
1546150531.85
1546150531.88
1546150531.92
1546150531.95
1546150531.98
1546150532.02
1546150532.05
1546150532.08
1546150532.12
1546150532.15
1546150532.18
1546150532.22
1546150532.25
1546150532.28
1546150532.32
1546150532.35
1546150532.38
1546150532.42
1546150532.45
1546150532.48
1546150532.52
1546150532.55
1546150532.58
1546150532.62
1546150532.65
1546150532.68
1546150532.72
1546150532.75
1546150532.79
1546150532.82
1546150532.85
1546150532.88
1546150532.92
1546150532.95
1546150532.98
1546150533.02
1546150533.05
1546150533.08
1546150533.12
1546150533.15
1546150533.18
1546150533.22
1546150533.25
1546150533.29
1546150533.32
1546150533.35
1546150533.38
1546150533.42
1546150533.45
1546150533.48
1546150533.52
1546150533.55
1546150533.59
1546150533.62
1546150533.65
1546150533.68
1546150533.72
1546150533.75
1546150533.79
1546150533.82
1546150533.85
1546150533.89
1546150533.92
1546150533.95
1546150533.99
1546150534.02
1546150534.05
1546150534.09
1546150534.12
1546150534.15
1546150534.19
1546150534.22
1546150534.25
1546150534.29
1546150534.32
1546150534.35
1546150534.39
1546150534.42
1546150534.45
1546150534.49
1546150534.52
1546150534.55
1546150534.59
1546150534.62
1546150534.65
1546150534.69
1546150534.72
1546150534.76
1546150534.79
1546150534.82
1546150534.85
1546150534.88
1546150534.91
1546150534.95
1546150534.98
1546150535.02
1546150535.05
1546150535.08
1546150535.12
1546150535.15
1546150535.18
1546150535.21
1546150535.25
1546150535.28
1546150535.31
1546150535.35
1546150535.38
1546150535.41
1546150535.45
1546150535.48
1546150535.51
1546150535.55
1546150535.58
1546150535.61
1546150535.65
1546150535.68
1546150535.71
1546150535.75
1546150535.78
1546150535.81
1546150535.85
1546150535.88
1546150535.91
1546150535.95
1546150535.98
1546150536.01
1546150536.05
1546150536.08
1546150536.11
1546150536.15
1546150536.18
1546150536.21
1546150536.25
1546150536.28
1546150536.31
1546150536.35
1546150536.38
1546150536.41
1546150536.45
1546150536.48
1546150536.51
1546150536.55
1546150536.58
1546150536.61
1546150536.65
1546150536.68
1546150536.71
1546150536.75
1546150536.78
1546150536.81
1546150536.85
1546150536.88
1546150536.91
1546150536.95
1546150536.98
1546150537.01
1546150537.05
1546150537.08
1546150537.11
1546150537.15
1546150537.18
1546150537.21
1546150537.25
1546150537.28
1546150537.31
1546150537.35
1546150537.38
1546150537.41
1546150537.45
1546150537.48
1546150537.52
1546150537.55
1546150537.58
1546150537.61
1546150537.65
1546150537.68
1546150537.71
1546150537.75
1546150537.78
1546150537.81
1546150537.85
1546150537.88
1546150537.91
1546150537.95
1546150537.98
1546150538.01
1546150538.05
1546150538.08
1546150538.11
1546150538.15
1546150538.18
1546150538.21
1546150538.25
1546150538.28
1546150538.31
1546150538.35
1546150538.38
1546150538.41
1546150538.45
1546150538.48
1546150538.51
1546150538.55
1546150538.58
1546150538.61
1546150538.65
1546150538.68
1546150538.71
1546150538.75
1546150538.78
1546150538.81
1546150538.85
1546150538.88
1546150538.91
1546150538.95
1546150538.98
1546150539.01
1546150539.05
1546150539.08
1546150539.11
1546150539.14
1546150539.18
1546150539.21
1546150539.24
1546150539.28
1546150539.31
1546150539.35
1546150539.38
1546150539.41
1546150539.45
1546150539.48
1546150539.51
1546150539.55
1546150539.58
1546150539.61
1546150539.64
1546150539.68
1546150539.71
1546150539.74
1546150539.78
1546150539.81
1546150539.84
1546150539.88
1546150539.91
1546150539.94
1546150539.98
1546150540.01
1546150540.04
1546150540.08
1546150540.11
1546150540.14
1546150540.18
1546150540.21
1546150540.24
1546150540.28
1546150540.31
1546150540.35
1546150540.38
1546150540.41
1546150540.45
1546150540.48
1546150540.51
1546150540.54
1546150540.58
1546150540.61
1546150540.64
1546150540.68
1546150540.71
1546150540.74
1546150540.78
1546150540.81
1546150540.84
1546150540.88
1546150540.91
1546150540.94
1546150540.98
1546150541.01
1546150541.04
1546150541.08
1546150541.11
1546150541.14
1546150541.18
1546150541.21
1546150541.24
1546150541.28
1546150541.31
1546150541.35
1546150541.38
1546150541.41
1546150541.44
1546150541.48
1546150541.51
1546150541.54
1546150541.58
1546150541.61
1546150541.64
1546150541.68
1546150541.71
1546150541.74
1546150541.78
1546150541.81
1546150541.84
1546150541.88
1546150541.91
1546150541.94
1546150541.98
1546150542.01
1546150542.04
1546150542.08
1546150542.11
1546150542.14
1546150542.18
1546150542.21
1546150542.24
1546150542.28
1546150542.31
1546150542.34
1546150542.38
1546150542.41
1546150542.44
1546150542.48
1546150542.51
1546150542.54
1546150542.58
1546150542.61
1546150542.64
1546150542.68
1546150542.71
1546150542.74
1546150542.78
1546150542.81
1546150542.84
1546150542.88
1546150542.91
1546150542.94
1546150542.98
1546150543.01
1546150543.04
1546150543.08
1546150543.11
1546150543.14
1546150543.18
1546150543.21
1546150543.24
1546150543.28
1546150543.31
1546150543.34
1546150543.38
1546150543.41
1546150543.44
1546150543.48
1546150543.51
1546150543.54
1546150543.58
1546150543.61
1546150543.64
1546150543.68
1546150543.71
1546150543.74
1546150543.78
1546150543.81
1546150543.84
1546150543.88
1546150543.91
1546150543.94
1546150543.98
1546150544.01
1546150544.04
1546150544.08
1546150544.11
1546150544.14
1546150544.18
1546150544.21
1546150544.24
1546150544.28
1546150544.31
1546150544.34
1546150544.38
1546150544.41
1546150544.44
1546150544.47
1546150544.51
1546150544.54
1546150544.58
1546150544.61
1546150544.64
1546150544.68
1546150544.71
1546150544.74
1546150544.78
1546150544.81
1546150544.84
1546150544.88
1546150544.91
1546150544.94
1546150544.98
1546150545.01
1546150545.04
1546150545.08
1546150545.11
1546150545.14
1546150545.18
1546150545.21
1546150545.24
1546150545.28
1546150545.31
1546150545.34
1546150545.38
1546150545.41
1546150545.44
1546150545.48
1546150545.51
1546150545.54
1546150545.58
1546150545.61
1546150545.64
1546150545.68
1546150545.71
1546150545.74
1546150545.78
1546150545.81
1546150545.84
1546150545.88
1546150545.91
1546150545.94
1546150545.98
1546150546.01
1546150546.04
1546150546.08
1546150546.11
1546150546.14
1546150546.18
1546150546.21
1546150546.24
1546150546.28
1546150546.31
1546150546.34
1546150546.38
1546150546.41
1546150546.44
1546150546.48
1546150546.51
1546150546.54
1546150546.58
1546150546.61
1546150546.64
1546150546.67
1546150546.71
1546150546.74
1546150546.78
1546150546.81
1546150546.84
1546150546.88
1546150546.91
1546150546.94
1546150546.98
1546150547.01
1546150547.04
1546150547.08
1546150547.11
1546150547.14
1546150547.18
1546150547.21
1546150547.24
1546150547.28
1546150547.31
1546150547.34
1546150547.38
1546150547.41
1546150547.44
1546150547.47
1546150547.51
1546150547.54
1546150547.58
1546150547.61
1546150547.64
1546150547.67
1546150547.71
1546150547.74
1546150547.78
1546150547.81
1546150547.84
1546150547.87
1546150547.91
1546150547.94
1546150547.97
1546150548.01
1546150548.04
1546150548.07
1546150548.11
1546150548.14
1546150548.18
1546150548.21
1546150548.24
1546150548.27
1546150548.31
1546150548.34
1546150548.37
1546150548.41
1546150548.44
1546150548.47
1546150548.51
1546150548.54
1546150548.57
1546150548.61
1546150548.64
1546150548.67
1546150548.71
1546150548.74
1546150548.77
1546150548.81
1546150548.84
1546150548.87
1546150548.91
1546150548.94
1546150548.97
1546150549.01
1546150549.04
1546150549.07
1546150549.11
1546150549.14
1546150549.17
1546150549.21
1546150549.24
1546150549.27
1546150549.31
1546150549.34
1546150549.37
1546150549.41
1546150549.44
1546150549.47
1546150549.51
1546150549.54
1546150549.57
1546150549.61
1546150549.64
1546150549.67
1546150549.71
1546150549.74
1546150549.77
1546150549.81
1546150549.84
1546150549.87
1546150549.91
1546150549.94
1546150549.97
1546150550.01
1546150550.04
1546150550.07
1546150550.11
1546150550.14
1546150550.17
1546150550.2
1546150550.24
1546150550.27
1546150550.31
1546150550.34
1546150550.37
1546150550.4
1546150550.44
1546150550.47
1546150550.51
1546150550.54
1546150550.57
1546150550.61
1546150550.64
1546150550.67
1546150550.7
1546150550.74
1546150550.77
1546150550.81
1546150550.84
1546150550.87
1546150550.9
1546150550.94
1546150550.97
1546150551.01
1546150551.04
1546150551.07
1546150551.11
1546150551.14
1546150551.17
1546150551.2
1546150551.24
1546150551.27
1546150551.31
1546150551.34
1546150551.37
1546150551.41
1546150551.44
1546150551.47
1546150551.51
1546150551.54
1546150551.57
1546150551.61
1546150551.64
1546150551.67
1546150551.7
1546150551.74
1546150551.77
1546150551.81
1546150551.84
1546150551.87
1546150551.9
1546150551.94
1546150551.97
1546150552.0
1546150552.04
1546150552.07
1546150552.1
1546150552.14
1546150552.17
1546150552.2
1546150552.24
1546150552.27
1546150552.3
1546150552.34
1546150552.37
1546150552.4
1546150552.44
1546150552.47
1546150552.5
1546150552.54
1546150552.57
1546150552.61
1546150552.64
1546150552.67
1546150552.7
1546150552.74
1546150552.77
1546150552.8
1546150552.84
1546150552.87
1546150552.9
1546150552.94
1546150552.97
1546150553.01
1546150553.04
1546150553.07
1546150553.1
1546150553.14
1546150553.17
1546150553.2
1546150553.24
1546150553.27
1546150553.3
1546150553.34
1546150553.37
1546150553.4
1546150553.44
1546150553.47
1546150553.5
1546150553.54
1546150553.57
1546150553.6
1546150553.64
1546150553.67
1546150553.7
1546150553.74
1546150553.77
1546150553.8
1546150553.84
1546150553.87
