1546224234.22
1546224234.36
1546224234.41
1546224234.44
1546224234.47
1546224234.5
1546224234.53
1546224234.56
1546224234.59
1546224234.62
1546224234.65
1546224234.68
1546224234.72
1546224234.75
1546224234.78
1546224234.82
1546224234.85
1546224234.88
1546224234.92
1546224234.95
1546224234.98
1546224235.02
1546224235.05
1546224235.08
1546224235.12
1546224235.15
1546224235.18
1546224235.22
1546224235.25
1546224235.28
1546224235.32
1546224235.35
1546224235.38
1546224235.42
1546224235.45
1546224235.48
1546224235.52
1546224235.55
1546224235.58
1546224235.62
1546224235.65
1546224235.68
1546224235.72
1546224235.75
1546224235.78
1546224235.82
1546224235.85
1546224235.88
1546224235.92
1546224235.95
1546224235.98
1546224236.02
1546224236.05
1546224236.08
1546224236.12
1546224236.15
1546224236.18
1546224236.22
1546224236.25
1546224236.28
1546224236.32
1546224236.35
1546224236.38
1546224236.42
1546224236.45
1546224236.48
1546224236.52
1546224236.55
1546224236.58
1546224236.62
1546224236.65
1546224236.68
1546224236.71
1546224236.75
1546224236.78
1546224236.82
1546224236.85
1546224236.88
1546224236.91
1546224236.95
1546224236.98
1546224237.01
1546224237.05
1546224237.08
1546224237.12
1546224237.15
1546224237.18
1546224237.21
1546224237.25
1546224237.28
1546224237.32
1546224237.35
1546224237.38
1546224237.41
1546224237.45
1546224237.48
1546224237.51
1546224237.55
1546224237.58
1546224237.62
1546224237.65
1546224237.68
1546224237.71
1546224237.75
1546224237.78
1546224237.81
1546224237.85
1546224237.88
1546224237.91
1546224237.95
1546224237.98
1546224238.01
1546224238.05
1546224238.08
1546224238.11
1546224238.15
1546224238.18
1546224238.21
1546224238.25
1546224238.28
1546224238.32
1546224238.35
1546224238.38
1546224238.41
1546224238.45
1546224238.48
1546224238.51
1546224238.55
1546224238.58
1546224238.61
1546224238.65
1546224238.68
1546224238.71
1546224238.75
1546224238.78
1546224238.81
1546224238.85
1546224238.88
1546224238.91
1546224238.95
1546224238.98
1546224239.01
1546224239.05
1546224239.08
1546224239.11
1546224239.15
1546224239.18
1546224239.21
1546224239.25
1546224239.28
1546224239.31
1546224239.35
1546224239.38
1546224239.41
1546224239.45
1546224239.48
1546224239.51
1546224239.55
1546224239.58
1546224239.62
1546224239.65
1546224239.68
1546224239.71
1546224239.75
1546224239.78
1546224239.82
1546224239.85
1546224239.88
1546224239.92
1546224239.95
1546224239.98
1546224240.02
1546224240.05
1546224240.08
1546224240.12
1546224240.15
1546224240.18
1546224240.22
1546224240.25
1546224240.28
1546224240.32
1546224240.35
1546224240.38
1546224240.42
1546224240.45
1546224240.48
1546224240.52
1546224240.55
1546224240.58
1546224240.62
1546224240.65
1546224240.68
1546224240.71
1546224240.75
1546224240.78
1546224240.82
1546224240.85
1546224240.88
1546224240.92
1546224240.95
1546224240.98
1546224241.02
1546224241.05
1546224241.08
1546224241.12
1546224241.15
1546224241.18
1546224241.21
1546224241.25
1546224241.28
1546224241.32
1546224241.35
1546224241.38
1546224241.42
1546224241.45
1546224241.48
1546224241.52
1546224241.55
1546224241.58
1546224241.62
1546224241.65
1546224241.68
1546224241.72
1546224241.75
1546224241.78
1546224241.82
1546224241.85
1546224241.88
1546224241.92
1546224241.95
1546224241.98
1546224242.02
1546224242.05
1546224242.08
1546224242.12
1546224242.15
1546224242.18
1546224242.22
1546224242.25
1546224242.28
1546224242.32
1546224242.35
1546224242.38
1546224242.42
1546224242.45
1546224242.48
1546224242.52
1546224242.55
1546224242.59
1546224242.62
1546224242.65
1546224242.68
1546224242.72
1546224242.75
1546224242.79
1546224242.82
1546224242.85
1546224242.88
1546224242.92
1546224242.95
1546224242.98
1546224243.02
1546224243.05
1546224243.08
1546224243.12
1546224243.15
1546224243.18
1546224243.22
1546224243.25
1546224243.28
1546224243.32
1546224243.35
1546224243.38
1546224243.42
1546224243.45
1546224243.48
1546224243.52
1546224243.55
1546224243.59
1546224243.62
1546224243.65
1546224243.69
1546224243.72
1546224243.75
1546224243.79
1546224243.82
1546224243.85
1546224243.89
1546224243.92
1546224243.95
1546224243.99
1546224244.02
1546224244.05
1546224244.09
1546224244.12
1546224244.15
1546224244.18
1546224244.22
1546224244.25
1546224244.29
1546224244.32
1546224244.35
1546224244.39
1546224244.42
1546224244.45
1546224244.49
1546224244.52
1546224244.55
1546224244.59
1546224244.62
1546224244.65
1546224244.68
1546224244.72
1546224244.75
1546224244.79
1546224244.82
1546224244.85
1546224244.89
1546224244.92
1546224244.95
1546224244.99
1546224245.02
1546224245.05
1546224245.09
1546224245.12
1546224245.15
1546224245.19
1546224245.22
1546224245.25
1546224245.29
1546224245.32
1546224245.35
1546224245.39
1546224245.42
1546224245.45
1546224245.49
1546224245.52
1546224245.55
1546224245.59
1546224245.62
1546224245.65
1546224245.69
1546224245.72
1546224245.75
1546224245.79
1546224245.82
1546224245.85
1546224245.89
1546224245.92
1546224245.95
1546224245.99
1546224246.02
1546224246.05
1546224246.09
1546224246.12
1546224246.15
1546224246.19
1546224246.22
1546224246.26
1546224246.29
1546224246.32
1546224246.36
1546224246.39
1546224246.42
1546224246.45
1546224246.49
1546224246.52
1546224246.56
1546224246.59
1546224246.62
1546224246.65
1546224246.69
1546224246.72
1546224246.76
1546224246.79
1546224246.82
1546224246.86
1546224246.89
1546224246.92
1546224246.96
1546224246.98
1546224247.02
1546224247.05
1546224247.08
1546224247.12
1546224247.15
1546224247.18
1546224247.21
1546224247.25
1546224247.28
1546224247.32
1546224247.35
1546224247.38
1546224247.41
1546224247.45
1546224247.48
1546224247.52
1546224247.55
1546224247.58
1546224247.62
1546224247.65
1546224247.68
1546224247.71
1546224247.75
1546224247.78
1546224247.82
1546224247.85
1546224247.88
1546224247.91
1546224247.95
1546224247.98
1546224248.02
1546224248.05
1546224248.08
1546224248.12
1546224248.15
1546224248.18
1546224248.22
1546224248.25
1546224248.28
1546224248.32
1546224248.35
1546224248.38
1546224248.41
1546224248.45
1546224248.48
1546224248.52
1546224248.55
1546224248.58
1546224248.61
1546224248.65
1546224248.68
1546224248.71
1546224248.75
1546224248.78
1546224248.82
1546224248.85
1546224248.88
1546224248.91
1546224248.95
1546224248.98
1546224249.01
1546224249.05
1546224249.08
1546224249.11
1546224249.15
1546224249.18
1546224249.21
1546224249.25
1546224249.28
1546224249.31
1546224249.35
1546224249.38
1546224249.41
1546224249.45
1546224249.48
1546224249.51
1546224249.55
1546224249.58
1546224249.61
1546224249.65
1546224249.68
1546224249.71
1546224249.75
1546224249.78
1546224249.81
1546224249.85
1546224249.88
1546224249.91
1546224249.95
1546224249.98
1546224250.01
1546224250.05
1546224250.08
1546224250.11
1546224250.15
1546224250.18
1546224250.21
1546224250.25
1546224250.28
1546224250.31
1546224250.35
1546224250.38
1546224250.41
1546224250.45
1546224250.48
1546224250.51
1546224250.55
1546224250.58
1546224250.62
1546224250.65
1546224250.68
1546224250.71
1546224250.75
1546224250.78
1546224250.81
1546224250.85
1546224250.88
1546224250.91
1546224250.95
1546224250.98
1546224251.01
1546224251.05
1546224251.08
1546224251.11
1546224251.15
1546224251.18
1546224251.21
1546224251.25
1546224251.28
1546224251.31
1546224251.35
1546224251.38
1546224251.41
1546224251.45
1546224251.48
1546224251.52
1546224251.55
1546224251.58
1546224251.62
1546224251.65
1546224251.68
1546224251.71
1546224251.75
1546224251.78
1546224251.81
1546224251.85
1546224251.88
1546224251.91
1546224251.95
1546224251.98
1546224252.01
1546224252.05
1546224252.08
1546224252.11
1546224252.15
1546224252.18
1546224252.21
1546224252.25
1546224252.28
1546224252.31
1546224252.35
1546224252.38
1546224252.41
1546224252.45
1546224252.48
1546224252.52
1546224252.55
1546224252.58
1546224252.61
1546224252.65
1546224252.68
1546224252.71
1546224252.75
1546224252.78
1546224252.81
1546224252.85
1546224252.88
1546224252.91
1546224252.95
1546224252.98
1546224253.02
1546224253.05
1546224253.08
1546224253.12
1546224253.15
1546224253.18
1546224253.21
1546224253.25
1546224253.28
1546224253.31
1546224253.35
1546224253.38
1546224253.41
1546224253.45
1546224253.48
1546224253.51
1546224253.55
1546224253.58
1546224253.61
1546224253.65
1546224253.68
1546224253.71
1546224253.75
1546224253.78
1546224253.81
1546224253.85
1546224253.88
1546224253.91
1546224253.95
1546224253.98
1546224254.01
1546224254.05
1546224254.08
1546224254.11
1546224254.15
1546224254.18
1546224254.21
1546224254.25
1546224254.28
1546224254.31
1546224254.35
1546224254.38
1546224254.41
1546224254.45
1546224254.48
1546224254.51
1546224254.55
1546224254.58
1546224254.61
1546224254.65
1546224254.68
1546224254.71
1546224254.75
1546224254.78
1546224254.81
1546224254.85
1546224254.88
1546224254.91
1546224254.95
1546224254.98
1546224255.01
1546224255.05
1546224255.08
1546224255.11
1546224255.15
1546224255.18
1546224255.21
1546224255.25
1546224255.28
1546224255.31
1546224255.35
1546224255.38
1546224255.41
1546224255.45
1546224255.48
1546224255.51
1546224255.55
1546224255.58
1546224255.61
1546224255.65
1546224255.68
1546224255.71
1546224255.74
1546224255.78
1546224255.81
1546224255.85
1546224255.88
1546224255.91
1546224255.95
1546224255.98
1546224256.01
1546224256.05
1546224256.08
1546224256.11
1546224256.14
1546224256.18
1546224256.21
1546224256.24
1546224256.28
1546224256.31
1546224256.35
1546224256.38
1546224256.41
1546224256.44
1546224256.48
1546224256.51
1546224256.55
1546224256.58
1546224256.61
1546224256.64
1546224256.68
1546224256.71
1546224256.74
1546224256.78
1546224256.81
1546224256.85
1546224256.88
1546224256.91
1546224256.95
1546224256.98
1546224257.01
1546224257.04
1546224257.08
1546224257.11
1546224257.14
1546224257.18
1546224257.21
1546224257.24
1546224257.28
1546224257.31
1546224257.34
1546224257.38
1546224257.41
1546224257.44
1546224257.48
1546224257.51
1546224257.54
1546224257.58
1546224257.61
1546224257.65
1546224257.68
1546224257.71
1546224257.74
1546224257.78
1546224257.81
1546224257.84
1546224257.88
1546224257.91
1546224257.94
1546224257.98
1546224258.01
1546224258.04
1546224258.08
1546224258.11
1546224258.14
1546224258.18
1546224258.21
1546224258.24
1546224258.28
1546224258.31
1546224258.34
1546224258.38
1546224258.41
1546224258.44
1546224258.48
1546224258.51
1546224258.54
1546224258.58
1546224258.61
1546224258.64
1546224258.68
1546224258.71
1546224258.74
1546224258.78
1546224258.81
1546224258.85
1546224258.88
1546224258.91
1546224258.94
1546224258.98
1546224259.01
1546224259.05
1546224259.08
1546224259.11
1546224259.14
1546224259.18
1546224259.21
1546224259.24
1546224259.28
1546224259.31
1546224259.34
1546224259.38
1546224259.41
1546224259.44
1546224259.48
1546224259.51
1546224259.55
1546224259.58
1546224259.61
1546224259.64
1546224259.68
1546224259.71
1546224259.74
1546224259.78
1546224259.81
1546224259.84
1546224259.88
1546224259.91
1546224259.94
1546224259.98
1546224260.01
1546224260.04
1546224260.08
1546224260.11
1546224260.14
1546224260.18
1546224260.21
1546224260.24
1546224260.28
1546224260.31
1546224260.35
1546224260.38
1546224260.41
1546224260.44
1546224260.48
1546224260.51
1546224260.54
1546224260.58
1546224260.61
1546224260.64
1546224260.68
1546224260.71
1546224260.74
1546224260.78
1546224260.81
1546224260.84
1546224260.88
1546224260.91
1546224260.94
1546224260.98
1546224261.01
1546224261.04
1546224261.08
1546224261.11
1546224261.14
1546224261.18
1546224261.21
1546224261.24
1546224261.28
1546224261.31
1546224261.34
1546224261.38
1546224261.41
1546224261.44
1546224261.48
1546224261.51
1546224261.54
1546224261.58
1546224261.61
1546224261.64
1546224261.68
1546224261.71
1546224261.74
1546224261.78
1546224261.81
1546224261.84
1546224261.88
1546224261.91
1546224261.94
1546224261.97
1546224262.01
1546224262.04
1546224262.08
1546224262.11
1546224262.14
1546224262.17
1546224262.21
1546224262.24
1546224262.28
1546224262.31
1546224262.34
1546224262.37
1546224262.41
1546224262.44
1546224262.47
1546224262.51
1546224262.54
1546224262.58
1546224262.61
1546224262.64
1546224262.67
1546224262.71
1546224262.74
1546224262.78
1546224262.81
1546224262.84
1546224262.88
1546224262.91
1546224262.94
1546224262.97
1546224263.01
1546224263.04
1546224263.08
1546224263.11
1546224263.14
1546224263.17
1546224263.21
1546224263.24
1546224263.27
1546224263.31
1546224263.34
1546224263.37
1546224263.41
1546224263.44
1546224263.47
1546224263.51
1546224263.54
1546224263.57
1546224263.61
1546224263.64
1546224263.67
1546224263.71
1546224263.74
1546224263.77
1546224263.81
1546224263.84
1546224263.87
1546224263.91
1546224263.94
1546224263.97
1546224264.01
1546224264.04
1546224264.07
1546224264.11
1546224264.14
1546224264.17
1546224264.21
1546224264.24
1546224264.27
1546224264.31
1546224264.34
1546224264.37
1546224264.41
1546224264.44
1546224264.78
1546224264.81
1546224264.84
1546224264.87
1546224264.91
1546224264.94
1546224264.97
1546224265.01
1546224265.04
1546224265.07
1546224265.11
1546224265.14
1546224265.17
1546224265.21
1546224265.24
1546224265.27
1546224265.31
1546224265.34
1546224265.37
1546224265.41
1546224265.44
1546224265.47
1546224265.51
1546224265.54
1546224265.57
1546224265.61
1546224265.64
1546224265.67
1546224265.71
1546224265.74
1546224265.78
1546224265.81
1546224265.84
1546224265.88
1546224265.91
1546224265.94
1546224265.97
1546224266.01
1546224266.04
1546224266.07
1546224266.11
1546224266.14
1546224266.17
1546224266.21
1546224266.24
1546224266.27
1546224266.31
1546224266.34
1546224266.38
1546224266.41
1546224266.44
1546224266.47
1546224266.51
1546224266.54
1546224266.57
1546224266.61
1546224266.64
1546224266.67
1546224266.71
1546224266.74
1546224266.78
1546224266.81
1546224266.84
1546224266.88
1546224266.91
1546224266.94
1546224266.97
1546224267.01
1546224267.04
1546224267.08
1546224267.11
1546224267.14
1546224267.17
1546224267.21
1546224267.24
1546224267.28
1546224267.31
1546224267.34
1546224267.38
1546224267.41
1546224267.44
1546224267.47
1546224267.51
1546224267.54
1546224267.58
1546224267.61
1546224267.64
1546224267.67
1546224267.71
1546224267.74
1546224267.77
1546224267.81
1546224267.84
1546224267.88
1546224267.91
1546224267.94
1546224267.97
1546224268.01
1546224268.04
1546224268.08
1546224268.11
1546224268.14
1546224268.18
1546224268.21
1546224268.24
1546224268.28
1546224268.31
1546224268.34
1546224268.38
1546224268.41
1546224268.44
1546224268.48
1546224268.51
1546224268.54
1546224268.58
1546224268.61
1546224268.64
1546224268.68
1546224268.71
1546224268.74
1546224268.78
1546224268.81
1546224268.84
1546224268.88
1546224268.91
1546224268.94
1546224268.98
1546224269.01
1546224269.04
1546224269.08
1546224269.11
1546224269.14
1546224269.18
1546224269.21
1546224269.24
1546224269.28
1546224269.31
1546224269.34
1546224269.38
1546224269.41
1546224269.44
1546224269.48
1546224269.51
1546224269.55
1546224269.58
1546224269.61
1546224269.64
1546224269.68
1546224269.71
1546224269.74
1546224269.78
1546224269.81
1546224269.85
1546224269.88
1546224269.91
1546224269.95
1546224269.98
1546224270.01
1546224270.05
1546224270.08
1546224270.11
1546224270.15
1546224270.18
1546224270.21
1546224270.24
1546224270.28
1546224270.31
1546224270.35
1546224270.38
1546224270.41
1546224270.45
1546224270.48
1546224270.51
1546224270.54
1546224270.58
1546224270.61
1546224270.64
1546224270.68
1546224270.71
1546224270.74
1546224270.77
1546224270.8
1546224270.84
1546224270.87
1546224270.9
1546224270.94
1546224270.97
1546224271.0
1546224271.04
1546224271.07
1546224271.1
1546224271.14
1546224271.17
1546224271.2
1546224271.24
1546224271.27
1546224271.3
1546224271.34
1546224271.37
1546224271.4
1546224271.44
1546224271.47
1546224271.5
1546224271.54
1546224271.57
1546224271.6
1546224271.64
1546224271.67
1546224271.7
1546224271.74
1546224271.77
1546224271.8
1546224271.84
1546224271.87
1546224271.9
1546224271.94
1546224271.97
1546224272.0
1546224272.04
1546224272.07
1546224272.1
1546224272.13
1546224272.17
1546224272.2
1546224272.23
1546224272.27
1546224272.3
1546224272.34
1546224272.37
1546224272.4
1546224272.43
1546224272.47
1546224272.5
1546224272.54
1546224272.57
1546224272.6
1546224272.63
1546224272.67
1546224272.7
1546224272.74
1546224272.77
1546224272.8
1546224272.84
1546224272.87
1546224272.9
1546224272.93
1546224272.97
1546224273.0
1546224273.04
1546224273.07
1546224273.1
1546224273.14
1546224273.17
1546224273.2
1546224273.23
1546224273.27
1546224273.3
1546224273.34
1546224273.37
1546224273.4
1546224273.43
1546224273.47
1546224273.5
1546224273.54
1546224273.57
1546224273.6
1546224273.63
1546224273.67
1546224273.7
1546224273.73
1546224273.77
1546224273.8
1546224273.84
1546224273.87
1546224273.9
1546224273.93
1546224273.97
1546224274.0
1546224274.03
1546224274.07
1546224274.1
1546224274.13
1546224274.17
1546224274.2
1546224274.23
1546224274.27
1546224274.3
1546224274.33
1546224274.37
1546224274.4
1546224274.43
1546224274.47
1546224274.5
1546224274.53
1546224274.57
1546224274.6
1546224274.63
1546224274.67
1546224274.7
1546224274.73
1546224274.77
1546224274.8
1546224274.83
1546224274.87
1546224274.9
1546224274.93
1546224274.96
1546224275.0
1546224275.03
1546224275.07
1546224275.1
1546224275.13
1546224275.16
1546224275.2
1546224275.23
1546224275.27
1546224275.3
1546224275.33
1546224275.37
1546224275.4
1546224275.43
1546224275.47
1546224275.5
1546224275.53
1546224275.57
1546224275.6
1546224275.63
1546224275.67
1546224275.7
1546224275.73
1546224275.77
1546224275.8
1546224275.83
1546224275.87
1546224275.9
1546224275.93
1546224275.97
1546224276.0
1546224276.03
1546224276.07
1546224276.1
1546224276.13
1546224276.17
1546224276.2
1546224276.23
1546224276.27
1546224276.3
1546224276.33
1546224276.37
1546224276.4
1546224276.43
1546224276.46
1546224276.5
1546224276.53
1546224276.57
1546224276.6
1546224276.63
1546224276.67
1546224276.7
1546224276.73
1546224276.77
1546224276.8
1546224276.83
1546224276.87
1546224276.9
1546224276.93
1546224276.97
1546224277.0
1546224277.03
1546224277.07
1546224277.1
1546224277.13
1546224277.17
1546224277.2
1546224277.23
1546224277.27
1546224277.3
1546224277.33
1546224277.37
1546224277.4
1546224277.43
1546224277.46
1546224277.5
1546224277.53
1546224277.57
1546224277.6
1546224277.63
1546224277.67
1546224277.7
1546224277.73
1546224277.77
1546224277.8
1546224277.83
1546224277.87
1546224277.9
1546224277.93
1546224277.97
1546224278.0
1546224278.03
1546224278.07
1546224278.1
1546224278.13
1546224278.16
1546224278.2
1546224278.23
1546224278.26
1546224278.3
1546224278.33
1546224278.36
1546224278.4
1546224278.43
1546224278.46
1546224278.5
1546224278.53
1546224278.57
1546224278.6
1546224278.63
1546224278.66
1546224278.7
1546224278.73
1546224278.77
1546224278.8
1546224278.83
1546224278.86
1546224278.9
1546224278.93
1546224278.96
1546224279.0
1546224279.03
1546224279.07
1546224279.1
1546224279.13
1546224279.17
1546224279.2
1546224279.23
1546224279.27
1546224279.3
1546224279.33
1546224279.37
1546224279.4
1546224279.43
1546224279.47
1546224279.5
1546224279.53
1546224279.57
1546224279.6
1546224279.63
1546224279.66
1546224279.7
1546224279.73
1546224279.77
1546224279.8
1546224279.83
1546224279.87
1546224279.9
1546224279.93
1546224279.97
1546224280.0
1546224280.03
1546224280.07
1546224280.1
1546224280.13
1546224280.17
1546224280.2
1546224280.23
1546224280.27
1546224280.3
1546224280.33
1546224280.37
1546224280.4
1546224280.43
1546224280.46
1546224280.5
1546224280.53
1546224280.57
1546224280.6
1546224280.63
1546224280.66
1546224280.7
1546224280.73
1546224280.77
1546224280.8
1546224280.83
1546224280.87
1546224280.9
1546224280.93
1546224280.96
1546224281.0
1546224281.03
1546224281.07
1546224281.1
1546224281.13
1546224281.16
1546224281.2
1546224281.23
1546224281.26
1546224281.3
1546224281.33
1546224281.37
1546224281.4
1546224281.43
1546224281.46
1546224281.5
1546224281.53
1546224281.57
1546224281.6
1546224281.63
1546224281.66
1546224281.7
1546224281.73
1546224281.77
1546224281.8
1546224281.83
1546224281.87
1546224281.9
1546224281.93
1546224281.96
1546224282.0
1546224282.03
1546224282.06
1546224282.1
1546224282.13
1546224282.16
1546224282.2
1546224282.23
1546224282.27
1546224282.3
1546224282.33
1546224282.36
1546224282.4
1546224282.43
1546224282.46
1546224282.5
1546224282.53
1546224282.56
1546224282.6
1546224282.63
1546224282.66
1546224282.7
1546224282.73
1546224282.77
1546224282.8
1546224282.83
1546224282.86
1546224282.9
1546224282.93
1546224282.96
1546224283.0
1546224283.03
1546224283.06
1546224283.1
1546224283.13
1546224283.16
1546224283.2
1546224283.23
1546224283.26
1546224283.3
1546224283.33
1546224283.36
1546224283.4
1546224283.43
1546224283.46
1546224283.5
1546224283.53
1546224283.56
1546224283.6
1546224283.63
1546224283.66
1546224283.7
1546224283.73
1546224283.76
1546224283.8
1546224283.83
1546224283.86
1546224283.9
1546224283.93
1546224283.96
1546224284.0
1546224284.03
1546224284.06
1546224284.1
1546224284.13
1546224284.16
1546224284.2
1546224284.23
1546224284.26
1546224284.3
1546224284.33
1546224284.36
1546224284.4
1546224284.43
1546224284.46
1546224284.5
1546224284.53
1546224284.56
1546224284.6
1546224284.63
1546224284.66
1546224284.7
1546224284.73
1546224284.76
1546224284.8
1546224284.83
1546224284.86
1546224284.9
1546224284.93
1546224284.96
1546224285.0
1546224285.03
1546224285.06
1546224285.1
1546224285.13
1546224285.16
1546224285.2
1546224285.23
1546224285.26
1546224285.3
1546224285.33
1546224285.36
1546224285.39
1546224285.43
1546224285.46
1546224285.5
1546224285.53
1546224285.56
1546224285.59
1546224285.63
1546224285.66
1546224285.69
1546224285.73
1546224285.76
1546224285.8
1546224285.83
1546224285.86
1546224285.89
1546224285.93
1546224285.96
1546224285.99
1546224286.03
1546224286.06
1546224286.1
1546224286.13
1546224286.16
1546224286.19
1546224286.23
1546224286.26
1546224286.3
1546224286.33
1546224286.36
1546224286.39
1546224286.43
1546224286.46
1546224286.49
1546224286.53
1546224286.56
1546224286.6
1546224286.63
1546224286.66
1546224286.69
1546224286.73
1546224286.76
1546224286.8
1546224286.83
1546224286.86
1546224286.89
1546224286.93
1546224286.96
1546224286.99
1546224287.03
1546224287.06
1546224287.1
1546224287.13
1546224287.16
1546224287.19
1546224287.23
1546224287.26
1546224287.29
1546224287.33
1546224287.36
1546224287.39
1546224287.43
1546224287.46
1546224287.49
1546224287.53
1546224287.56
1546224287.6
1546224287.63
1546224287.66
1546224287.69
1546224287.73
1546224287.76
1546224287.8
1546224287.83
1546224287.86
1546224287.89
1546224287.93
1546224287.96
1546224287.99
1546224288.03
1546224288.06
1546224288.1
1546224288.13
1546224288.16
1546224288.19
1546224288.23
1546224288.26
1546224288.3
1546224288.33
1546224288.36
1546224288.39
1546224288.43
1546224288.46
1546224288.49
1546224288.53
1546224288.56
1546224288.6
1546224288.63
1546224288.66
1546224288.69
1546224288.73
1546224288.76
1546224288.8
1546224288.83
1546224288.86
1546224288.89
1546224288.93
1546224288.96
1546224288.99
1546224289.03
1546224289.06
1546224289.1
1546224289.13
1546224289.16
1546224289.19
1546224289.23
1546224289.26
1546224289.3
1546224289.33
1546224289.36
1546224289.39
1546224289.43
1546224289.46
1546224289.5
1546224289.53
1546224289.56
1546224289.6
1546224289.63
1546224289.66
1546224289.7
1546224289.73
1546224289.76
1546224289.8
1546224289.83
1546224289.86
1546224289.9
1546224289.93
1546224289.96
1546224290.0
1546224290.03
1546224290.06
1546224290.1
1546224290.13
1546224290.16
1546224290.2
1546224290.23
1546224290.26
1546224290.3
1546224290.33
1546224290.36
1546224290.4
1546224290.43
1546224290.46
1546224290.5
1546224290.53
1546224290.56
1546224290.6
1546224290.63
1546224290.66
1546224290.7
1546224290.73
1546224290.77
1546224290.8
1546224290.83
1546224290.87
1546224290.9
1546224290.93
1546224290.96
1546224291.0
1546224291.03
1546224291.07
1546224291.1
1546224291.13
1546224291.17
1546224291.2
1546224291.23
1546224291.27
1546224291.3
1546224291.33
1546224291.37
1546224291.4
1546224291.43
1546224291.46
1546224291.5
1546224291.53
1546224291.57
1546224291.6
1546224291.63
1546224291.67
1546224291.7
1546224291.73
1546224291.77
1546224291.8
1546224291.83
1546224291.87
1546224291.9
1546224291.93
1546224291.97
1546224292.0
1546224292.03
1546224292.06
1546224292.1
1546224292.13
1546224292.17
1546224292.2
1546224292.23
1546224292.27
1546224292.3
1546224292.33
1546224292.37
1546224292.4
1546224292.43
1546224292.47
1546224292.5
1546224292.53
1546224292.56
1546224292.6
1546224292.63
1546224292.66
1546224292.7
1546224292.73
1546224292.77
1546224292.8
1546224292.83
1546224292.87
1546224292.9
1546224292.93
1546224292.97
1546224293.0
1546224293.03
1546224293.07
1546224293.1
1546224293.13
1546224293.16
1546224293.2
1546224293.23
1546224293.27
1546224293.3
1546224293.33
1546224293.37
1546224293.4
1546224293.43
1546224293.46
1546224293.5
1546224293.53
1546224293.57
1546224293.6
1546224293.63
1546224293.66
1546224293.7
1546224293.73
1546224293.77
1546224293.8
1546224293.83
1546224293.87
1546224293.9
1546224293.93
1546224293.97
1546224294.0
1546224294.03
1546224294.07
1546224294.1
1546224294.13
1546224294.17
1546224294.2
1546224294.23
1546224294.27
1546224294.3
1546224294.33
1546224294.37
1546224294.4
1546224294.43
1546224294.46
1546224294.49
1546224294.53
1546224294.56
1546224294.59
1546224294.63
1546224294.66
1546224294.69
1546224294.73
1546224294.76
1546224294.79
1546224294.83
1546224294.86
1546224294.89
1546224294.93
1546224294.96
1546224294.99
1546224295.03
1546224295.06
1546224295.09
1546224295.13
1546224295.16
1546224295.19
1546224295.23
1546224295.26
1546224295.29
1546224295.33
1546224295.36
1546224295.39
1546224295.42
1546224295.46
1546224295.49
1546224295.53
1546224295.56
1546224295.59
1546224295.63
1546224295.66
1546224295.69
1546224295.72
1546224295.76
1546224295.79
1546224295.82
1546224295.86
1546224295.89
1546224295.92
1546224295.96
1546224295.99
1546224296.03
1546224296.06
1546224296.09
1546224296.12
1546224296.16
1546224296.19
1546224296.22
1546224296.26
1546224296.29
1546224296.32
1546224296.36
1546224296.39
1546224296.42
1546224296.46
1546224296.49
1546224296.52
1546224296.56
1546224296.59
1546224296.62
1546224296.66
1546224296.69
1546224296.72
1546224296.76
1546224296.79
1546224296.83
1546224296.86
1546224296.89
1546224296.92
1546224296.96
1546224296.99
1546224297.03
1546224297.06
1546224297.09
1546224297.12
1546224297.16
1546224297.19
1546224297.22
1546224297.26
1546224297.29
1546224297.32
1546224297.36
1546224297.39
1546224297.42
1546224297.46
1546224297.49
1546224297.52
1546224297.56
1546224297.59
1546224297.62
1546224297.66
1546224297.69
1546224297.72
1546224297.76
1546224297.79
1546224297.82
1546224297.86
1546224297.89
1546224297.92
1546224297.96
1546224297.99
1546224298.02
1546224298.06
1546224298.09
1546224298.12
1546224298.16
1546224298.19
1546224298.22
1546224298.26
1546224298.29
1546224298.32
1546224298.36
1546224298.39
1546224298.42
1546224298.46
1546224298.49
1546224298.52
1546224298.56
1546224298.59
1546224298.62
1546224298.66
1546224298.69
1546224298.72
1546224298.76
1546224298.79
1546224298.82
1546224298.86
1546224298.89
1546224298.92
1546224298.96
1546224298.99
1546224299.02
1546224299.06
1546224299.09
1546224299.12
1546224299.16
1546224299.19
1546224299.22
1546224299.26
1546224299.29
1546224299.32
1546224299.36
1546224299.39
1546224299.42
1546224299.46
1546224299.49
1546224299.52
1546224299.56
1546224299.59
1546224299.62
1546224299.66
1546224299.69
1546224299.72
1546224299.76
1546224299.79
1546224299.82
1546224299.86
1546224299.89
1546224299.92
1546224299.96
1546224299.99
1546224300.02
1546224300.06
1546224300.09
1546224300.12
1546224300.16
1546224300.19
1546224300.22
1546224300.26
1546224300.29
1546224300.32
1546224300.35
1546224300.39
1546224300.42
1546224300.45
1546224300.49
1546224300.52
1546224300.56
1546224300.59
1546224300.62
1546224300.65
1546224300.69
1546224300.72
1546224300.76
1546224300.79
1546224300.82
1546224300.85
1546224300.89
1546224300.92
1546224300.95
1546224300.99
1546224301.02
1546224301.05
1546224301.09
1546224301.12
1546224301.15
1546224301.19
1546224301.22
1546224301.25
1546224301.29
1546224301.32
1546224301.35
1546224301.39
1546224301.42
1546224301.45
1546224301.49
1546224301.52
1546224301.55
1546224301.59
1546224301.62
1546224301.65
1546224301.69
1546224301.72
1546224301.75
1546224301.79
1546224301.82
1546224301.85
1546224301.89
1546224301.92
1546224301.95
1546224301.99
1546224302.02
1546224302.05
1546224302.09
1546224302.12
1546224302.15
1546224302.19
1546224302.22
1546224302.25
1546224302.29
1546224302.32
1546224302.35
1546224302.39
1546224302.42
1546224302.45
1546224302.48
1546224302.52
1546224302.55
1546224302.59
1546224302.62
1546224302.65
1546224302.68
1546224302.72
1546224302.75
1546224302.79
1546224302.82
1546224302.85
1546224302.89
1546224302.92
1546224302.95
1546224302.99
1546224303.02
1546224303.05
1546224303.09
1546224303.12
1546224303.15
1546224303.19
1546224303.22
1546224303.25
1546224303.29
1546224303.32
1546224303.35
1546224303.38
1546224303.42
1546224303.45
1546224303.48
1546224303.52
1546224303.55
1546224303.59
1546224303.62
1546224303.65
1546224303.69
1546224303.72
1546224303.75
1546224303.78
1546224303.82
1546224303.85
1546224303.88
1546224303.92
1546224303.95
1546224303.99
1546224304.02
1546224304.05
1546224304.09
1546224304.12
1546224304.15
1546224304.18
1546224304.22
1546224304.25
1546224304.29
1546224304.32
1546224304.35
1546224304.38
1546224304.42
1546224304.45
1546224304.48
1546224304.52
1546224304.55
1546224304.58
1546224304.62
1546224304.65
1546224304.68
1546224304.72
1546224304.75
1546224304.78
1546224304.82
1546224304.85
1546224304.88
1546224304.92
1546224304.95
1546224304.98
1546224305.02
1546224305.05
1546224305.08
1546224305.12
1546224305.15
1546224305.18
1546224305.22
1546224305.25
1546224305.29
1546224305.32
1546224305.35
1546224305.38
1546224305.42
1546224305.45
1546224305.48
1546224305.52
1546224305.55
1546224305.58
1546224305.62
1546224305.65
1546224305.68
1546224305.72
1546224305.75
1546224305.78
1546224305.82
1546224305.85
1546224305.88
1546224305.92
1546224305.95
1546224305.98
1546224306.02
1546224306.05
1546224306.09
1546224306.12
1546224306.15
1546224306.18
1546224306.22
1546224306.25
1546224306.28
1546224306.32
1546224306.35
1546224306.38
1546224306.42
1546224306.45
1546224306.49
1546224306.52
1546224306.55
1546224306.59
1546224306.62
1546224306.65
1546224306.68
1546224306.72
1546224306.75
1546224306.79
1546224306.82
1546224306.85
1546224306.88
1546224306.92
1546224306.95
1546224306.98
1546224307.02
1546224307.05
1546224307.09
1546224307.12
1546224307.15
1546224307.19
1546224307.22
1546224307.25
1546224307.29
1546224307.32
1546224307.35
1546224307.38
1546224307.42
1546224307.45
1546224307.48
1546224307.52
1546224307.55
1546224307.58
1546224307.62
1546224307.65
1546224307.68
1546224307.72
1546224307.75
1546224307.78
1546224307.82
1546224307.85
1546224307.88
1546224307.92
1546224307.95
1546224307.98
1546224308.02
1546224308.05
1546224308.08
1546224308.12
1546224308.15
1546224308.18
1546224308.22
1546224308.25
1546224308.28
1546224308.32
1546224308.35
1546224308.38
1546224308.42
1546224308.45
1546224308.48
1546224308.52
1546224308.55
1546224308.58
1546224308.62
1546224308.65
1546224308.68
1546224308.72
1546224308.75
1546224308.78
1546224308.82
1546224308.85
1546224308.88
1546224308.92
1546224308.95
1546224308.98
1546224309.02
1546224309.05
1546224309.08
1546224309.12
1546224309.15
1546224309.18
1546224309.22
1546224309.25
1546224309.28
1546224309.32
1546224309.35
1546224309.38
1546224309.41
1546224309.45
1546224309.48
1546224309.52
1546224309.55
1546224309.58
1546224309.61
1546224309.65
1546224309.68
1546224309.71
1546224309.75
1546224309.78
1546224309.82
1546224309.85
1546224309.88
1546224309.91
1546224309.95
1546224309.98
1546224310.02
1546224310.05
1546224310.08
1546224310.12
1546224310.15
1546224310.18
1546224310.21
1546224310.25
1546224310.28
1546224310.32
1546224310.35
1546224310.38
1546224310.41
1546224310.45
1546224310.48
1546224310.52
1546224310.55
1546224310.58
1546224310.62
1546224310.65
1546224310.68
1546224310.72
1546224310.75
1546224310.78
1546224310.82
1546224310.85
1546224310.88
1546224310.92
1546224310.95
1546224310.98
1546224311.02
1546224311.05
1546224311.08
1546224311.12
1546224311.15
1546224311.18
1546224311.22
1546224311.25
1546224311.28
1546224311.32
1546224311.35
1546224311.38
1546224311.41
1546224311.45
1546224311.48
1546224311.52
1546224311.55
1546224311.58
1546224311.62
1546224311.65
1546224311.68
1546224311.72
1546224311.75
1546224311.78
1546224311.82
1546224311.85
1546224311.88
1546224311.92
1546224311.95
1546224311.98
1546224312.02
1546224312.05
1546224312.08
1546224312.12
1546224312.15
1546224312.18
1546224312.22
1546224312.25
1546224312.28
1546224312.32
1546224312.35
1546224312.38
1546224312.42
1546224312.45
1546224312.48
1546224312.52
1546224312.55
1546224312.58
1546224312.62
1546224312.65
1546224312.68
1546224312.72
1546224312.75
1546224312.78
1546224312.82
1546224312.85
1546224312.88
1546224312.92
1546224312.95
1546224312.98
1546224313.02
1546224313.05
1546224313.09
1546224313.12
1546224313.15
1546224313.18
1546224313.22
1546224313.25
1546224313.29
1546224313.32
1546224313.35
1546224313.38
1546224313.42
1546224313.45
1546224313.49
1546224313.52
1546224313.55
1546224313.59
1546224313.62
1546224313.65
1546224313.68
1546224313.72
1546224313.75
1546224313.79
1546224313.82
1546224313.85
1546224313.88
1546224313.92
1546224313.95
1546224313.99
1546224314.02
1546224314.05
1546224314.09
1546224314.12
1546224314.15
1546224314.19
1546224314.22
1546224314.25
1546224314.29
1546224314.32
1546224314.35
1546224314.39
1546224314.42
1546224314.45
1546224314.49
1546224314.52
1546224314.55
1546224314.59
1546224314.62
1546224314.65
1546224314.69
1546224314.72
1546224314.75
1546224314.79
1546224314.82
1546224314.85
1546224314.89
1546224314.92
1546224314.95
1546224314.99
1546224315.02
1546224315.05
1546224315.09
1546224315.12
1546224315.15
1546224315.19
1546224315.22
1546224315.25
1546224315.29
1546224315.32
1546224315.35
1546224315.39
1546224315.42
1546224315.45
1546224315.49
1546224315.52
1546224315.55
1546224315.59
1546224315.62
1546224315.65
1546224315.69
1546224315.72
1546224315.75
1546224315.79
1546224315.82
1546224315.85
1546224315.89
1546224315.92
1546224315.95
1546224315.99
1546224316.02
1546224316.05
1546224316.09
1546224316.12
1546224316.15
1546224316.19
1546224316.22
1546224316.25
1546224316.29
1546224316.32
1546224316.35
1546224316.39
1546224316.42
1546224316.45
1546224316.49
1546224316.52
1546224316.55
1546224316.59
1546224316.62
1546224316.65
1546224316.69
1546224316.72
1546224316.75
1546224316.79
1546224316.82
1546224316.85
1546224316.89
1546224316.92
1546224316.95
1546224316.99
1546224317.02
1546224317.05
1546224317.09
1546224317.12
1546224317.15
1546224317.19
1546224317.22
1546224317.25
1546224317.29
1546224317.32
1546224317.35
1546224317.39
1546224317.42
1546224317.45
1546224317.49
1546224317.52
1546224317.55
1546224317.59
1546224317.62
1546224317.65
1546224317.69
1546224317.72
1546224317.75
1546224317.79
1546224317.82
1546224317.85
1546224317.89
1546224317.92
1546224317.95
1546224317.98
1546224318.01
1546224318.05
1546224318.08
1546224318.11
1546224318.15
1546224318.18
1546224318.21
1546224318.25
1546224318.28
1546224318.31
1546224318.35
1546224318.38
1546224318.41
1546224318.44
1546224318.48
1546224318.51
1546224318.55
1546224318.58
1546224318.61
1546224318.64
1546224318.68
1546224318.71
1546224318.74
1546224318.78
1546224318.81
1546224318.85
1546224318.88
1546224318.91
1546224318.94
1546224318.98
1546224319.01
1546224319.05
1546224319.08
1546224319.11
1546224319.15
1546224319.18
1546224319.21
1546224319.24
1546224319.28
1546224319.31
1546224319.35
1546224319.38
1546224319.41
1546224319.44
1546224319.48
1546224319.51
1546224319.55
1546224319.58
1546224319.61
1546224319.64
1546224319.68
1546224319.71
1546224319.74
1546224319.78
1546224319.81
1546224319.85
1546224319.88
1546224319.91
1546224319.94
1546224319.98
1546224320.01
1546224320.05
1546224320.08
1546224320.11
1546224320.14
1546224320.18
1546224320.21
1546224320.24
1546224320.28
1546224320.31
1546224320.34
1546224320.38
1546224320.41
1546224320.44
1546224320.48
1546224320.51
1546224320.54
1546224320.58
1546224320.61
1546224320.64
1546224320.68
1546224320.71
1546224320.74
1546224320.78
1546224320.81
1546224320.84
1546224320.88
1546224320.91
1546224320.94
1546224320.98
1546224321.01
1546224321.05
1546224321.08
1546224321.11
1546224321.14
1546224321.18
1546224321.21
1546224321.24
1546224321.28
1546224321.31
1546224321.34
1546224321.38
1546224321.41
1546224321.44
1546224321.48
1546224321.51
1546224321.54
1546224321.58
1546224321.61
1546224321.64
1546224321.68
1546224321.71
1546224321.74
1546224321.78
1546224321.81
1546224321.84
1546224321.88
1546224321.91
1546224321.94
1546224321.98
1546224322.01
1546224322.04
1546224322.08
1546224322.11
1546224322.14
1546224322.18
1546224322.21
1546224322.24
1546224322.28
1546224322.31
1546224322.34
1546224322.38
1546224322.41
1546224322.44
1546224322.48
1546224322.51
1546224322.54
1546224322.58
1546224322.61
1546224322.64
1546224322.68
1546224322.71
1546224322.74
1546224322.78
1546224322.81
1546224322.84
1546224322.88
1546224322.91
1546224322.94
1546224322.98
1546224323.01
1546224323.04
1546224323.08
1546224323.11
1546224323.14
1546224323.17
1546224323.21
1546224323.24
1546224323.28
1546224323.31
1546224323.34
1546224323.38
1546224323.41
1546224323.44
1546224323.48
1546224323.51
1546224323.54
1546224323.58
1546224323.61
1546224323.64
1546224323.68
1546224323.71
1546224323.74
1546224323.78
1546224323.81
1546224323.84
1546224323.88
1546224323.91
1546224323.94
1546224323.98
1546224324.01
1546224324.04
1546224324.08
1546224324.11
1546224324.14
1546224324.18
1546224324.21
1546224324.24
1546224324.28
1546224324.31
1546224324.34
1546224324.38
1546224324.41
1546224324.44
1546224324.48
1546224324.51
1546224324.54
1546224324.58
1546224324.61
1546224324.64
1546224324.68
1546224324.71
1546224324.74
1546224324.78
1546224324.81
1546224324.84
1546224324.88
1546224324.91
1546224324.94
1546224324.98
1546224325.01
1546224325.04
1546224325.08
1546224325.11
1546224325.14
1546224325.18
1546224325.21
1546224325.24
1546224325.27
1546224325.31
1546224325.34
1546224325.38
1546224325.41
1546224325.44
1546224325.47
1546224325.51
1546224325.54
1546224325.58
1546224325.61
1546224325.64
1546224325.67
1546224325.71
1546224325.74
1546224325.78
1546224325.81
1546224325.84
1546224325.88
1546224325.91
1546224325.94
1546224325.98
1546224326.01
1546224326.04
1546224326.08
1546224326.11
1546224326.14
1546224326.17
1546224326.21
1546224326.24
1546224326.27
1546224326.31
1546224326.34
1546224326.38
1546224326.41
1546224326.44
1546224326.47
1546224326.51
1546224326.54
1546224326.57
1546224326.61
1546224326.64
1546224326.67
1546224326.71
1546224326.74
1546224326.77
1546224326.81
1546224326.84
1546224326.87
1546224326.91
1546224326.94
1546224326.97
1546224327.01
1546224327.04
1546224327.07
1546224327.11
1546224327.14
1546224327.17
1546224327.21
1546224327.24
1546224327.27
1546224327.31
1546224327.34
1546224327.37
1546224327.41
1546224327.44
1546224327.47
1546224327.51
1546224327.54
1546224327.57
1546224327.61
1546224327.64
1546224327.67
1546224327.71
1546224327.74
1546224327.77
1546224327.81
1546224327.84
1546224327.87
1546224327.91
1546224327.94
1546224327.97
1546224328.01
1546224328.04
1546224328.07
1546224328.11
1546224328.14
1546224328.17
1546224328.21
1546224328.24
1546224328.27
1546224328.31
1546224328.34
1546224328.37
1546224328.41
1546224328.44
1546224328.47
1546224328.51
1546224328.54
1546224328.57
1546224328.61
1546224328.64
1546224328.67
1546224328.71
1546224328.74
1546224328.77
1546224328.81
1546224328.84
1546224328.87
1546224328.91
1546224328.94
1546224328.97
1546224329.01
1546224329.04
1546224329.07
1546224329.11
1546224329.14
1546224329.17
1546224329.21
1546224329.24
1546224329.27
1546224329.31
1546224329.34
1546224329.37
1546224329.41
1546224329.44
1546224329.47
1546224329.51
1546224329.54
1546224329.57
1546224329.61
1546224329.64
1546224329.67
1546224329.71
1546224329.74
1546224329.77
1546224329.81
1546224329.84
1546224329.87
1546224329.91
1546224329.94
1546224329.97
1546224330.01
1546224330.04
1546224330.07
1546224330.11
1546224330.14
1546224330.17
1546224330.21
1546224330.24
1546224330.27
1546224330.31
1546224330.34
1546224330.37
1546224330.41
1546224330.44
1546224330.47
1546224330.51
1546224330.54
1546224330.57
1546224330.61
1546224330.64
1546224330.67
1546224330.71
1546224330.74
1546224330.77
1546224330.81
1546224330.84
1546224330.87
1546224330.91
1546224330.94
1546224330.97
1546224331.01
1546224331.04
1546224331.07
1546224331.11
1546224331.14
1546224331.17
1546224331.21
1546224331.24
1546224331.27
1546224331.31
1546224331.34
1546224331.37
1546224331.41
1546224331.44
1546224331.47
1546224331.51
1546224331.54
1546224331.57
1546224331.61
1546224331.64
1546224331.67
1546224331.71
1546224331.74
1546224331.77
1546224331.81
1546224331.84
1546224331.87
1546224331.91
1546224331.94
1546224331.97
1546224332.01
1546224332.04
1546224332.07
1546224332.11
1546224332.14
1546224332.17
1546224332.21
1546224332.24
1546224332.27
1546224332.31
1546224332.34
1546224332.37
1546224332.41
1546224332.44
1546224332.47
1546224332.51
1546224332.54
1546224332.57
1546224332.61
1546224332.64
1546224332.67
1546224332.7
1546224332.74
1546224332.77
1546224332.81
1546224332.84
1546224332.87
1546224332.9
1546224332.94
1546224332.97
1546224333.01
1546224333.04
1546224333.07
1546224333.11
1546224333.14
1546224333.17
1546224333.21
1546224333.24
1546224333.27
1546224333.31
1546224333.34
1546224333.37
1546224333.4
1546224333.44
1546224333.47
1546224333.5
1546224333.54
1546224333.57
1546224333.61
1546224333.64
1546224333.67
1546224333.7
1546224333.74
1546224333.77
1546224333.8
1546224333.84
1546224333.87
1546224333.9
1546224333.94
1546224333.97
1546224334.01
1546224334.04
1546224334.07
1546224334.1
1546224334.14
1546224334.17
1546224334.2
1546224334.24
1546224334.27
1546224334.3
1546224334.34
1546224334.37
1546224334.4
1546224334.44
1546224334.47
1546224334.5
1546224334.54
1546224334.57
1546224334.6
1546224334.64
1546224334.67
1546224334.7
1546224334.74
1546224334.77
1546224334.8
1546224334.84
1546224334.87
1546224334.9
1546224334.94
1546224334.97
1546224335.0
1546224335.04
1546224335.07
1546224335.1
1546224335.13
1546224335.17
1546224335.2
1546224335.24
1546224335.27
1546224335.3
1546224335.34
1546224335.37
1546224335.4
1546224335.44
1546224335.47
1546224335.5
1546224335.54
1546224335.57
1546224335.6
1546224335.64
1546224335.67
1546224335.7
1546224335.73
1546224335.77
1546224335.8
1546224335.84
1546224335.87
1546224335.9
1546224335.94
1546224335.97
1546224336.0
1546224336.04
1546224336.07
1546224336.1
1546224336.14
1546224336.17
1546224336.2
1546224336.24
1546224336.27
1546224336.3
1546224336.34
1546224336.37
1546224336.4
1546224336.43
1546224336.47
1546224336.5
1546224336.54
1546224336.57
1546224336.6
1546224336.64
1546224336.67
1546224336.7
1546224336.74
1546224336.77
1546224336.8
1546224336.84
1546224336.87
1546224336.9
1546224336.94
1546224336.97
1546224337.0
1546224337.04
1546224337.07
1546224337.1
1546224337.14
1546224337.17
1546224337.2
1546224337.23
1546224337.27
1546224337.3
1546224337.34
1546224337.37
1546224337.4
1546224337.44
1546224337.47
1546224337.5
1546224337.54
1546224337.57
1546224337.6
1546224337.63
1546224337.67
