1546151501.6
1546151501.76
1546151501.8
1546151501.83
1546151501.86
1546151501.89
1546151501.93
1546151501.96
1546151501.99
1546151502.03
1546151502.06
1546151502.09
1546151502.13
1546151502.16
1546151502.19
1546151502.23
1546151502.26
1546151502.29
1546151502.33
1546151502.36
1546151502.39
1546151502.43
1546151502.46
1546151502.49
1546151502.53
1546151502.56
1546151502.59
1546151502.63
1546151502.66
1546151502.69
1546151502.73
1546151502.76
1546151502.79
1546151502.83
1546151502.86
1546151502.89
1546151502.93
1546151502.96
1546151502.99
1546151503.03
1546151503.06
1546151503.09
1546151503.13
1546151503.16
1546151503.19
1546151503.22
1546151503.26
1546151503.29
1546151503.33
1546151503.36
1546151503.39
1546151503.43
1546151503.46
1546151503.49
1546151503.53
1546151503.56
1546151503.59
1546151503.63
1546151503.66
1546151503.69
1546151503.73
1546151503.76
1546151503.79
1546151503.83
1546151503.86
1546151503.89
1546151503.93
1546151503.96
1546151503.99
1546151504.03
1546151504.06
1546151504.09
1546151504.13
1546151504.16
1546151504.19
1546151504.23
1546151504.26
1546151504.29
1546151504.33
1546151504.36
1546151504.39
1546151504.43
1546151504.46
1546151504.49
1546151504.53
1546151504.56
1546151504.59
1546151504.63
1546151504.66
1546151504.69
1546151504.73
1546151504.76
1546151504.79
1546151504.83
1546151504.86
1546151504.89
1546151504.93
1546151504.96
1546151504.99
1546151505.03
1546151505.06
1546151505.09
1546151505.13
1546151505.16
1546151505.19
1546151505.23
1546151505.26
1546151505.29
1546151505.33
1546151505.36
1546151505.39
1546151505.43
1546151505.46
1546151505.49
1546151505.53
1546151505.56
1546151505.59
1546151505.63
1546151505.66
1546151505.69
1546151505.73
1546151505.76
1546151505.79
1546151505.83
1546151505.86
1546151505.89
1546151505.93
1546151505.96
1546151505.99
1546151506.03
1546151506.06
1546151506.09
1546151506.12
1546151506.16
1546151506.19
1546151506.22
1546151506.26
1546151506.29
1546151506.33
1546151506.36
1546151506.39
1546151506.42
1546151506.46
1546151506.49
1546151506.53
1546151506.56
1546151506.59
1546151506.62
1546151506.66
1546151506.69
1546151506.72
1546151506.76
1546151506.79
1546151506.83
1546151506.86
1546151506.89
1546151506.92
1546151506.96
1546151506.99
1546151507.02
1546151507.06
1546151507.09
1546151507.12
1546151507.16
1546151507.19
1546151507.22
1546151507.26
1546151507.29
1546151507.32
1546151507.36
1546151507.39
1546151507.42
1546151507.46
1546151507.49
1546151507.52
1546151507.56
1546151507.59
1546151507.62
1546151507.66
1546151507.69
1546151507.72
1546151507.76
1546151507.79
1546151507.82
1546151507.86
1546151507.89
1546151507.92
1546151507.96
1546151507.99
1546151508.02
1546151508.06
1546151508.09
1546151508.12
1546151508.16
1546151508.19
1546151508.22
1546151508.26
1546151508.29
1546151508.32
1546151508.36
1546151508.39
1546151508.42
1546151508.45
1546151508.49
1546151508.52
1546151508.56
1546151508.59
1546151508.62
1546151508.66
1546151508.69
1546151508.72
1546151508.76
1546151508.79
1546151508.82
1546151508.86
1546151508.89
1546151508.92
1546151508.96
1546151508.99
1546151509.02
1546151509.06
1546151509.09
1546151509.12
1546151509.16
1546151509.19
1546151509.22
1546151509.26
1546151509.29
1546151509.32
1546151509.36
1546151509.39
1546151509.42
1546151509.46
1546151509.49
1546151509.52
1546151509.56
1546151509.59
1546151509.62
1546151509.66
1546151509.69
1546151509.72
1546151509.76
1546151509.79
1546151509.82
1546151509.86
1546151509.89
1546151509.92
1546151509.96
1546151509.99
1546151510.02
1546151510.06
1546151510.09
1546151510.12
1546151510.16
1546151510.19
1546151510.22
1546151510.26
1546151510.29
1546151510.32
1546151510.36
1546151510.39
1546151510.42
1546151510.46
1546151510.49
1546151510.52
1546151510.56
1546151510.59
1546151510.62
1546151510.66
1546151510.69
1546151510.72
1546151510.76
1546151510.79
1546151510.83
1546151510.86
1546151510.89
1546151510.92
1546151510.96
1546151510.99
1546151511.02
1546151511.06
1546151511.09
1546151511.12
1546151511.16
1546151511.19
1546151511.22
1546151511.26
1546151511.29
1546151511.33
1546151511.36
1546151511.39
1546151511.43
1546151511.46
1546151511.49
1546151511.53
1546151511.56
1546151511.59
1546151511.63
1546151511.66
1546151511.69
1546151511.73
1546151511.76
1546151511.79
1546151511.83
1546151511.86
1546151511.89
1546151511.93
1546151511.96
1546151511.99
1546151512.03
1546151512.06
1546151512.09
1546151512.13
1546151512.16
1546151512.19
1546151512.23
1546151512.26
1546151512.29
1546151512.33
1546151512.36
1546151512.39
1546151512.43
1546151512.46
1546151512.49
1546151512.53
1546151512.56
1546151512.59
1546151512.63
1546151512.66
1546151512.69
1546151512.73
1546151512.76
1546151512.8
1546151512.83
1546151512.86
1546151512.89
1546151512.93
1546151512.96
1546151513.0
1546151513.03
1546151513.06
1546151513.1
1546151513.13
1546151513.16
1546151513.2
1546151513.23
1546151513.26
1546151513.3
1546151513.33
1546151513.36
1546151513.4
1546151513.43
1546151513.46
1546151513.49
1546151513.53
1546151513.56
1546151513.6
1546151513.63
1546151513.66
1546151513.7
1546151513.73
1546151513.76
1546151513.8
1546151513.83
1546151513.86
1546151513.9
1546151513.93
1546151513.96
1546151514.0
1546151514.03
1546151514.06
1546151514.1
1546151514.13
1546151514.16
1546151514.2
1546151514.23
1546151514.26
1546151514.3
1546151514.33
1546151514.36
1546151514.4
1546151514.43
1546151514.46
1546151514.5
1546151514.53
1546151514.57
1546151514.6
1546151514.63
1546151514.66
1546151514.69
1546151514.72
1546151514.76
1546151514.79
1546151514.82
1546151514.86
1546151514.89
1546151514.92
1546151514.96
1546151514.99
1546151515.02
1546151515.06
1546151515.09
1546151515.12
1546151515.16
1546151515.19
1546151515.22
1546151515.26
1546151515.29
1546151515.32
1546151515.36
1546151515.39
1546151515.42
1546151515.46
1546151515.49
1546151515.52
1546151515.56
1546151515.59
1546151515.62
1546151515.66
1546151515.69
1546151515.72
1546151515.76
1546151515.79
1546151515.82
1546151515.86
1546151515.89
1546151515.92
1546151515.95
1546151515.99
1546151516.02
1546151516.06
1546151516.09
1546151516.12
1546151516.16
1546151516.19
1546151516.22
1546151516.26
1546151516.29
1546151516.32
1546151516.36
1546151516.39
1546151516.42
1546151516.46
1546151516.49
1546151516.52
1546151516.56
1546151516.59
1546151516.62
1546151516.65
1546151516.69
1546151516.72
1546151516.76
1546151516.79
1546151516.82
1546151516.86
1546151516.89
1546151516.92
1546151516.95
1546151516.99
1546151517.02
1546151517.06
1546151517.09
1546151517.12
1546151517.15
1546151517.19
1546151517.22
1546151517.25
1546151517.29
1546151517.32
1546151517.35
1546151517.39
1546151517.42
1546151517.45
1546151517.49
1546151517.52
1546151517.55
1546151517.59
1546151517.62
1546151517.65
1546151517.69
1546151517.72
1546151517.75
1546151517.79
1546151517.82
1546151517.85
1546151517.89
1546151517.92
1546151517.95
1546151517.99
1546151518.02
1546151518.05
1546151518.09
1546151518.12
1546151518.15
1546151518.19
1546151518.22
1546151518.25
1546151518.29
1546151518.32
1546151518.35
1546151518.39
1546151518.42
1546151518.45
1546151518.49
1546151518.52
1546151518.55
1546151518.59
1546151518.62
1546151518.65
1546151518.69
1546151518.72
1546151518.75
1546151518.79
1546151518.82
1546151518.85
1546151518.89
1546151518.92
1546151518.95
1546151518.99
1546151519.02
1546151519.06
1546151519.09
1546151519.12
1546151519.15
1546151519.19
1546151519.22
1546151519.26
1546151519.29
1546151519.32
1546151519.36
1546151519.39
1546151519.42
1546151519.45
1546151519.49
1546151519.52
1546151519.55
1546151519.59
1546151519.62
1546151519.65
1546151519.69
1546151519.72
1546151519.75
1546151519.79
1546151519.82
1546151519.85
1546151519.89
1546151519.92
1546151519.95
1546151519.99
1546151520.02
1546151520.06
1546151520.09
1546151520.12
1546151520.15
1546151520.19
1546151520.22
1546151520.25
1546151520.29
1546151520.32
1546151520.35
1546151520.39
1546151520.42
1546151520.45
1546151520.49
1546151520.52
1546151520.56
1546151520.59
1546151520.62
1546151520.65
1546151520.69
1546151520.72
1546151520.76
1546151520.79
1546151520.82
1546151520.86
1546151520.89
1546151520.92
1546151520.95
1546151520.99
1546151521.02
1546151521.06
1546151521.09
1546151521.12
1546151521.15
1546151521.19
1546151521.22
1546151521.25
1546151521.29
1546151521.32
1546151521.36
1546151521.39
1546151521.42
1546151521.45
1546151521.49
1546151521.52
1546151521.56
1546151521.59
1546151521.62
1546151521.65
1546151521.69
1546151521.72
1546151521.75
1546151521.79
1546151521.82
1546151521.85
1546151521.89
1546151521.92
1546151521.95
1546151521.99
1546151522.02
1546151522.05
1546151522.09
1546151522.12
1546151522.15
1546151522.19
1546151522.22
1546151522.25
1546151522.29
1546151522.32
1546151522.35
1546151522.39
1546151522.42
1546151522.45
1546151522.49
1546151522.52
1546151522.55
1546151522.59
1546151522.62
1546151522.65
1546151522.69
1546151522.72
1546151522.75
1546151522.79
1546151522.82
1546151522.85
1546151522.89
1546151522.92
1546151522.95
1546151522.99
1546151523.02
1546151523.05
1546151523.09
1546151523.12
1546151523.15
1546151523.19
1546151523.22
1546151523.25
1546151523.29
1546151523.32
1546151523.35
1546151523.39
1546151523.42
1546151523.45
1546151523.49
1546151523.52
1546151523.55
1546151523.59
1546151523.62
1546151523.65
1546151523.69
1546151523.72
1546151523.75
1546151523.79
1546151523.82
1546151523.85
1546151523.88
1546151523.92
1546151523.95
1546151523.99
1546151524.02
1546151524.05
1546151524.09
1546151524.12
1546151524.15
1546151524.19
1546151524.22
1546151524.25
1546151524.29
1546151524.32
1546151524.35
1546151524.38
1546151524.42
1546151524.45
1546151524.49
1546151524.52
1546151524.55
1546151524.58
1546151524.62
1546151524.65
1546151524.68
1546151524.72
1546151524.75
1546151524.78
1546151524.82
1546151524.85
1546151524.88
1546151524.92
1546151524.95
1546151524.98
1546151525.02
1546151525.05
1546151525.08
1546151525.12
1546151525.15
1546151525.18
1546151525.22
1546151525.25
1546151525.28
1546151525.32
1546151525.35
1546151525.38
1546151525.42
1546151525.45
1546151525.48
1546151525.52
1546151525.55
1546151525.58
1546151525.62
1546151525.65
1546151525.68
1546151525.72
1546151525.75
1546151525.78
1546151525.82
1546151525.85
1546151525.88
1546151525.92
1546151525.95
1546151525.98
1546151526.02
1546151526.05
1546151526.08
1546151526.12
1546151526.15
1546151526.18
1546151526.22
1546151526.25
1546151526.28
1546151526.32
1546151526.35
1546151526.38
1546151526.42
1546151526.45
1546151526.48
1546151526.52
1546151526.55
1546151526.58
1546151526.62
1546151526.65
1546151526.68
1546151526.72
1546151526.75
1546151526.78
1546151526.82
1546151526.85
1546151526.88
1546151526.91
1546151526.95
1546151526.98
1546151527.02
1546151527.05
1546151527.08
1546151527.11
1546151527.15
1546151527.18
1546151527.21
1546151527.25
1546151527.28
1546151527.31
1546151527.35
1546151527.38
1546151527.41
1546151527.45
1546151527.48
1546151527.51
1546151527.55
1546151527.58
1546151527.61
1546151527.65
1546151527.68
1546151527.71
1546151527.75
1546151527.78
1546151527.81
1546151527.85
1546151527.88
1546151527.91
1546151527.95
1546151527.98
1546151528.02
1546151528.05
1546151528.08
1546151528.12
1546151528.15
1546151528.18
1546151528.22
1546151528.25
1546151528.28
1546151528.32
1546151528.35
1546151528.38
1546151528.42
1546151528.45
1546151528.48
1546151528.52
1546151528.55
1546151528.58
1546151528.62
1546151528.65
1546151528.68
1546151528.72
1546151528.75
1546151528.78
1546151528.82
1546151528.85
1546151528.88
1546151528.92
1546151528.95
1546151528.98
1546151529.02
1546151529.05
1546151529.08
1546151529.12
1546151529.15
1546151529.18
1546151529.22
1546151529.25
1546151529.28
1546151529.32
1546151529.35
1546151529.38
1546151529.41
1546151529.45
1546151529.48
1546151529.52
1546151529.55
1546151529.58
1546151529.61
1546151529.65
1546151529.68
1546151529.71
1546151529.75
1546151529.78
1546151529.82
1546151529.85
1546151529.88
1546151529.91
1546151529.95
1546151529.98
1546151530.01
1546151530.05
1546151530.08
1546151530.11
1546151530.15
1546151530.18
1546151530.21
1546151530.25
1546151530.28
1546151530.32
1546151530.35
1546151530.38
1546151530.41
1546151530.45
1546151530.48
1546151530.51
1546151530.55
1546151530.58
1546151530.61
1546151530.65
1546151530.68
1546151530.71
1546151530.75
1546151530.78
1546151530.82
1546151530.85
1546151530.88
1546151530.91
1546151530.95
1546151530.98
1546151531.01
1546151531.05
1546151531.08
1546151531.12
1546151531.15
1546151531.18
1546151531.21
1546151531.25
1546151531.28
1546151531.32
1546151531.35
1546151531.38
1546151531.41
1546151531.45
1546151531.48
1546151531.52
1546151531.55
1546151531.58
1546151531.61
1546151531.65
1546151531.68
1546151531.71
1546151531.75
1546151531.78
1546151531.81
1546151531.85
1546151531.88
1546151531.91
1546151531.95
1546151531.98
1546151532.01
1546151532.05
1546151532.08
1546151532.11
1546151532.15
1546151532.18
1546151532.21
1546151532.25
1546151532.28
1546151532.31
1546151532.35
1546151532.38
1546151532.41
1546151532.45
1546151532.48
1546151532.51
1546151532.55
1546151532.58
1546151532.62
1546151532.65
1546151532.68
1546151532.71
1546151532.75
1546151532.78
1546151532.82
1546151532.85
1546151532.88
1546151532.91
1546151532.95
1546151532.98
1546151533.02
1546151533.05
1546151533.08
1546151533.11
1546151533.15
1546151533.18
1546151533.21
1546151533.25
1546151533.28
1546151533.31
1546151533.35
1546151533.38
1546151533.41
1546151533.45
1546151533.48
1546151533.51
1546151533.55
1546151533.58
1546151533.61
1546151533.65
1546151533.68
1546151533.71
1546151533.75
1546151533.78
1546151533.81
1546151533.85
1546151533.88
1546151533.91
1546151533.95
1546151533.98
1546151534.01
1546151534.05
1546151534.08
1546151534.11
1546151534.15
1546151534.18
1546151534.21
1546151534.25
1546151534.28
1546151534.31
1546151534.35
1546151534.38
1546151534.41
1546151534.45
1546151534.48
1546151534.52
1546151534.55
1546151534.58
1546151534.62
1546151534.65
1546151534.68
1546151534.71
1546151534.75
1546151534.78
1546151534.82
1546151534.85
1546151534.88
1546151534.91
1546151534.95
1546151534.98
1546151535.02
1546151535.05
1546151535.08
1546151535.12
1546151535.15
1546151535.18
1546151535.21
1546151535.25
1546151535.28
1546151535.32
1546151535.35
1546151535.38
1546151535.41
1546151535.45
1546151535.48
1546151535.52
1546151535.55
1546151535.58
1546151535.62
1546151535.65
1546151535.68
1546151535.72
1546151535.75
1546151535.78
1546151535.82
1546151535.85
1546151535.88
1546151535.92
1546151535.95
1546151535.98
1546151536.02
1546151536.05
1546151536.08
1546151536.12
1546151536.15
1546151536.18
1546151536.22
1546151536.25
1546151536.28
1546151536.32
1546151536.35
1546151536.38
1546151536.42
1546151536.45
1546151536.48
1546151536.52
1546151536.55
1546151536.58
1546151536.62
1546151536.65
1546151536.68
1546151536.72
1546151536.75
1546151536.78
1546151536.82
1546151536.85
1546151536.88
1546151536.92
1546151536.95
1546151536.98
1546151537.02
1546151537.05
1546151537.09
1546151537.12
1546151537.15
1546151537.18
1546151537.22
1546151537.25
1546151537.28
1546151537.32
1546151537.35
1546151537.38
1546151537.42
1546151537.45
1546151537.48
1546151537.52
1546151537.55
1546151537.59
1546151537.62
1546151537.65
1546151537.68
1546151537.72
1546151537.75
1546151537.78
1546151537.82
1546151537.85
1546151537.88
1546151537.92
1546151537.95
1546151537.98
1546151538.02
1546151538.05
1546151538.09
1546151538.12
1546151538.15
1546151538.18
1546151538.22
1546151538.25
1546151538.29
1546151538.32
1546151538.35
1546151538.39
1546151538.42
1546151538.45
1546151538.49
1546151538.52
1546151538.55
1546151538.59
1546151538.62
1546151538.65
1546151538.69
1546151538.72
1546151538.75
1546151538.79
1546151538.82
1546151538.85
1546151538.89
1546151538.92
1546151538.95
1546151538.99
1546151539.02
1546151539.06
1546151539.08
1546151539.11
1546151539.15
1546151539.18
1546151539.21
1546151539.25
1546151539.28
1546151539.31
1546151539.35
1546151539.38
1546151539.41
1546151539.45
1546151539.48
1546151539.51
1546151539.55
1546151539.58
1546151539.61
1546151539.65
1546151539.68
1546151539.71
1546151539.75
1546151539.78
1546151539.81
1546151539.85
1546151539.88
1546151539.91
1546151539.95
1546151539.98
1546151540.02
1546151540.05
1546151540.08
1546151540.12
1546151540.15
1546151540.18
1546151540.21
1546151540.25
1546151540.28
1546151540.31
1546151540.35
1546151540.38
1546151540.41
1546151540.45
1546151540.48
1546151540.52
1546151540.55
1546151540.58
1546151540.62
1546151540.65
1546151540.68
1546151540.71
1546151540.75
1546151540.78
1546151540.82
1546151540.85
1546151540.88
1546151540.91
1546151540.95
1546151540.98
1546151541.02
1546151541.05
1546151541.08
1546151541.12
1546151541.15
1546151541.18
1546151541.21
1546151541.25
1546151541.28
1546151541.32
1546151541.35
1546151541.38
1546151541.41
1546151541.45
1546151541.48
1546151541.52
1546151541.55
1546151541.58
1546151541.62
1546151541.65
1546151541.68
1546151541.72
1546151541.75
1546151541.78
1546151541.82
1546151541.85
1546151541.88
1546151541.92
1546151541.95
1546151541.98
1546151542.02
1546151542.05
1546151542.08
1546151542.12
1546151542.15
1546151542.18
1546151542.22
1546151542.25
1546151542.28
1546151542.32
1546151542.35
1546151542.38
1546151542.42
1546151542.45
1546151542.48
1546151542.52
1546151542.55
1546151542.58
1546151542.62
1546151542.65
1546151542.68
1546151542.72
1546151542.75
1546151542.78
1546151542.82
1546151542.85
1546151542.88
1546151542.92
1546151542.95
1546151542.98
1546151543.02
1546151543.05
1546151543.08
1546151543.12
1546151543.15
1546151543.18
1546151543.22
1546151543.25
1546151543.28
1546151543.32
1546151543.35
1546151543.38
1546151543.42
1546151543.45
1546151543.48
1546151543.52
1546151543.55
1546151543.58
1546151543.62
1546151543.65
1546151543.68
1546151543.72
1546151543.75
1546151543.78
1546151543.82
1546151543.85
1546151543.88
1546151543.91
1546151543.95
1546151543.98
1546151544.02
1546151544.05
1546151544.08
1546151544.12
1546151544.15
1546151544.18
1546151544.21
1546151544.25
1546151544.28
1546151544.31
1546151544.35
1546151544.38
1546151544.41
1546151544.45
1546151544.48
1546151544.51
1546151544.55
1546151544.58
1546151544.62
1546151544.65
1546151544.68
1546151544.71
1546151544.75
1546151544.78
1546151544.82
1546151544.85
1546151544.88
1546151544.91
1546151544.95
1546151544.98
1546151545.01
1546151545.05
1546151545.08
1546151545.11
1546151545.15
1546151545.18
1546151545.21
1546151545.25
1546151545.28
1546151545.32
1546151545.35
1546151545.38
1546151545.41
1546151545.45
1546151545.48
1546151545.52
1546151545.55
1546151545.58
1546151545.62
1546151545.65
1546151545.68
1546151545.71
1546151545.75
1546151545.78
1546151545.82
1546151545.85
1546151545.88
1546151545.92
1546151545.95
1546151545.98
1546151546.02
1546151546.05
1546151546.08
1546151546.12
1546151546.15
1546151546.18
1546151546.22
1546151546.25
1546151546.28
1546151546.32
1546151546.35
1546151546.38
1546151546.42
1546151546.45
1546151546.48
1546151546.52
1546151546.55
1546151546.58
1546151546.62
1546151546.65
1546151546.68
1546151546.71
1546151546.75
1546151546.78
1546151546.82
1546151546.85
1546151546.88
1546151546.91
1546151546.95
1546151546.98
1546151547.02
1546151547.05
1546151547.08
1546151547.12
1546151547.15
1546151547.18
1546151547.21
1546151547.25
1546151547.28
1546151547.31
1546151547.35
1546151547.38
1546151547.41
1546151547.45
1546151547.48
1546151547.52
1546151547.55
1546151547.58
1546151547.62
1546151547.65
1546151547.68
1546151547.71
1546151547.75
1546151547.78
1546151547.82
1546151547.85
1546151547.88
1546151547.91
1546151547.95
1546151547.98
1546151548.02
1546151548.05
1546151548.08
1546151548.12
1546151548.15
1546151548.18
1546151548.21
1546151548.25
1546151548.28
1546151548.32
1546151548.35
1546151548.38
1546151548.41
1546151548.45
1546151548.48
1546151548.52
1546151548.55
1546151548.58
1546151548.62
1546151548.65
1546151548.68
1546151548.71
1546151548.75
1546151548.78
1546151548.81
1546151548.85
1546151548.88
1546151548.91
1546151548.95
1546151548.98
1546151549.01
1546151549.05
1546151549.08
1546151549.11
1546151549.15
1546151549.18
1546151549.21
1546151549.25
1546151549.28
1546151549.31
1546151549.35
1546151549.38
1546151549.41
1546151549.45
1546151549.48
1546151549.51
1546151549.55
1546151549.58
1546151549.61
1546151549.65
1546151549.68
1546151549.71
1546151549.75
1546151549.78
1546151549.81
1546151549.85
1546151549.88
1546151549.91
1546151549.95
1546151549.98
1546151550.01
1546151550.05
1546151550.08
1546151550.11
1546151550.15
1546151550.18
1546151550.21
1546151550.25
1546151550.28
1546151550.31
1546151550.35
1546151550.38
1546151550.41
1546151550.45
1546151550.48
1546151550.51
1546151550.55
1546151550.58
1546151550.61
1546151550.65
1546151550.68
1546151550.71
1546151550.75
1546151550.78
1546151550.81
1546151550.85
1546151550.88
1546151550.91
1546151550.95
1546151550.98
1546151551.01
1546151551.05
1546151551.08
1546151551.11
1546151551.15
1546151551.18
1546151551.21
1546151551.25
1546151551.28
1546151551.31
1546151551.35
1546151551.38
1546151551.41
1546151551.45
1546151551.48
1546151551.51
1546151551.55
1546151551.58
1546151551.61
1546151551.65
1546151551.68
1546151551.71
1546151551.75
1546151551.78
1546151551.81
1546151551.85
1546151551.88
1546151551.91
1546151551.95
1546151551.98
1546151552.01
1546151552.05
1546151552.08
1546151552.11
1546151552.15
1546151552.18
1546151552.21
1546151552.25
1546151552.28
1546151552.31
1546151552.35
1546151552.38
1546151552.41
1546151552.45
1546151552.48
1546151552.51
1546151552.55
1546151552.58
1546151552.61
1546151552.65
1546151552.68
1546151552.71
1546151552.75
1546151552.78
1546151552.81
1546151552.85
1546151552.88
1546151552.91
1546151552.95
1546151552.98
1546151553.01
1546151553.05
1546151553.08
1546151553.11
1546151553.15
1546151553.18
1546151553.21
1546151553.25
1546151553.28
1546151553.31
1546151553.35
1546151553.38
1546151553.41
1546151553.45
1546151553.48
1546151553.51
1546151553.55
1546151553.58
1546151553.61
1546151553.65
1546151553.68
1546151553.71
1546151553.75
1546151553.78
1546151553.81
1546151553.85
1546151553.88
1546151553.91
1546151553.95
1546151553.98
1546151554.01
1546151554.05
1546151554.08
1546151554.11
1546151554.15
1546151554.18
1546151554.21
1546151554.25
1546151554.28
1546151554.31
1546151554.35
1546151554.38
1546151554.41
1546151554.45
1546151554.48
1546151554.51
1546151554.55
1546151554.58
1546151554.61
1546151554.65
1546151554.68
1546151554.71
1546151554.75
1546151554.78
1546151554.81
1546151554.85
1546151554.88
1546151554.91
1546151554.95
1546151554.98
1546151555.01
1546151555.05
1546151555.08
1546151555.11
1546151555.15
1546151555.18
1546151555.21
1546151555.24
1546151555.28
1546151555.31
1546151555.35
1546151555.38
1546151555.41
1546151555.44
1546151555.48
1546151555.51
1546151555.55
1546151555.58
1546151555.61
1546151555.65
1546151555.68
1546151555.71
1546151555.74
1546151555.78
1546151555.81
1546151555.85
1546151555.88
1546151555.91
1546151555.94
1546151555.98
1546151556.01
1546151556.05
1546151556.08
1546151556.11
1546151556.15
1546151556.18
1546151556.21
1546151556.25
1546151556.28
1546151556.31
1546151556.35
1546151556.38
1546151556.41
1546151556.45
1546151556.48
1546151556.51
1546151556.55
1546151556.58
1546151556.61
1546151556.65
1546151556.68
1546151556.71
1546151556.75
1546151556.78
1546151556.81
1546151556.85
1546151556.88
1546151556.91
1546151556.95
1546151556.98
1546151557.02
1546151557.05
1546151557.08
1546151557.11
1546151557.14
1546151557.18
1546151557.21
1546151557.25
1546151557.28
1546151557.31
1546151557.35
1546151557.38
1546151557.41
1546151557.45
1546151557.48
1546151557.51
1546151557.55
1546151557.58
1546151557.61
1546151557.64
1546151557.68
1546151557.71
1546151557.75
1546151557.78
1546151557.81
1546151557.85
1546151557.88
1546151557.91
1546151557.94
1546151557.98
1546151558.01
1546151558.05
1546151558.08
1546151558.11
1546151558.15
1546151558.18
1546151558.21
1546151558.25
1546151558.28
1546151558.31
1546151558.35
1546151558.38
1546151558.41
1546151558.45
1546151558.48
1546151558.51
1546151558.55
1546151558.58
1546151558.61
1546151558.65
1546151558.68
1546151558.71
1546151558.75
1546151558.78
1546151558.82
1546151558.85
1546151558.88
1546151558.91
1546151558.95
1546151558.98
1546151559.01
1546151559.05
1546151559.08
1546151559.12
1546151559.15
1546151559.18
1546151559.21
1546151559.25
1546151559.28
1546151559.31
1546151559.35
1546151559.38
1546151559.41
1546151559.45
1546151559.48
1546151559.52
1546151559.55
1546151559.58
1546151559.62
1546151559.65
1546151559.68
1546151559.71
1546151559.75
1546151559.78
1546151559.81
1546151559.85
1546151559.88
1546151559.91
1546151559.95
1546151559.98
1546151560.02
1546151560.05
1546151560.08
1546151560.12
1546151560.15
1546151560.18
1546151560.21
1546151560.25
1546151560.28
1546151560.32
1546151560.35
1546151560.38
1546151560.41
1546151560.45
1546151560.48
1546151560.52
1546151560.55
1546151560.58
1546151560.61
1546151560.65
1546151560.68
1546151560.71
1546151560.75
1546151560.78
1546151560.81
1546151560.85
1546151560.88
1546151560.91
1546151560.95
1546151560.98
1546151561.02
1546151561.05
1546151561.08
1546151561.12
1546151561.15
1546151561.18
1546151561.21
1546151561.25
1546151561.28
1546151561.32
1546151561.35
1546151561.38
1546151561.41
1546151561.45
1546151561.48
1546151561.52
1546151561.55
1546151561.58
1546151561.62
1546151561.65
1546151561.68
1546151561.71
1546151561.75
1546151561.78
1546151561.82
1546151561.85
1546151561.88
1546151561.91
1546151561.95
1546151561.98
1546151562.02
1546151562.05
1546151562.08
1546151562.12
1546151562.15
1546151562.18
1546151562.22
1546151562.25
1546151562.29
1546151562.32
1546151562.35
1546151562.38
1546151562.42
1546151562.45
1546151562.48
1546151562.52
1546151562.55
1546151562.59
1546151562.62
1546151562.65
1546151562.68
1546151562.72
1546151562.75
1546151562.78
1546151562.82
1546151562.85
1546151562.88
1546151562.92
1546151562.95
1546151562.98
1546151563.02
1546151563.05
1546151563.09
1546151563.12
1546151563.15
1546151563.19
1546151563.22
1546151563.25
1546151563.28
1546151563.31
1546151563.35
1546151563.38
1546151563.41
1546151563.44
1546151563.48
1546151563.51
1546151563.55
1546151563.58
1546151563.61
1546151563.64
1546151563.68
1546151563.71
1546151563.74
1546151563.78
1546151563.81
1546151563.85
1546151563.88
1546151563.91
1546151563.94
1546151563.98
1546151564.01
1546151564.05
1546151564.08
1546151564.11
1546151564.14
1546151564.18
1546151564.21
1546151564.24
1546151564.28
1546151564.31
1546151564.35
1546151564.38
1546151564.41
1546151564.44
1546151564.48
1546151564.51
1546151564.54
1546151564.58
1546151564.61
1546151564.64
1546151564.68
1546151564.71
1546151564.74
1546151564.78
1546151564.81
1546151564.84
1546151564.88
1546151564.91
1546151564.94
1546151564.98
1546151565.01
1546151565.04
1546151565.08
1546151565.11
1546151565.14
1546151565.18
1546151565.21
1546151565.24
1546151565.28
1546151565.31
1546151565.34
1546151565.38
1546151565.41
1546151565.44
1546151565.48
1546151565.51
1546151565.55
1546151565.58
1546151565.61
1546151565.64
1546151565.68
1546151565.71
1546151565.74
1546151565.78
1546151565.81
1546151565.85
1546151565.88
1546151565.91
1546151565.94
1546151565.98
1546151566.01
1546151566.04
1546151566.08
1546151566.11
1546151566.14
1546151566.18
1546151566.21
1546151566.24
1546151566.28
1546151566.31
1546151566.35
1546151566.38
1546151566.41
1546151566.44
1546151566.48
1546151566.51
1546151566.55
1546151566.58
1546151566.61
1546151566.64
1546151566.68
1546151566.71
1546151566.74
1546151566.78
1546151566.81
1546151566.85
1546151566.88
1546151566.91
1546151566.94
1546151566.98
1546151567.01
1546151567.04
1546151567.08
1546151567.11
1546151567.14
1546151567.18
1546151567.21
1546151567.24
1546151567.28
1546151567.31
1546151567.34
1546151567.38
1546151567.41
1546151567.44
1546151567.48
1546151567.51
1546151567.54
1546151567.58
1546151567.61
1546151567.64
1546151567.68
1546151567.71
1546151567.74
1546151567.78
1546151567.81
1546151567.84
1546151567.88
1546151567.91
1546151567.94
1546151567.98
1546151568.01
1546151568.04
1546151568.08
1546151568.11
1546151568.14
1546151568.18
1546151568.21
1546151568.24
1546151568.28
1546151568.31
1546151568.34
1546151568.38
1546151568.41
1546151568.44
1546151568.48
1546151568.51
1546151568.54
1546151568.58
1546151568.61
1546151568.64
1546151568.67
1546151568.71
1546151568.74
1546151568.78
1546151568.81
1546151568.84
1546151568.88
1546151568.91
1546151568.94
1546151568.97
1546151569.01
1546151569.04
1546151569.08
1546151569.11
1546151569.14
1546151569.17
1546151569.21
1546151569.24
1546151569.28
1546151569.31
1546151569.34
1546151569.38
1546151569.41
1546151569.44
1546151569.47
1546151569.51
1546151569.54
1546151569.58
1546151569.61
1546151569.64
1546151569.67
1546151569.71
1546151569.74
1546151569.78
1546151569.81
1546151569.84
1546151569.88
1546151569.91
1546151569.94
1546151569.98
1546151570.01
1546151570.04
1546151570.08
1546151570.11
1546151570.14
1546151570.18
1546151570.21
1546151570.24
1546151570.28
1546151570.31
1546151570.34
1546151570.38
1546151570.41
1546151570.44
1546151570.48
1546151570.51
1546151570.54
1546151570.58
1546151570.61
1546151570.64
1546151570.67
1546151570.71
1546151570.74
1546151570.78
1546151570.81
1546151570.84
1546151570.88
1546151570.91
1546151570.94
1546151570.97
1546151571.01
1546151571.04
1546151571.07
1546151571.11
1546151571.14
1546151571.17
1546151571.21
1546151571.24
1546151571.27
1546151571.31
1546151571.34
1546151571.38
1546151571.41
1546151571.44
1546151571.47
1546151571.51
1546151571.54
1546151571.58
1546151571.61
1546151571.64
1546151571.67
1546151571.71
1546151571.74
1546151571.78
1546151571.81
1546151571.84
1546151571.88
1546151571.91
1546151571.94
1546151571.98
1546151572.01
1546151572.04
1546151572.08
1546151572.11
1546151572.14
1546151572.18
1546151572.21
1546151572.24
1546151572.28
1546151572.31
1546151572.34
1546151572.38
1546151572.41
1546151572.44
1546151572.47
1546151572.51
1546151572.54
1546151572.58
1546151572.61
1546151572.64
1546151572.68
1546151572.71
1546151572.74
1546151572.78
1546151572.81
1546151572.84
1546151572.88
1546151572.91
1546151572.94
1546151572.97
1546151573.01
1546151573.04
1546151573.08
1546151573.11
1546151573.14
1546151573.18
1546151573.21
1546151573.24
1546151573.28
1546151573.31
1546151573.34
1546151573.38
1546151573.41
1546151573.44
1546151573.47
1546151573.51
1546151573.54
1546151573.58
1546151573.61
1546151573.64
1546151573.68
1546151573.71
1546151573.74
1546151573.78
1546151573.81
1546151573.84
1546151573.88
1546151573.91
1546151573.94
1546151573.98
1546151574.01
1546151574.04
1546151574.08
1546151574.11
1546151574.14
1546151574.18
1546151574.21
1546151574.24
1546151574.28
1546151574.31
1546151574.34
1546151574.38
1546151574.41
1546151574.44
1546151574.48
1546151574.51
1546151574.54
1546151574.58
1546151574.61
1546151574.64
1546151574.68
1546151574.71
1546151574.74
1546151574.78
1546151574.81
1546151574.84
1546151574.88
1546151574.91
1546151574.94
1546151574.98
1546151575.01
1546151575.04
1546151575.08
1546151575.11
1546151575.14
1546151575.18
1546151575.21
1546151575.24
1546151575.28
1546151575.31
1546151575.34
1546151575.38
1546151575.41
1546151575.44
1546151575.48
1546151575.51
1546151575.54
1546151575.58
1546151575.61
1546151575.64
1546151575.68
1546151575.71
1546151575.74
1546151575.78
1546151575.81
1546151575.84
1546151575.88
1546151575.91
1546151575.94
1546151575.98
1546151576.01
1546151576.04
1546151576.08
1546151576.11
1546151576.14
1546151576.18
1546151576.21
1546151576.24
1546151576.28
1546151576.31
1546151576.34
1546151576.38
1546151576.41
1546151576.44
1546151576.48
1546151576.51
1546151576.54
1546151576.58
1546151576.61
1546151576.64
1546151576.68
1546151576.71
1546151576.74
1546151576.78
1546151576.81
1546151576.84
1546151576.88
1546151576.91
1546151576.94
1546151576.97
1546151577.01
1546151577.04
1546151577.08
1546151577.11
1546151577.14
1546151577.18
1546151577.21
1546151577.24
1546151577.28
1546151577.31
1546151577.34
1546151577.38
1546151577.41
1546151577.44
1546151577.48
1546151577.51
1546151577.54
1546151577.58
1546151577.61
1546151577.64
1546151577.68
1546151577.71
1546151577.74
1546151577.78
1546151577.81
1546151577.84
1546151577.88
1546151577.91
1546151577.94
1546151577.97
1546151578.01
1546151578.04
1546151578.08
1546151578.11
1546151578.14
1546151578.17
1546151578.21
1546151578.24
1546151578.28
1546151578.31
1546151578.34
1546151578.38
1546151578.41
1546151578.44
1546151578.47
1546151578.51
1546151578.54
1546151578.58
1546151578.61
1546151578.64
1546151578.68
1546151578.71
1546151578.74
1546151578.78
1546151578.81
1546151578.84
1546151578.88
1546151578.91
1546151578.94
1546151578.97
1546151579.01
1546151579.04
1546151579.08
1546151579.11
1546151579.14
1546151579.17
1546151579.21
1546151579.24
1546151579.27
1546151579.31
1546151579.34
1546151579.37
1546151579.41
1546151579.44
1546151579.47
1546151579.51
1546151579.54
1546151579.57
1546151579.61
1546151579.64
1546151579.67
1546151579.71
1546151579.74
1546151579.78
1546151579.81
1546151579.84
1546151579.88
1546151579.91
1546151579.94
1546151579.97
1546151580.01
1546151580.04
1546151580.07
1546151580.11
1546151580.14
1546151580.17
1546151580.21
1546151580.24
1546151580.28
1546151580.31
1546151580.34
1546151580.38
1546151580.41
1546151580.44
1546151580.47
1546151580.51
1546151580.54
1546151580.58
1546151580.61
1546151580.64
1546151580.68
1546151580.71
1546151580.74
1546151580.78
1546151580.81
1546151580.84
1546151580.88
1546151580.91
1546151580.94
1546151580.98
1546151581.01
1546151581.04
1546151581.08
1546151581.11
1546151581.14
1546151581.18
1546151581.21
1546151581.24
1546151581.28
1546151581.31
1546151581.34
1546151581.38
1546151581.41
1546151581.44
1546151581.48
1546151581.51
1546151581.54
1546151581.58
1546151581.61
1546151581.64
1546151581.68
1546151581.71
1546151581.74
1546151581.78
1546151581.81
1546151581.84
1546151581.88
1546151581.91
1546151581.94
1546151581.98
1546151582.01
1546151582.04
1546151582.08
1546151582.11
1546151582.14
1546151582.18
1546151582.21
1546151582.24
1546151582.28
1546151582.31
1546151582.34
1546151582.38
1546151582.41
1546151582.44
1546151582.48
1546151582.51
1546151582.55
1546151582.58
1546151582.61
1546151582.64
1546151582.68
1546151582.71
1546151582.74
1546151582.78
1546151582.81
1546151582.85
1546151582.88
1546151582.91
1546151582.94
1546151582.98
1546151583.01
1546151583.05
1546151583.08
1546151583.11
1546151583.14
1546151583.18
1546151583.21
1546151583.24
1546151583.28
1546151583.31
1546151583.35
1546151583.38
1546151583.41
1546151583.44
1546151583.48
1546151583.51
1546151583.55
1546151583.58
1546151583.61
1546151583.64
1546151583.68
1546151583.71
1546151583.74
1546151583.78
1546151583.81
1546151583.84
1546151583.88
1546151583.91
1546151583.94
1546151583.98
1546151584.01
1546151584.05
1546151584.08
1546151584.11
1546151584.14
1546151584.18
1546151584.21
1546151584.24
1546151584.28
1546151584.31
1546151584.34
1546151584.38
1546151584.41
1546151584.45
1546151584.48
1546151584.51
1546151584.54
1546151584.58
1546151584.61
1546151584.64
1546151584.68
1546151584.71
1546151584.74
1546151584.78
1546151584.81
1546151584.84
1546151584.88
1546151584.91
1546151584.94
1546151584.98
1546151585.01
1546151585.05
1546151585.08
1546151585.11
1546151585.15
1546151585.18
1546151585.21
1546151585.24
1546151585.28
1546151585.31
1546151585.35
1546151585.38
1546151585.41
1546151585.45
1546151585.48
1546151585.51
1546151585.55
1546151585.58
1546151585.61
1546151585.64
1546151585.68
1546151585.71
1546151585.74
1546151585.78
1546151585.81
1546151585.85
1546151585.88
1546151585.91
1546151585.94
1546151585.98
1546151586.01
1546151586.05
1546151586.08
1546151586.11
1546151586.14
1546151586.18
1546151586.21
1546151586.25
1546151586.28
1546151586.31
1546151586.35
1546151586.38
1546151586.41
1546151586.45
1546151586.48
1546151586.51
1546151586.55
1546151586.58
1546151586.61
1546151586.65
1546151586.68
1546151586.71
1546151586.75
1546151586.78
1546151586.81
1546151586.85
1546151586.88
1546151586.91
1546151586.95
1546151586.98
1546151587.01
1546151587.05
1546151587.08
1546151587.11
1546151587.15
1546151587.18
1546151587.21
1546151587.25
1546151587.28
1546151587.31
1546151587.34
1546151587.37
1546151587.4
1546151587.44
1546151587.47
1546151587.51
1546151587.54
1546151587.57
1546151587.61
1546151587.64
1546151587.67
1546151587.7
1546151587.74
1546151587.77
1546151587.81
1546151587.84
1546151587.87
1546151587.91
1546151587.94
1546151587.97
1546151588.01
1546151588.04
1546151588.07
1546151588.11
1546151588.14
1546151588.17
1546151588.21
1546151588.24
1546151588.27
1546151588.31
1546151588.34
1546151588.37
1546151588.41
1546151588.44
1546151588.47
1546151588.51
1546151588.54
1546151588.57
1546151588.61
1546151588.64
1546151588.67
1546151588.71
1546151588.74
1546151588.77
1546151588.81
1546151588.84
1546151588.87
1546151588.9
1546151588.94
1546151588.97
1546151589.01
1546151589.04
1546151589.07
1546151589.11
1546151589.14
1546151589.17
1546151589.21
1546151589.24
1546151589.27
1546151589.31
1546151589.34
1546151589.37
1546151589.41
1546151589.44
1546151589.47
1546151589.51
1546151589.54
1546151589.57
1546151589.61
1546151589.64
1546151589.67
1546151589.71
1546151589.74
1546151589.77
1546151589.81
1546151589.84
1546151589.87
1546151589.91
1546151589.94
1546151589.97
1546151590.01
1546151590.04
1546151590.07
1546151590.11
1546151590.14
1546151590.17
1546151590.21
1546151590.24
1546151590.27
1546151590.31
1546151590.34
1546151590.37
1546151590.41
1546151590.44
1546151590.47
1546151590.51
1546151590.54
1546151590.57
1546151590.61
1546151590.64
1546151590.67
1546151590.71
1546151590.74
1546151590.77
1546151590.81
1546151590.84
1546151590.87
1546151590.91
1546151590.94
1546151590.97
1546151591.01
1546151591.04
1546151591.07
1546151591.11
1546151591.14
1546151591.17
1546151591.2
1546151591.24
1546151591.27
1546151591.31
1546151591.34
1546151591.37
1546151591.41
1546151591.44
1546151591.47
1546151591.51
1546151591.54
1546151591.57
1546151591.6
1546151591.64
1546151591.67
1546151591.7
1546151591.74
1546151591.77
1546151591.81
1546151591.84
1546151591.87
1546151591.9
1546151591.94
1546151591.97
1546151592.0
1546151592.04
1546151592.07
1546151592.1
1546151592.14
1546151592.17
1546151592.2
1546151592.24
1546151592.27
1546151592.3
1546151592.34
1546151592.37
1546151592.4
1546151592.44
1546151592.47
1546151592.5
1546151592.54
1546151592.57
1546151592.6
1546151592.64
1546151592.67
1546151592.7
1546151592.74
1546151592.77
1546151592.8
1546151592.84
1546151592.87
1546151592.9
1546151592.94
1546151592.97
1546151593.0
1546151593.04
1546151593.07
1546151593.1
1546151593.14
1546151593.17
1546151593.2
1546151593.24
1546151593.27
1546151593.3
1546151593.34
1546151593.37
1546151593.4
1546151593.44
1546151593.47
1546151593.5
1546151593.54
1546151593.57
1546151593.6
1546151593.64
1546151593.67
1546151593.7
1546151593.74
1546151593.77
1546151593.8
1546151593.84
1546151593.87
1546151593.9
1546151593.94
1546151593.97
1546151594.0
1546151594.04
1546151594.07
1546151594.1
1546151594.14
1546151594.17
1546151594.2
1546151594.24
1546151594.27
1546151594.31
1546151594.34
1546151594.37
1546151594.4
1546151594.44
1546151594.47
1546151594.51
1546151594.54
1546151594.57
1546151594.6
1546151594.64
1546151594.67
1546151594.7
1546151594.74
1546151594.77
1546151594.8
1546151594.84
1546151594.87
1546151594.9
1546151594.94
1546151594.97
1546151595.0
1546151595.04
1546151595.07
1546151595.1
1546151595.14
1546151595.17
1546151595.2
1546151595.24
1546151595.27
1546151595.3
1546151595.34
1546151595.37
1546151595.4
1546151595.44
1546151595.47
1546151595.5
1546151595.54
1546151595.57
1546151595.6
1546151595.64
1546151595.67
1546151595.7
1546151595.74
1546151595.77
1546151595.8
1546151595.84
1546151595.87
1546151595.9
1546151595.93
1546151595.97
1546151596.0
1546151596.04
1546151596.07
1546151596.1
1546151596.14
1546151596.17
1546151596.2
1546151596.24
1546151596.27
1546151596.3
1546151596.34
1546151596.37
1546151596.4
1546151596.43
1546151596.47
1546151596.5
1546151596.54
1546151596.57
1546151596.6
1546151596.63
1546151596.67
1546151596.7
1546151596.74
1546151596.77
1546151596.8
1546151596.84
1546151596.87
1546151596.9
1546151596.93
1546151596.97
1546151597.0
1546151597.04
1546151597.07
1546151597.1
1546151597.13
1546151597.17
1546151597.2
1546151597.23
1546151597.27
1546151597.3
1546151597.34
1546151597.37
1546151597.4
1546151597.43
1546151597.47
1546151597.5
1546151597.54
1546151597.57
1546151597.6
1546151597.64
1546151597.67
1546151597.7
1546151597.73
1546151597.77
1546151597.8
1546151597.84
1546151597.87
1546151597.9
1546151597.94
1546151597.97
1546151598.0
1546151598.04
1546151598.07
1546151598.1
1546151598.14
1546151598.17
1546151598.2
1546151598.24
1546151598.27
1546151598.3
1546151598.34
1546151598.37
1546151598.4
1546151598.44
1546151598.47
1546151598.5
1546151598.54
1546151598.57
1546151598.6
1546151598.64
1546151598.67
1546151598.7
1546151598.73
1546151598.77
1546151598.8
1546151598.84
1546151598.87
1546151598.9
1546151598.93
1546151598.97
1546151599.0
1546151599.04
1546151599.07
1546151599.1
1546151599.13
1546151599.17
1546151599.2
1546151599.24
1546151599.27
1546151599.3
1546151599.34
1546151599.37
1546151599.4
1546151599.44
1546151599.47
1546151599.5
1546151599.54
1546151599.57
1546151599.6
1546151599.63
1546151599.67
1546151599.7
1546151599.74
1546151599.77
1546151599.8
1546151599.84
1546151599.87
1546151599.9
1546151599.93
1546151599.97
1546151600.0
1546151600.04
1546151600.07
1546151600.1
1546151600.13
1546151600.17
1546151600.2
1546151600.23
1546151600.27
1546151600.3
1546151600.33
1546151600.37
1546151600.4
1546151600.43
1546151600.47
1546151600.5
1546151600.53
1546151600.57
1546151600.6
1546151600.63
1546151600.67
1546151600.7
1546151600.73
1546151600.77
1546151600.8
1546151600.84
1546151600.87
1546151600.9
1546151600.93
1546151600.97
1546151601.0
1546151601.04
1546151601.07
1546151601.1
1546151601.13
1546151601.17
1546151601.2
1546151601.23
1546151601.27
1546151601.3
1546151601.33
1546151601.37
1546151601.4
1546151601.43
1546151601.47
1546151601.5
1546151601.53
1546151601.57
1546151601.6
1546151601.63
1546151601.67
1546151601.7
1546151601.73
1546151601.77
1546151601.8
1546151601.83
1546151601.87
1546151601.9
1546151601.93
1546151601.97
1546151602.0
1546151602.03
1546151602.07
1546151602.1
1546151602.13
1546151602.17
1546151602.2
1546151602.23
1546151602.27
1546151602.3
1546151602.33
1546151602.37
1546151602.4
1546151602.43
1546151602.47
1546151602.5
1546151602.53
1546151602.57
1546151602.6
1546151602.63
1546151602.67
1546151602.7
1546151602.73
1546151602.77
1546151602.8
1546151602.83
1546151602.87
1546151602.9
1546151602.93
1546151602.97
1546151603.0
1546151603.03
1546151603.07
1546151603.1
1546151603.13
1546151603.17
1546151603.2
1546151603.23
1546151603.27
1546151603.3
1546151603.33
1546151603.37
1546151603.4
1546151603.43
1546151603.47
1546151603.5
1546151603.53
1546151603.57
1546151603.6
1546151603.63
1546151603.66
1546151603.7
1546151603.73
1546151603.77
1546151603.8
1546151603.83
1546151603.87
1546151603.9
1546151603.93
1546151603.97
1546151604.0
1546151604.03
1546151604.07
1546151604.1
1546151604.13
1546151604.17
1546151604.2
1546151604.23
1546151604.27
1546151604.3
1546151604.33
1546151604.37
1546151604.4
1546151604.43
1546151604.47
1546151604.5
1546151604.53
1546151604.57
1546151604.6
1546151604.63
1546151604.67
1546151604.7
1546151604.73
1546151604.77
1546151604.8
1546151604.83
1546151604.87
1546151604.9
1546151604.93
1546151604.97
1546151605.0
1546151605.03
1546151605.07
1546151605.1
1546151605.13
1546151605.16
1546151605.2
1546151605.23
1546151605.27
1546151605.3
1546151605.33
1546151605.37
1546151605.4
1546151605.43
1546151605.46
1546151605.5
1546151605.53
1546151605.57
1546151605.6
1546151605.63
1546151605.67
1546151605.7
1546151605.73
1546151605.77
1546151605.8
1546151605.83
1546151605.87
1546151605.9
1546151605.93
1546151605.97
1546151606.0
1546151606.03
1546151606.07
1546151606.1
1546151606.13
1546151606.17
1546151606.2
1546151606.23
1546151606.27
1546151606.3
1546151606.33
1546151606.37
1546151606.4
1546151606.43
1546151606.47
1546151606.5
1546151606.53
1546151606.57
1546151606.6
1546151606.63
1546151606.67
1546151606.7
1546151606.73
1546151606.77
1546151606.8
1546151606.83
1546151606.87
1546151606.9
1546151606.93
1546151606.97
1546151607.0
1546151607.03
1546151607.07
1546151607.1
1546151607.13
1546151607.17
1546151607.2
1546151607.23
1546151607.27
1546151607.3
1546151607.33
1546151607.37
1546151607.4
1546151607.43
1546151607.47
1546151607.5
1546151607.53
1546151607.57
1546151607.6
1546151607.63
1546151607.67
1546151607.7
1546151607.73
1546151607.77
1546151607.8
1546151607.83
1546151607.87
1546151607.9
1546151607.93
1546151607.97
1546151608.0
1546151608.03
1546151608.07
1546151608.1
1546151608.13
1546151608.17
1546151608.2
1546151608.23
1546151608.27
1546151608.3
1546151608.33
1546151608.37
1546151608.4
1546151608.43
1546151608.47
1546151608.5
1546151608.53
1546151608.57
1546151608.6
1546151608.63
1546151608.67
1546151608.7
1546151608.73
1546151608.77
1546151608.8
1546151608.84
1546151608.87
1546151608.9
1546151608.93
1546151608.97
1546151609.0
1546151609.04
1546151609.07
1546151609.1
1546151609.13
1546151609.17
1546151609.2
1546151609.24
1546151609.27
1546151609.3
1546151609.34
1546151609.37
1546151609.4
1546151609.44
1546151609.47
1546151609.5
1546151609.54
1546151609.57
1546151609.6
1546151609.63
1546151609.67
1546151609.7
1546151609.74
1546151609.77
1546151609.8
1546151609.84
1546151609.87
1546151609.9
1546151609.94
1546151609.97
1546151610.0
1546151610.04
1546151610.07
1546151610.1
1546151610.14
1546151610.17
1546151610.2
1546151610.24
1546151610.27
1546151610.3
1546151610.34
1546151610.37
1546151610.4
1546151610.44
1546151610.47
1546151610.5
1546151610.54
1546151610.57
1546151610.61
1546151610.64
1546151610.67
1546151610.7
1546151610.74
1546151610.77
1546151610.8
1546151610.84
1546151610.87
1546151610.9
1546151610.94
1546151610.97
1546151611.0
1546151611.04
1546151611.07
1546151611.1
1546151611.14
1546151611.17
1546151611.2
1546151611.23
1546151611.26
1546151611.3
1546151611.33
1546151611.36
1546151611.4
1546151611.43
1546151611.46
1546151611.5
1546151611.53
1546151611.56
1546151611.6
1546151611.63
1546151611.66
1546151611.7
1546151611.73
1546151611.76
1546151611.8
1546151611.83
1546151611.86
1546151611.9
1546151611.93
1546151611.96
1546151612.0
1546151612.03
1546151612.07
1546151612.1
1546151612.13
1546151612.16
1546151612.2
1546151612.23
1546151612.26
1546151612.3
1546151612.33
1546151612.36
1546151612.4
1546151612.43
1546151612.46
1546151612.5
1546151612.53
1546151612.56
1546151612.6
1546151612.63
1546151612.66
1546151612.7
1546151612.73
1546151612.76
1546151612.8
1546151612.83
1546151612.86
1546151612.9
1546151612.93
1546151612.96
1546151613.0
1546151613.03
1546151613.07
1546151613.1
1546151613.13
1546151613.16
1546151613.2
1546151613.23
1546151613.26
1546151613.3
1546151613.33
1546151613.36
1546151613.4
1546151613.43
1546151613.46
1546151613.5
1546151613.53
1546151613.56
1546151613.6
1546151613.63
1546151613.66
1546151613.7
1546151613.73
1546151613.76
1546151613.8
1546151613.83
1546151613.86
1546151613.9
1546151613.93
1546151613.96
1546151614.0
1546151614.03
1546151614.06
1546151614.1
1546151614.13
1546151614.16
1546151614.2
1546151614.23
1546151614.26
1546151614.3
1546151614.33
1546151614.36
1546151614.4
1546151614.43
1546151614.46
1546151614.5
1546151614.53
1546151614.56
1546151614.6
1546151614.63
1546151614.66
1546151614.69
1546151614.73
1546151614.76
1546151614.8
1546151614.83
1546151614.86
1546151614.89
1546151614.93
