1546224433.73
1546224433.87
1546224433.9
1546224433.94
1546224433.97
1546224434.0
1546224434.03
1546224434.06
1546224434.09
1546224434.12
1546224434.15
1546224434.19
1546224434.22
1546224434.25
1546224434.29
1546224434.32
1546224434.35
1546224434.39
1546224434.42
1546224434.45
1546224434.49
1546224434.52
1546224434.55
1546224434.59
1546224434.62
1546224434.65
1546224434.69
1546224434.72
1546224434.75
1546224434.79
1546224434.82
1546224434.85
1546224434.89
1546224434.92
1546224434.95
1546224434.99
1546224435.02
1546224435.05
1546224435.09
1546224435.12
1546224435.15
1546224435.19
1546224435.22
1546224435.25
1546224435.29
1546224435.32
1546224435.35
1546224435.39
1546224435.42
1546224435.45
1546224435.49
1546224435.52
1546224435.55
1546224435.59
1546224435.62
1546224435.65
1546224435.69
1546224435.72
1546224435.75
1546224435.79
1546224435.82
1546224435.85
1546224435.89
1546224435.92
1546224435.95
1546224435.99
1546224436.02
1546224436.05
1546224436.09
1546224436.12
1546224436.15
1546224436.19
1546224436.22
1546224436.25
1546224436.29
1546224436.32
1546224436.35
1546224436.39
1546224436.42
1546224436.45
1546224436.49
1546224436.52
1546224436.55
1546224436.59
1546224436.62
1546224436.65
1546224436.69
1546224436.72
1546224436.75
1546224436.79
1546224436.82
1546224436.85
1546224436.89
1546224436.92
1546224436.95
1546224436.99
1546224437.02
1546224437.05
1546224437.09
1546224437.12
1546224437.15
1546224437.19
1546224437.22
1546224437.25
1546224437.29
1546224437.32
1546224437.35
1546224437.39
1546224437.42
1546224437.45
1546224437.49
1546224437.52
1546224437.55
1546224437.59
1546224437.62
1546224437.65
1546224437.69
1546224437.72
1546224437.75
1546224437.79
1546224437.82
1546224437.85
1546224437.89
1546224437.92
1546224437.95
1546224437.99
1546224438.02
1546224438.05
1546224438.09
1546224438.12
1546224438.15
1546224438.19
1546224438.22
1546224438.25
1546224438.29
1546224438.32
1546224438.35
1546224438.39
1546224438.42
1546224438.45
1546224438.49
1546224438.52
1546224438.55
1546224438.59
1546224438.62
1546224438.65
1546224438.69
1546224438.72
1546224438.75
1546224438.79
1546224438.82
1546224438.85
1546224438.89
1546224438.92
1546224438.95
1546224438.99
1546224439.02
1546224439.05
1546224439.09
1546224439.12
1546224439.15
1546224439.19
1546224439.22
1546224439.25
1546224439.29
1546224439.32
1546224439.36
1546224439.39
1546224439.42
1546224439.45
1546224439.49
1546224439.52
1546224439.55
1546224439.59
1546224439.62
1546224439.65
1546224439.69
1546224439.72
1546224439.75
1546224439.79
1546224439.82
1546224439.85
1546224439.89
1546224439.92
1546224439.95
1546224439.99
1546224440.02
1546224440.05
1546224440.09
1546224440.12
1546224440.15
1546224440.19
1546224440.22
1546224440.25
1546224440.29
1546224440.32
1546224440.35
1546224440.39
1546224440.42
1546224440.45
1546224440.49
1546224440.52
1546224440.55
1546224440.59
1546224440.62
1546224440.65
1546224440.69
1546224440.72
1546224440.75
1546224440.79
1546224440.82
1546224440.85
1546224440.89
1546224440.92
1546224440.95
1546224440.98
1546224441.02
1546224441.05
1546224441.09
1546224441.12
1546224441.15
1546224441.18
1546224441.22
1546224441.25
1546224441.29
1546224441.32
1546224441.35
1546224441.38
1546224441.42
1546224441.45
1546224441.48
1546224441.52
1546224441.55
1546224441.59
1546224441.62
1546224441.65
1546224441.69
1546224441.72
1546224441.75
1546224441.79
1546224441.82
1546224441.85
1546224441.89
1546224441.92
1546224441.95
1546224441.98
1546224442.02
1546224442.05
1546224442.09
1546224442.12
1546224442.15
1546224442.18
1546224442.22
1546224442.25
1546224442.29
1546224442.32
1546224442.35
1546224442.38
1546224442.42
1546224442.45
1546224442.49
1546224442.52
1546224442.55
1546224442.59
1546224442.62
1546224442.65
1546224442.69
1546224442.72
1546224442.75
1546224442.79
1546224442.82
1546224442.85
1546224442.88
1546224442.92
1546224442.95
1546224442.99
1546224443.02
1546224443.05
1546224443.09
1546224443.12
1546224443.15
1546224443.19
1546224443.22
1546224443.25
1546224443.29
1546224443.32
1546224443.35
1546224443.38
1546224443.42
1546224443.45
1546224443.48
1546224443.52
1546224443.55
1546224443.59
1546224443.62
1546224443.65
1546224443.69
1546224443.72
1546224443.75
1546224443.79
1546224443.82
1546224443.85
1546224443.89
1546224443.92
1546224443.95
1546224443.99
1546224444.02
1546224444.05
1546224444.09
1546224444.12
1546224444.15
1546224444.19
1546224444.22
1546224444.25
1546224444.29
1546224444.32
1546224444.35
1546224444.39
1546224444.42
1546224444.45
1546224444.49
1546224444.52
1546224444.55
1546224444.59
1546224444.62
1546224444.66
1546224444.69
1546224444.72
1546224444.76
1546224444.79
1546224444.82
1546224444.86
1546224444.89
1546224444.92
1546224444.96
1546224444.99
1546224445.02
1546224445.06
1546224445.09
1546224445.12
1546224445.16
1546224445.19
1546224445.22
1546224445.26
1546224445.29
1546224445.32
1546224445.36
1546224445.39
1546224445.42
1546224445.45
1546224445.49
1546224445.52
1546224445.56
1546224445.59
1546224445.62
1546224445.65
1546224445.69
1546224445.72
1546224445.76
1546224445.79
1546224445.82
1546224445.86
1546224445.89
1546224445.92
1546224445.96
1546224445.99
1546224446.02
1546224446.06
1546224446.09
1546224446.12
1546224446.16
1546224446.19
1546224446.22
1546224446.26
1546224446.29
1546224446.32
1546224446.36
1546224446.39
1546224446.42
1546224446.45
1546224446.48
1546224446.52
1546224446.55
1546224446.58
1546224446.62
1546224446.65
1546224446.68
1546224446.71
1546224446.75
1546224446.78
1546224446.82
1546224446.85
1546224446.88
1546224446.91
1546224446.95
1546224446.98
1546224447.02
1546224447.05
1546224447.08
1546224447.12
1546224447.15
1546224447.18
1546224447.21
1546224447.25
1546224447.28
1546224447.32
1546224447.35
1546224447.38
1546224447.41
1546224447.45
1546224447.48
1546224447.52
1546224447.55
1546224447.58
1546224447.62
1546224447.65
1546224447.68
1546224447.72
1546224447.75
1546224447.78
1546224447.81
1546224447.85
1546224447.88
1546224447.91
1546224447.95
1546224447.98
1546224448.02
1546224448.05
1546224448.08
1546224448.11
1546224448.15
1546224448.18
1546224448.21
1546224448.25
1546224448.28
1546224448.31
1546224448.35
1546224448.38
1546224448.41
1546224448.45
1546224448.48
1546224448.51
1546224448.55
1546224448.58
1546224448.61
1546224448.65
1546224448.68
1546224448.71
1546224448.75
1546224448.78
1546224448.81
1546224448.85
1546224448.88
1546224448.91
1546224448.95
1546224448.98
1546224449.01
1546224449.05
1546224449.08
1546224449.11
1546224449.15
1546224449.18
1546224449.21
1546224449.25
1546224449.28
1546224449.31
1546224449.35
1546224449.38
1546224449.41
1546224449.45
1546224449.48
1546224449.51
1546224449.55
1546224449.58
1546224449.61
1546224449.65
1546224449.68
1546224449.71
1546224449.75
1546224449.78
1546224449.81
1546224449.85
1546224449.88
1546224449.91
1546224449.95
1546224449.98
1546224450.01
1546224450.05
1546224450.08
1546224450.11
1546224450.15
1546224450.18
1546224450.21
1546224450.25
1546224450.28
1546224450.31
1546224450.35
1546224450.38
1546224450.41
1546224450.45
1546224450.48
1546224450.51
1546224450.55
1546224450.58
1546224450.61
1546224450.65
1546224450.68
1546224450.71
1546224450.75
1546224450.78
1546224450.81
1546224450.85
1546224450.88
1546224450.91
1546224450.95
1546224450.98
1546224451.01
1546224451.05
1546224451.08
1546224451.11
1546224451.14
1546224451.18
1546224451.21
1546224451.25
1546224451.28
1546224451.31
1546224451.35
1546224451.38
1546224451.41
1546224451.44
1546224451.48
1546224451.51
1546224451.54
1546224451.58
1546224451.61
1546224451.64
1546224451.68
1546224451.71
1546224451.74
1546224451.78
1546224451.81
1546224451.85
1546224451.88
1546224451.91
1546224451.94
1546224451.98
1546224452.01
1546224452.05
1546224452.08
1546224452.11
1546224452.14
1546224452.18
1546224452.21
1546224452.24
1546224452.28
1546224452.31
1546224452.35
1546224452.38
1546224452.41
1546224452.44
1546224452.48
1546224452.51
1546224452.55
1546224452.58
1546224452.61
1546224452.65
1546224452.68
1546224452.71
1546224452.75
1546224452.78
1546224452.81
1546224452.85
1546224452.88
1546224452.91
1546224452.95
1546224452.98
1546224453.01
1546224453.05
1546224453.08
1546224453.11
1546224453.15
1546224453.18
1546224453.21
1546224453.25
1546224453.28
1546224453.31
1546224453.35
1546224453.38
1546224453.41
1546224453.45
1546224453.48
1546224453.51
1546224453.55
1546224453.58
1546224453.61
1546224453.65
1546224453.68
1546224453.71
1546224453.75
1546224453.78
1546224453.81
1546224453.85
1546224453.88
1546224453.91
1546224453.95
1546224453.98
1546224454.01
1546224454.05
1546224454.08
1546224454.11
1546224454.15
1546224454.18
1546224454.21
1546224454.25
1546224454.28
1546224454.31
1546224454.35
1546224454.38
1546224454.41
1546224454.45
1546224454.48
1546224454.51
1546224454.55
1546224454.58
1546224454.61
1546224454.65
1546224454.68
1546224454.71
1546224454.75
1546224454.78
1546224454.81
1546224454.85
1546224454.88
1546224454.91
1546224454.95
1546224454.98
1546224455.01
1546224455.05
1546224455.08
1546224455.11
1546224455.15
1546224455.18
1546224455.21
1546224455.25
1546224455.28
1546224455.31
1546224455.35
1546224455.38
1546224455.41
1546224455.45
1546224455.48
1546224455.51
1546224455.55
1546224455.58
1546224455.61
1546224455.65
1546224455.68
1546224455.71
1546224455.75
1546224455.78
1546224455.81
1546224455.85
1546224455.88
1546224455.91
1546224455.95
1546224455.98
1546224456.01
1546224456.05
1546224456.08
1546224456.11
1546224456.15
1546224456.18
1546224456.21
1546224456.25
1546224456.28
1546224456.31
1546224456.35
1546224456.38
1546224456.41
1546224456.45
1546224456.48
1546224456.51
1546224456.55
1546224456.58
1546224456.61
1546224456.65
1546224456.68
1546224456.71
1546224456.75
1546224456.78
1546224456.81
1546224456.85
1546224456.88
1546224456.91
1546224456.94
1546224456.98
1546224457.01
1546224457.05
1546224457.08
1546224457.11
1546224457.14
1546224457.18
1546224457.21
1546224457.24
1546224457.28
1546224457.31
1546224457.35
1546224457.38
1546224457.41
1546224457.44
1546224457.48
1546224457.51
1546224457.55
1546224457.58
1546224457.61
1546224457.64
1546224457.68
1546224457.71
1546224457.74
1546224457.78
1546224457.81
1546224457.85
1546224457.88
1546224457.91
1546224457.95
1546224457.98
1546224458.01
1546224458.05
1546224458.08
1546224458.11
1546224458.14
1546224458.18
1546224458.21
1546224458.25
1546224458.28
1546224458.31
1546224458.35
1546224458.38
1546224458.41
1546224458.44
1546224458.48
1546224458.51
1546224458.55
1546224458.58
1546224458.61
1546224458.64
1546224458.68
1546224458.71
1546224458.74
1546224458.78
1546224458.81
1546224458.85
1546224458.88
1546224458.91
1546224458.94
1546224458.98
1546224459.01
1546224459.05
1546224459.08
1546224459.11
1546224459.14
1546224459.18
1546224459.21
1546224459.24
1546224459.28
1546224459.31
1546224459.34
1546224459.38
1546224459.41
1546224459.44
1546224459.48
1546224459.51
1546224459.54
1546224459.58
1546224459.61
1546224459.64
1546224459.68
1546224459.71
1546224459.74
1546224459.78
1546224459.81
1546224459.84
1546224459.88
1546224459.91
1546224459.94
1546224459.98
1546224460.01
1546224460.04
1546224460.08
1546224460.11
1546224460.14
1546224460.18
1546224460.21
1546224460.24
1546224460.28
1546224460.31
1546224460.34
1546224460.38
1546224460.41
1546224460.44
1546224460.48
1546224460.51
1546224460.54
1546224460.58
1546224460.61
1546224460.64
1546224460.68
1546224460.71
1546224460.74
1546224460.78
1546224460.81
1546224460.84
1546224460.88
1546224460.91
1546224460.94
1546224460.98
1546224461.01
1546224461.04
1546224461.08
1546224461.11
1546224461.14
1546224461.18
1546224461.21
1546224461.24
1546224461.28
1546224461.31
1546224461.34
1546224461.38
1546224461.41
1546224461.44
1546224461.48
1546224461.51
1546224461.54
1546224461.58
1546224461.61
1546224461.64
1546224461.68
1546224461.71
1546224461.74
1546224461.78
1546224461.81
1546224461.84
1546224461.88
1546224461.91
1546224461.94
1546224461.98
1546224462.01
1546224462.04
1546224462.08
1546224462.11
1546224462.14
1546224462.18
1546224462.21
1546224462.24
1546224462.28
1546224462.31
1546224462.34
1546224462.38
1546224462.41
1546224462.44
1546224462.48
1546224462.51
1546224462.54
1546224462.58
1546224462.61
1546224462.64
1546224462.68
1546224462.71
1546224462.74
1546224462.78
1546224462.81
1546224462.84
1546224462.88
1546224462.91
1546224462.94
1546224462.98
1546224463.01
1546224463.04
1546224463.08
1546224463.11
1546224463.14
1546224463.18
1546224463.21
1546224463.24
1546224463.28
1546224463.31
1546224463.34
1546224463.38
1546224463.41
1546224463.44
1546224463.48
1546224463.51
1546224463.54
1546224463.58
1546224463.61
1546224463.64
1546224463.68
1546224463.71
1546224463.74
1546224463.78
1546224463.81
1546224463.84
1546224463.88
1546224463.91
1546224463.94
1546224463.98
1546224464.01
1546224464.04
1546224464.08
1546224464.11
1546224464.14
1546224464.17
1546224464.21
1546224464.24
1546224464.28
1546224464.31
1546224464.34
1546224464.38
1546224464.41
1546224464.44
1546224464.48
1546224464.51
1546224464.54
1546224464.58
1546224464.61
1546224464.64
1546224464.67
1546224464.71
1546224464.74
1546224464.78
1546224464.81
1546224464.84
1546224464.88
1546224464.91
1546224464.94
1546224464.97
1546224465.01
1546224465.04
1546224465.08
1546224465.11
1546224465.14
1546224465.18
1546224465.21
1546224465.24
1546224465.28
1546224465.31
1546224465.34
1546224465.38
1546224465.41
1546224465.44
1546224465.48
1546224465.51
1546224465.54
1546224465.58
1546224465.61
1546224465.64
1546224465.68
1546224465.71
1546224465.74
1546224465.78
1546224465.81
1546224465.84
1546224465.88
1546224465.91
1546224465.94
1546224465.98
1546224466.01
1546224466.05
1546224466.08
1546224466.11
1546224466.14
1546224466.18
1546224466.21
1546224466.24
1546224466.28
1546224466.31
1546224466.34
1546224466.38
1546224466.41
1546224466.44
1546224466.48
1546224466.51
1546224466.54
1546224466.58
1546224466.61
1546224466.64
1546224466.68
1546224466.71
1546224466.74
1546224466.78
1546224466.81
1546224466.84
1546224466.88
1546224466.91
1546224466.94
1546224466.98
1546224467.01
1546224467.04
1546224467.08
1546224467.11
1546224467.14
1546224467.18
1546224467.21
1546224467.24
1546224467.28
1546224467.31
1546224467.35
1546224467.38
1546224467.41
1546224467.44
1546224467.48
1546224467.51
1546224467.55
1546224467.58
1546224467.61
1546224467.64
1546224467.68
1546224467.71
1546224467.75
1546224467.78
1546224467.81
1546224467.85
1546224467.88
1546224467.91
1546224467.94
1546224467.98
1546224468.01
1546224468.05
1546224468.08
1546224468.11
1546224468.15
1546224468.18
1546224468.21
1546224468.25
1546224468.28
1546224468.31
1546224468.35
1546224468.38
1546224468.41
1546224468.44
1546224468.48
1546224468.51
1546224468.55
1546224468.58
1546224468.61
1546224468.65
1546224468.68
1546224468.71
1546224468.75
1546224468.78
1546224468.81
1546224468.85
1546224468.88
1546224468.91
1546224468.95
1546224468.98
1546224469.01
1546224469.05
1546224469.08
1546224469.11
1546224469.15
1546224469.18
1546224469.21
1546224469.25
1546224469.28
1546224469.31
1546224469.35
1546224469.38
1546224469.41
1546224469.45
1546224469.48
1546224469.52
1546224469.55
1546224469.58
1546224469.62
1546224469.65
1546224469.68
1546224469.72
1546224469.75
1546224469.78
1546224469.82
1546224469.85
1546224469.88
1546224469.91
1546224469.95
1546224469.98
1546224470.02
1546224470.05
1546224470.08
1546224470.12
1546224470.14
1546224470.17
1546224470.21
1546224470.24
1546224470.27
1546224470.31
1546224470.34
1546224470.38
1546224470.41
1546224470.44
1546224470.47
1546224470.51
1546224470.54
1546224470.58
1546224470.61
1546224470.64
1546224470.67
1546224470.71
1546224470.74
1546224470.78
1546224470.81
1546224470.84
1546224470.88
1546224470.91
1546224470.94
1546224470.97
1546224471.01
1546224471.04
1546224471.08
1546224471.11
1546224471.14
1546224471.17
1546224471.21
1546224471.24
1546224471.27
1546224471.31
1546224471.34
1546224471.37
1546224471.41
1546224471.44
1546224471.47
1546224471.51
1546224471.54
1546224471.58
1546224471.61
1546224471.64
1546224471.67
1546224471.71
1546224471.74
1546224471.77
1546224471.81
1546224471.84
1546224471.88
1546224471.91
1546224471.94
1546224471.97
1546224472.01
1546224472.04
1546224472.08
1546224472.11
1546224472.14
1546224472.17
1546224472.21
1546224472.24
1546224472.27
1546224472.31
1546224472.34
1546224472.38
1546224472.41
1546224472.44
1546224472.47
1546224472.51
1546224472.54
1546224472.57
1546224472.61
1546224472.64
1546224472.67
1546224472.71
1546224472.74
1546224472.77
1546224472.81
1546224472.84
1546224472.87
1546224472.91
1546224472.94
1546224472.97
1546224473.01
1546224473.04
1546224473.07
1546224473.11
1546224473.14
1546224473.17
1546224473.21
1546224473.24
1546224473.27
1546224473.31
1546224473.34
1546224473.37
1546224473.41
1546224473.44
1546224473.47
1546224473.51
1546224473.54
1546224473.57
1546224473.61
1546224473.64
1546224473.67
1546224473.71
1546224473.74
1546224473.77
1546224473.81
1546224473.84
1546224473.87
1546224473.91
1546224473.94
1546224473.97
1546224474.01
1546224474.04
1546224474.07
1546224474.11
1546224474.14
1546224474.17
1546224474.21
1546224474.24
1546224474.27
1546224474.31
1546224474.34
1546224474.37
1546224474.41
1546224474.44
1546224474.47
1546224474.51
1546224474.54
1546224474.57
1546224474.61
1546224474.64
1546224474.67
1546224474.71
1546224474.74
1546224474.77
1546224474.81
1546224474.84
1546224474.87
1546224474.91
1546224474.94
1546224474.97
1546224475.01
1546224475.04
1546224475.07
1546224475.11
1546224475.14
1546224475.17
1546224475.2
1546224475.24
1546224475.27
1546224475.31
1546224475.34
1546224475.37
1546224475.4
1546224475.44
1546224475.47
1546224475.51
1546224475.54
1546224475.57
1546224475.61
1546224475.64
1546224475.67
1546224475.7
1546224475.74
1546224475.77
1546224475.8
1546224475.84
1546224475.87
1546224475.9
1546224475.94
1546224475.97
1546224476.0
1546224476.04
1546224476.07
1546224476.1
1546224476.14
1546224476.17
1546224476.2
1546224476.24
1546224476.27
1546224476.3
1546224476.34
1546224476.37
1546224476.4
1546224476.44
1546224476.47
1546224476.5
1546224476.54
1546224476.57
1546224476.6
1546224476.64
1546224476.67
1546224476.7
1546224476.74
1546224476.77
1546224476.8
1546224476.84
1546224476.87
1546224476.9
1546224476.93
1546224476.97
1546224477.0
1546224477.04
1546224477.07
1546224477.1
1546224477.14
1546224477.17
1546224477.2
1546224477.24
1546224477.27
1546224477.3
1546224477.34
1546224477.37
1546224477.4
1546224477.44
1546224477.47
1546224477.5
1546224477.54
1546224477.57
1546224477.6
1546224477.64
1546224477.67
1546224477.7
1546224477.74
1546224477.77
1546224477.8
1546224477.84
1546224477.87
1546224477.9
1546224477.94
1546224477.97
1546224478.0
1546224478.04
1546224478.07
1546224478.1
1546224478.14
1546224478.17
1546224478.2
1546224478.24
1546224478.27
1546224478.3
1546224478.34
1546224478.37
1546224478.4
1546224478.44
1546224478.47
1546224478.5
1546224478.54
1546224478.57
1546224478.6
1546224478.64
1546224478.67
1546224478.7
1546224478.74
1546224478.77
1546224478.8
1546224478.84
1546224478.87
1546224478.9
1546224478.94
1546224478.97
1546224479.0
1546224479.04
1546224479.07
1546224479.1
1546224479.14
1546224479.17
1546224479.2
1546224479.23
1546224479.27
1546224479.3
1546224479.34
1546224479.37
1546224479.4
1546224479.44
1546224479.47
1546224479.5
1546224479.54
1546224479.57
1546224479.6
1546224479.64
1546224479.67
1546224479.7
1546224479.74
1546224479.77
1546224479.8
1546224479.84
1546224479.87
1546224479.9
1546224479.93
1546224479.97
1546224480.0
1546224480.04
1546224480.07
1546224480.1
1546224480.13
1546224480.17
1546224480.2
1546224480.23
1546224480.27
1546224480.3
1546224480.34
1546224480.37
1546224480.4
1546224480.43
1546224480.47
1546224480.5
1546224480.54
1546224480.57
1546224480.6
1546224480.63
1546224480.67
1546224480.7
1546224480.73
1546224480.77
1546224480.8
1546224480.83
1546224480.87
1546224480.9
1546224480.93
1546224480.97
1546224481.0
1546224481.04
1546224481.07
1546224481.1
1546224481.13
1546224481.17
1546224481.2
1546224481.23
1546224481.27
1546224481.3
1546224481.33
1546224481.37
1546224481.4
1546224481.43
1546224481.47
1546224481.5
1546224481.54
1546224481.57
1546224481.6
1546224481.63
1546224481.67
1546224481.7
1546224481.73
1546224481.77
1546224481.8
1546224481.83
1546224481.87
1546224481.9
1546224481.93
1546224481.97
1546224482.0
1546224482.03
1546224482.07
1546224482.1
1546224482.13
1546224482.17
1546224482.2
1546224482.23
1546224482.27
1546224482.3
1546224482.33
1546224482.37
1546224482.4
1546224482.43
1546224482.46
1546224482.5
1546224482.53
1546224482.57
1546224482.6
1546224482.63
1546224482.67
1546224482.7
1546224482.73
1546224482.77
1546224482.8
1546224482.83
1546224482.87
1546224482.9
1546224482.93
1546224482.97
1546224483.0
1546224483.03
1546224483.07
1546224483.1
1546224483.13
1546224483.17
1546224483.2
1546224483.23
1546224483.27
1546224483.3
1546224483.33
1546224483.37
1546224483.4
1546224483.43
1546224483.47
1546224483.5
1546224483.53
1546224483.57
1546224483.6
1546224483.63
1546224483.67
1546224483.7
1546224483.73
1546224483.77
1546224483.8
1546224483.83
1546224483.87
1546224483.9
1546224483.93
1546224483.97
1546224484.0
1546224484.03
1546224484.07
1546224484.1
1546224484.13
1546224484.17
1546224484.2
1546224484.23
1546224484.27
1546224484.3
1546224484.33
1546224484.37
1546224484.4
1546224484.43
1546224484.47
1546224484.5
1546224484.53
1546224484.57
1546224484.6
1546224484.63
1546224484.67
1546224484.7
1546224484.73
1546224484.77
1546224484.8
1546224484.83
1546224484.87
1546224484.9
1546224484.93
1546224484.97
1546224485.0
1546224485.03
1546224485.07
1546224485.1
1546224485.13
1546224485.17
1546224485.2
1546224485.23
1546224485.27
1546224485.3
1546224485.33
1546224485.37
1546224485.4
1546224485.43
1546224485.47
1546224485.5
1546224485.53
1546224485.57
1546224485.6
1546224485.63
1546224485.67
1546224485.7
1546224485.73
1546224485.77
1546224485.8
1546224485.83
1546224485.87
1546224485.9
1546224485.93
1546224485.96
1546224486.0
1546224486.03
1546224486.07
1546224486.1
1546224486.13
1546224486.16
1546224486.2
1546224486.23
1546224486.27
1546224486.3
1546224486.33
1546224486.37
1546224486.4
1546224486.43
1546224486.46
1546224486.5
1546224486.53
1546224486.57
1546224486.6
1546224486.63
1546224486.66
1546224486.7
1546224486.73
1546224486.77
1546224486.8
1546224486.83
1546224486.87
1546224486.9
1546224486.93
1546224486.97
1546224487.0
1546224487.03
1546224487.07
1546224487.1
1546224487.13
1546224487.17
1546224487.2
1546224487.23
1546224487.27
1546224487.3
1546224487.33
1546224487.37
1546224487.4
1546224487.43
1546224487.46
1546224487.5
1546224487.53
1546224487.57
1546224487.6
1546224487.63
1546224487.67
1546224487.7
1546224487.73
1546224487.77
1546224487.8
1546224487.83
1546224487.87
1546224487.9
1546224487.93
1546224487.96
1546224488.0
1546224488.03
1546224488.07
1546224488.1
1546224488.13
1546224488.16
1546224488.2
1546224488.23
1546224488.27
1546224488.3
1546224488.33
1546224488.37
1546224488.4
1546224488.43
1546224488.46
1546224488.5
1546224488.53
1546224488.57
1546224488.6
1546224488.63
1546224488.66
1546224488.7
1546224488.73
1546224488.76
1546224488.8
1546224488.83
1546224488.86
1546224488.9
1546224488.93
1546224488.96
1546224489.0
1546224489.03
1546224489.07
1546224489.1
1546224489.13
1546224489.17
1546224489.2
1546224489.23
1546224489.27
1546224489.3
1546224489.33
1546224489.37
1546224489.4
1546224489.43
1546224489.47
1546224489.5
1546224489.53
1546224489.57
1546224489.6
1546224489.63
1546224489.66
1546224489.7
1546224489.73
1546224489.77
1546224489.8
1546224489.83
1546224489.87
1546224489.9
1546224489.93
1546224489.97
1546224490.0
1546224490.03
1546224490.07
1546224490.1
1546224490.13
1546224490.17
1546224490.2
1546224490.23
1546224490.27
1546224490.3
1546224490.33
1546224490.37
1546224490.4
1546224490.43
1546224490.47
1546224490.5
1546224490.53
1546224490.57
1546224490.6
1546224490.63
1546224490.67
1546224490.7
1546224490.73
1546224490.77
1546224490.8
1546224490.83
1546224490.87
1546224490.9
1546224490.93
1546224490.97
1546224491.0
1546224491.03
1546224491.07
1546224491.1
1546224491.13
1546224491.17
1546224491.2
1546224491.23
1546224491.27
1546224491.3
1546224491.33
1546224491.37
1546224491.4
1546224491.43
1546224491.47
1546224491.5
1546224491.54
1546224491.57
1546224491.6
1546224491.63
1546224491.67
1546224491.7
1546224491.73
1546224491.77
1546224491.8
1546224491.83
1546224491.87
1546224491.9
1546224491.93
1546224491.97
1546224492.0
1546224492.03
1546224492.07
1546224492.1
1546224492.13
1546224492.17
1546224492.2
1546224492.23
1546224492.27
1546224492.3
1546224492.33
1546224492.37
1546224492.4
1546224492.43
1546224492.47
1546224492.5
1546224492.54
1546224492.57
1546224492.6
1546224492.63
1546224492.67
1546224492.7
1546224492.74
1546224492.77
1546224492.8
1546224492.84
1546224492.87
1546224492.9
1546224492.94
1546224492.97
1546224493.0
1546224493.04
1546224493.07
1546224493.1
1546224493.14
1546224493.17
1546224493.2
1546224493.24
1546224493.27
1546224493.3
1546224493.34
1546224493.37
1546224493.4
1546224493.43
1546224493.47
1546224493.5
1546224493.54
1546224493.57
1546224493.6
1546224493.63
1546224493.67
1546224493.7
1546224493.73
1546224493.76
1546224493.79
1546224493.83
1546224493.86
1546224493.89
1546224493.93
1546224493.96
1546224493.99
1546224494.03
1546224494.06
1546224494.09
1546224494.13
1546224494.16
1546224494.19
1546224494.23
1546224494.26
1546224494.29
1546224494.33
1546224494.36
1546224494.39
1546224494.43
1546224494.46
1546224494.49
1546224494.53
1546224494.56
1546224494.59
1546224494.63
1546224494.66
1546224494.69
1546224494.73
1546224494.76
1546224494.79
1546224494.83
1546224494.86
1546224494.89
1546224494.93
1546224494.96
1546224494.99
1546224495.03
1546224495.06
1546224495.09
1546224495.13
1546224495.16
1546224495.19
1546224495.23
1546224495.26
1546224495.29
1546224495.33
1546224495.36
1546224495.39
1546224495.43
1546224495.46
1546224495.49
1546224495.53
1546224495.56
1546224495.59
1546224495.63
1546224495.66
1546224495.69
1546224495.73
1546224495.76
1546224495.79
1546224495.83
1546224495.86
1546224495.89
1546224495.93
1546224495.96
1546224495.99
1546224496.03
1546224496.06
1546224496.09
1546224496.13
1546224496.16
1546224496.19
1546224496.23
1546224496.26
1546224496.29
1546224496.33
1546224496.36
1546224496.39
1546224496.42
1546224496.46
1546224496.49
1546224496.53
1546224496.56
1546224496.59
1546224496.62
1546224496.66
1546224496.69
1546224496.72
1546224496.76
1546224496.79
1546224496.82
1546224496.86
1546224496.89
1546224496.92
1546224496.96
1546224496.99
1546224497.03
1546224497.06
1546224497.09
1546224497.12
1546224497.16
1546224497.19
1546224497.22
1546224497.26
1546224497.29
1546224497.33
1546224497.36
1546224497.39
1546224497.42
1546224497.46
1546224497.49
1546224497.53
1546224497.56
1546224497.59
1546224497.62
1546224497.66
1546224497.69
1546224497.72
1546224497.76
1546224497.79
1546224497.83
1546224497.86
1546224497.89
1546224497.92
1546224497.96
1546224497.99
1546224498.03
1546224498.06
1546224498.09
1546224498.12
1546224498.16
1546224498.19
1546224498.22
1546224498.26
1546224498.29
1546224498.33
1546224498.36
1546224498.39
1546224498.42
1546224498.46
1546224498.49
1546224498.53
1546224498.56
1546224498.59
1546224498.62
1546224498.66
1546224498.69
1546224498.72
1546224498.76
1546224498.79
1546224498.83
1546224498.86
1546224498.89
1546224498.92
1546224498.96
1546224498.99
1546224499.03
1546224499.06
1546224499.09
1546224499.12
1546224499.16
1546224499.19
1546224499.23
1546224499.26
1546224499.29
1546224499.33
1546224499.36
1546224499.39
1546224499.43
1546224499.46
1546224499.49
1546224499.53
1546224499.56
1546224499.59
1546224499.62
1546224499.66
1546224499.69
1546224499.72
1546224499.76
1546224499.79
1546224499.82
1546224499.86
1546224499.89
1546224499.92
1546224499.96
1546224499.99
1546224500.03
1546224500.06
1546224500.09
1546224500.12
1546224500.16
1546224500.19
1546224500.23
1546224500.26
1546224500.29
1546224500.33
1546224500.36
1546224500.39
1546224500.43
1546224500.46
1546224500.49
1546224500.53
1546224500.56
1546224500.59
1546224500.62
1546224500.66
1546224500.69
1546224500.72
1546224500.76
1546224500.79
1546224500.82
1546224500.86
1546224500.89
1546224500.92
1546224500.96
1546224500.99
1546224501.02
1546224501.06
1546224501.09
1546224501.12
1546224501.16
1546224501.19
1546224501.22
1546224501.26
1546224501.29
1546224501.33
1546224501.36
1546224501.39
1546224501.43
1546224501.46
1546224501.49
1546224501.53
1546224501.56
1546224501.59
1546224501.62
1546224501.66
1546224501.69
1546224501.72
1546224501.76
1546224501.79
1546224501.82
1546224501.86
1546224501.89
1546224501.92
1546224501.96
1546224501.99
1546224502.03
1546224502.06
1546224502.09
1546224502.12
1546224502.16
1546224502.19
1546224502.22
1546224502.26
1546224502.29
1546224502.33
1546224502.36
1546224502.39
1546224502.42
1546224502.46
1546224502.49
1546224502.53
1546224502.56
1546224502.59
1546224502.63
1546224502.66
1546224502.69
1546224502.72
1546224502.76
1546224502.79
1546224502.83
1546224502.86
1546224502.89
1546224502.92
1546224502.96
1546224502.99
1546224503.03
1546224503.06
1546224503.09
1546224503.13
1546224503.16
1546224503.19
1546224503.22
1546224503.26
1546224503.29
1546224503.33
1546224503.36
1546224503.39
1546224503.42
1546224503.46
1546224503.49
1546224503.53
1546224503.56
1546224503.59
1546224503.62
1546224503.66
1546224503.69
1546224503.73
1546224503.76
1546224503.79
1546224503.83
1546224503.86
1546224503.89
1546224503.92
1546224503.96
1546224503.99
1546224504.03
1546224504.06
1546224504.09
1546224504.12
1546224504.16
1546224504.19
1546224504.22
1546224504.26
1546224504.29
1546224504.33
1546224504.36
1546224504.39
1546224504.43
1546224504.46
1546224504.49
1546224504.53
1546224504.56
1546224504.59
1546224504.63
1546224504.66
1546224504.69
1546224504.73
1546224504.76
1546224504.79
1546224504.83
1546224504.86
1546224504.89
1546224504.93
1546224504.96
1546224504.99
1546224505.03
1546224505.06
1546224505.09
1546224505.13
1546224505.16
1546224505.19
1546224505.23
1546224505.26
1546224505.49
1546224505.52
1546224505.55
1546224505.58
1546224505.61
1546224505.63
1546224505.66
1546224505.69
1546224505.73
1546224505.76
1546224505.79
1546224505.83
1546224505.86
1546224505.89
1546224505.93
1546224505.96
1546224505.99
1546224506.03
1546224506.06
1546224506.09
1546224506.13
1546224506.16
1546224506.19
1546224506.23
1546224506.26
1546224506.29
1546224506.33
1546224506.36
1546224506.39
1546224506.43
1546224506.46
1546224506.49
1546224506.53
1546224506.56
1546224506.59
1546224506.63
1546224506.66
1546224506.69
1546224506.73
1546224506.76
1546224506.8
1546224506.83
1546224506.86
1546224506.89
1546224506.93
1546224506.96
1546224506.99
1546224507.03
1546224507.06
1546224507.09
1546224507.13
1546224507.16
1546224507.19
1546224507.23
1546224507.26
1546224507.29
1546224507.33
1546224507.36
1546224507.39
1546224507.43
1546224507.46
1546224507.49
1546224507.53
1546224507.56
1546224507.6
1546224507.63
1546224507.66
1546224507.69
1546224507.73
1546224507.76
1546224507.8
1546224507.83
1546224507.86
1546224507.89
1546224507.93
1546224507.96
1546224507.99
1546224508.03
1546224508.06
1546224508.1
1546224508.13
1546224508.16
1546224508.2
1546224508.23
1546224508.26
1546224508.3
1546224508.33
1546224508.36
1546224508.39
1546224508.43
1546224508.46
1546224508.5
1546224508.53
1546224508.56
1546224508.6
1546224508.63
1546224508.66
1546224508.69
1546224508.73
1546224508.76
1546224508.8
1546224508.83
1546224508.86
1546224508.9
1546224508.93
1546224508.96
1546224509.0
1546224509.03
1546224509.06
1546224509.1
1546224509.13
1546224509.16
1546224509.2
1546224509.23
1546224509.26
1546224509.3
1546224509.33
1546224509.36
1546224509.4
1546224509.43
1546224509.46
1546224509.5
1546224509.53
1546224509.56
1546224509.6
1546224509.63
1546224509.66
1546224509.7
1546224509.73
1546224509.76
1546224509.8
1546224509.83
1546224509.86
1546224509.9
1546224509.93
1546224509.96
1546224510.0
1546224510.03
1546224510.06
1546224510.1
1546224510.13
1546224510.16
1546224510.2
1546224510.23
1546224510.26
1546224510.3
1546224510.33
1546224510.36
1546224510.4
1546224510.43
1546224510.46
1546224510.5
1546224510.53
1546224510.56
1546224510.6
1546224510.63
1546224510.66
1546224510.7
1546224510.73
1546224510.76
1546224510.8
1546224510.83
1546224510.87
1546224510.9
1546224510.93
1546224510.96
1546224511.0
1546224511.03
1546224511.06
1546224511.1
1546224511.13
1546224511.16
1546224511.2
1546224511.23
1546224511.27
1546224511.3
1546224511.33
1546224511.36
1546224511.4
1546224511.43
1546224511.46
1546224511.5
1546224511.53
1546224511.57
1546224511.6
1546224511.63
1546224511.66
1546224511.7
1546224511.73
1546224511.77
1546224511.8
1546224511.83
1546224511.87
1546224511.9
1546224511.93
1546224511.96
1546224512.0
1546224512.03
1546224512.07
1546224512.1
1546224512.13
1546224512.16
1546224512.2
1546224512.23
1546224512.27
1546224512.3
1546224512.33
1546224512.37
1546224512.4
1546224512.43
1546224512.47
1546224512.5
1546224512.53
1546224512.57
1546224512.6
1546224512.63
1546224512.67
1546224512.7
1546224512.73
1546224512.77
1546224512.8
1546224512.83
1546224512.87
1546224512.9
1546224512.93
1546224512.97
1546224513.0
1546224513.03
1546224513.07
1546224513.1
1546224513.13
1546224513.17
1546224513.2
1546224513.23
1546224513.27
1546224513.3
1546224513.34
1546224513.37
1546224513.4
1546224513.43
1546224513.47
1546224513.5
1546224513.54
1546224513.57
1546224513.6
1546224513.63
1546224513.67
1546224513.7
1546224513.74
1546224513.77
1546224513.8
1546224513.84
1546224513.87
1546224513.9
1546224513.94
1546224513.97
1546224514.0
1546224514.04
1546224514.07
1546224514.1
1546224514.14
1546224514.17
1546224514.2
1546224514.24
1546224514.27
1546224514.3
1546224514.34
1546224514.37
1546224514.4
1546224514.44
1546224514.47
1546224514.51
1546224514.54
1546224514.57
1546224514.6
1546224514.64
1546224514.67
1546224514.7
1546224514.74
1546224514.77
1546224514.8
1546224514.84
1546224514.87
1546224514.9
1546224514.94
1546224514.97
1546224515.01
1546224515.04
1546224515.07
1546224515.11
1546224515.14
1546224515.17
1546224515.2
1546224515.24
1546224515.27
1546224515.31
1546224515.34
1546224515.37
1546224515.41
1546224515.44
1546224515.47
1546224515.51
1546224515.54
1546224515.57
1546224515.61
1546224515.64
1546224515.67
1546224515.71
1546224515.74
1546224515.77
1546224515.81
1546224515.84
1546224515.87
1546224515.91
1546224515.94
1546224515.97
1546224516.01
1546224516.04
1546224516.07
1546224516.11
1546224516.14
1546224516.17
1546224516.21
1546224516.24
1546224516.28
1546224516.31
1546224516.34
1546224516.38
1546224516.41
1546224516.44
1546224516.47
1546224516.51
1546224516.54
1546224516.58
1546224516.61
1546224516.64
1546224516.67
1546224516.71
1546224516.74
1546224516.78
1546224516.81
1546224516.84
1546224516.88
1546224516.91
1546224516.94
1546224516.98
1546224517.01
1546224517.04
1546224517.08
1546224517.11
1546224517.14
1546224517.17
1546224517.2
1546224517.24
1546224517.27
1546224517.3
1546224517.34
1546224517.37
1546224517.4
1546224517.44
1546224517.47
1546224517.5
1546224517.54
1546224517.57
1546224517.6
1546224517.64
1546224517.67
1546224517.7
1546224517.74
1546224517.77
1546224517.8
1546224517.84
1546224517.87
1546224517.9
1546224517.94
1546224517.97
1546224518.0
1546224518.04
1546224518.07
1546224518.1
1546224518.14
1546224518.17
1546224518.2
1546224518.24
1546224518.27
1546224518.3
1546224518.34
1546224518.37
1546224518.4
1546224518.44
1546224518.47
1546224518.5
1546224518.54
1546224518.57
1546224518.6
1546224518.64
1546224518.67
1546224518.7
1546224518.74
1546224518.77
1546224518.8
1546224518.84
1546224518.87
1546224518.9
1546224518.94
1546224518.97
1546224519.0
1546224519.04
1546224519.07
1546224519.11
1546224519.14
1546224519.17
1546224519.2
1546224519.24
1546224519.27
1546224519.31
1546224519.34
1546224519.37
1546224519.4
1546224519.44
1546224519.47
1546224519.51
1546224519.54
1546224519.57
1546224519.61
1546224519.64
1546224519.67
1546224519.7
1546224519.74
1546224519.77
1546224519.81
1546224519.84
1546224519.87
1546224519.9
1546224519.94
1546224519.97
1546224520.01
1546224520.04
1546224520.07
1546224520.11
1546224520.14
1546224520.17
1546224520.2
1546224520.24
1546224520.27
1546224520.31
1546224520.34
1546224520.37
1546224520.4
1546224520.44
1546224520.47
1546224520.51
1546224520.54
1546224520.57
1546224520.61
1546224520.64
1546224520.67
1546224520.7
1546224520.74
1546224520.77
1546224520.81
1546224520.84
1546224520.87
1546224520.91
1546224520.94
1546224520.97
1546224521.01
1546224521.04
1546224521.07
1546224521.11
1546224521.14
1546224521.17
1546224521.21
1546224521.24
1546224521.27
1546224521.31
1546224521.34
1546224521.37
1546224521.41
1546224521.44
1546224521.47
1546224521.51
1546224521.54
1546224521.57
1546224521.61
1546224521.64
1546224521.67
1546224521.71
1546224521.74
1546224521.78
1546224521.81
1546224521.84
1546224521.87
1546224521.91
1546224521.94
1546224521.97
1546224522.01
1546224522.04
1546224522.07
1546224522.11
1546224522.14
1546224522.17
1546224522.21
1546224522.24
1546224522.27
1546224522.31
1546224522.34
1546224522.38
1546224522.41
1546224522.44
1546224522.48
1546224522.51
1546224522.54
1546224522.58
1546224522.61
1546224522.64
1546224522.67
1546224522.71
1546224522.74
1546224522.78
1546224522.81
1546224522.84
1546224522.88
1546224522.91
1546224522.94
1546224522.97
1546224523.01
1546224523.04
1546224523.08
1546224523.11
1546224523.14
1546224523.17
1546224523.21
1546224523.24
1546224523.28
1546224523.31
1546224523.34
1546224523.38
1546224523.41
1546224523.44
1546224523.48
1546224523.51
1546224523.54
1546224523.58
1546224523.61
1546224523.64
1546224523.68
1546224523.71
1546224523.74
1546224523.78
1546224523.81
1546224523.84
1546224523.88
1546224523.91
1546224523.94
1546224523.98
1546224524.01
1546224524.04
1546224524.08
1546224524.11
1546224524.14
1546224524.18
1546224524.21
1546224524.24
1546224524.28
1546224524.31
1546224524.34
1546224524.38
1546224524.41
1546224524.44
1546224524.48
1546224524.51
1546224524.54
1546224524.58
1546224524.61
1546224524.64
1546224524.68
1546224524.71
1546224524.74
1546224524.78
1546224524.81
1546224524.84
1546224524.88
1546224524.91
1546224524.94
1546224524.98
1546224525.01
1546224525.04
1546224525.08
1546224525.11
1546224525.14
1546224525.18
1546224525.21
1546224525.24
1546224525.28
1546224525.31
1546224525.34
1546224525.38
1546224525.41
1546224525.44
1546224525.48
1546224525.51
1546224525.54
1546224525.58
1546224525.61
1546224525.64
1546224525.68
1546224525.71
1546224525.74
1546224525.78
1546224525.81
1546224525.84
1546224525.88
1546224525.91
1546224525.94
1546224525.98
1546224526.01
1546224526.04
1546224526.08
1546224526.11
1546224526.14
1546224526.18
1546224526.21
1546224526.24
1546224526.28
1546224526.31
1546224526.35
1546224526.38
1546224526.41
1546224526.44
1546224526.48
1546224526.51
1546224526.55
1546224526.58
1546224526.61
1546224526.64
1546224526.68
1546224526.71
1546224526.74
1546224526.78
1546224526.81
1546224526.85
1546224526.88
1546224526.91
1546224526.95
1546224526.98
1546224527.01
1546224527.05
1546224527.08
1546224527.11
1546224527.14
1546224527.18
1546224527.21
1546224527.25
1546224527.28
1546224527.31
1546224527.35
1546224527.38
1546224527.41
1546224527.45
1546224527.48
1546224527.51
1546224527.55
1546224527.58
1546224527.61
1546224527.65
1546224527.68
1546224527.71
1546224527.74
1546224527.78
1546224527.81
1546224527.85
1546224527.88
1546224527.91
1546224527.94
1546224527.98
1546224528.01
1546224528.05
1546224528.08
1546224528.11
1546224528.15
1546224528.18
1546224528.21
1546224528.25
1546224528.28
1546224528.31
1546224528.35
1546224528.38
1546224528.41
1546224528.45
1546224528.48
1546224528.51
1546224528.55
1546224528.58
1546224528.61
1546224528.65
1546224528.68
1546224528.71
1546224528.75
1546224528.78
1546224528.81
1546224528.85
1546224528.88
1546224528.91
1546224528.95
1546224528.98
1546224529.01
1546224529.05
1546224529.08
1546224529.11
1546224529.15
1546224529.18
1546224529.21
1546224529.25
1546224529.28
1546224529.31
1546224529.35
1546224529.38
1546224529.41
1546224529.45
1546224529.48
1546224529.51
1546224529.55
1546224529.58
1546224529.61
1546224529.65
1546224529.68
1546224529.71
1546224529.75
1546224529.78
1546224529.81
1546224529.85
1546224529.88
1546224529.91
1546224529.95
1546224529.98
1546224530.01
1546224530.05
1546224530.08
1546224530.11
1546224530.15
1546224530.18
1546224530.21
1546224530.25
1546224530.28
1546224530.32
1546224530.35
1546224530.38
1546224530.41
1546224530.45
1546224530.48
1546224530.52
1546224530.55
1546224530.58
1546224530.61
1546224530.65
1546224530.68
1546224530.71
1546224530.75
1546224530.78
1546224530.81
1546224530.85
1546224530.88
1546224530.91
1546224530.95
1546224530.98
1546224531.02
1546224531.05
1546224531.08
1546224531.12
1546224531.15
1546224531.18
1546224531.21
1546224531.25
1546224531.28
1546224531.32
1546224531.35
1546224531.38
1546224531.41
1546224531.45
1546224531.48
1546224531.52
1546224531.55
1546224531.58
1546224531.62
1546224531.65
1546224531.68
1546224531.72
1546224531.75
1546224531.78
1546224531.82
1546224531.85
1546224531.88
1546224531.92
1546224531.95
1546224531.98
1546224532.02
1546224532.05
1546224532.08
1546224532.12
1546224532.15
1546224532.18
1546224532.22
1546224532.25
1546224532.28
1546224532.32
1546224532.35
1546224532.38
1546224532.42
1546224532.45
1546224532.48
1546224532.52
1546224532.55
1546224532.58
1546224532.62
1546224532.65
1546224532.68
1546224532.72
1546224532.75
1546224532.78
1546224532.82
1546224532.85
1546224532.88
1546224532.92
1546224532.95
1546224532.98
1546224533.02
1546224533.05
1546224533.08
1546224533.12
1546224533.15
1546224533.18
1546224533.22
1546224533.25
1546224533.28
1546224533.32
1546224533.35
1546224533.38
1546224533.42
1546224533.45
1546224533.48
1546224533.52
1546224533.55
1546224533.58
1546224533.62
1546224533.65
1546224533.68
1546224533.72
1546224533.75
1546224533.78
1546224533.82
1546224533.85
1546224533.88
1546224533.92
1546224533.95
1546224533.98
1546224534.02
1546224534.05
1546224534.08
1546224534.12
1546224534.15
1546224534.18
1546224534.22
1546224534.25
1546224534.28
1546224534.32
1546224534.35
1546224534.38
1546224534.42
1546224534.45
1546224534.48
1546224534.52
1546224534.55
1546224534.59
1546224534.62
1546224534.65
1546224534.68
1546224534.72
1546224534.75
1546224534.78
1546224534.82
1546224534.85
1546224534.88
1546224534.92
1546224534.95
1546224534.98
1546224535.02
1546224535.05
1546224535.09
1546224535.12
1546224535.15
1546224535.19
1546224535.22
1546224535.25
1546224535.29
1546224535.32
1546224535.35
1546224535.38
1546224535.42
1546224535.45
1546224535.49
1546224535.52
1546224535.55
1546224535.59
1546224535.62
1546224535.65
1546224535.69
1546224535.72
1546224535.75
1546224535.79
1546224535.82
1546224535.85
1546224535.89
1546224535.92
1546224535.95
1546224535.99
1546224536.02
1546224536.05
1546224536.09
1546224536.12
1546224536.15
1546224536.19
1546224536.22
1546224536.25
1546224536.29
1546224536.32
1546224536.36
1546224536.39
1546224536.42
1546224536.45
1546224536.49
1546224536.52
1546224536.55
1546224536.59
1546224536.62
1546224536.65
1546224536.69
1546224536.72
1546224536.75
1546224536.79
1546224536.82
1546224536.86
1546224536.89
1546224536.92
1546224536.95
1546224536.99
1546224537.02
1546224537.06
1546224537.09
1546224537.12
1546224537.15
1546224537.19
1546224537.22
1546224537.26
1546224537.29
1546224537.32
1546224537.36
1546224537.39
1546224537.42
1546224537.45
1546224537.49
1546224537.52
1546224537.56
1546224537.59
1546224537.62
1546224537.65
1546224537.69
1546224537.72
1546224537.76
1546224537.79
1546224537.82
1546224537.85
1546224537.89
1546224537.92
1546224537.96
1546224537.99
1546224538.02
1546224538.05
1546224538.09
1546224538.12
1546224538.15
1546224538.19
1546224538.22
1546224538.26
1546224538.29
1546224538.32
1546224538.36
1546224538.39
1546224538.42
1546224538.45
1546224538.49
1546224538.52
1546224538.56
1546224538.59
1546224538.62
1546224538.66
1546224538.69
1546224538.72
1546224538.76
1546224538.79
1546224538.82
1546224538.86
1546224538.89
1546224538.92
1546224538.95
1546224538.99
1546224539.02
1546224539.06
1546224539.09
1546224539.12
1546224539.15
1546224539.19
1546224539.22
1546224539.26
1546224539.29
1546224539.32
1546224539.36
1546224539.39
1546224539.42
1546224539.45
1546224539.49
1546224539.52
1546224539.56
1546224539.59
1546224539.62
1546224539.66
1546224539.69
1546224539.72
1546224539.76
1546224539.79
1546224539.82
1546224539.86
1546224539.89
1546224539.92
1546224539.96
1546224539.99
1546224540.02
1546224540.06
1546224540.09
1546224540.12
1546224540.16
1546224540.19
1546224540.22
1546224540.26
1546224540.29
1546224540.32
1546224540.36
1546224540.39
1546224540.42
1546224540.46
1546224540.49
1546224540.52
1546224540.55
1546224540.58
1546224540.62
1546224540.65
1546224540.68
1546224540.72
1546224540.75
1546224540.78
1546224540.82
1546224540.85
1546224540.88
1546224540.91
1546224540.95
1546224540.98
1546224541.02
1546224541.05
1546224541.08
1546224541.12
1546224541.15
1546224541.18
1546224541.21
1546224541.25
1546224541.28
1546224541.32
1546224541.35
1546224541.38
1546224541.42
1546224541.45
1546224541.48
1546224541.52
1546224541.55
1546224541.58
1546224541.62
1546224541.65
1546224541.68
1546224541.72
1546224541.75
1546224541.78
1546224541.82
1546224541.85
1546224541.88
1546224541.92
1546224541.95
1546224541.98
1546224542.02
1546224542.05
1546224542.08
1546224542.12
1546224542.15
1546224542.18
1546224542.22
1546224542.25
1546224542.28
1546224542.32
1546224542.35
1546224542.38
1546224542.42
1546224542.45
1546224542.48
1546224542.52
1546224542.55
1546224542.58
1546224542.62
1546224542.65
1546224542.68
1546224542.72
1546224542.75
1546224542.78
1546224542.82
1546224542.85
1546224542.88
1546224542.92
1546224542.95
1546224542.98
1546224543.02
1546224543.05
1546224543.08
1546224543.12
1546224543.15
1546224543.18
1546224543.22
1546224543.25
1546224543.28
1546224543.32
1546224543.35
1546224543.38
1546224543.42
1546224543.45
1546224543.48
1546224543.52
1546224543.55
1546224543.58
1546224543.62
1546224543.65
1546224543.68
1546224543.71
1546224543.75
1546224543.78
1546224543.82
1546224543.85
1546224543.88
1546224543.92
1546224543.95
1546224543.98
1546224544.01
1546224544.05
1546224544.08
1546224544.12
1546224544.15
1546224544.18
1546224544.21
1546224544.25
1546224544.28
1546224544.32
1546224544.35
1546224544.38
1546224544.41
1546224544.45
1546224544.48
1546224544.51
1546224544.55
1546224544.58
1546224544.61
1546224544.65
1546224544.68
1546224544.71
1546224544.75
1546224544.78
1546224544.81
1546224544.85
1546224544.88
1546224544.91
1546224544.95
1546224544.98
1546224545.01
1546224545.05
1546224545.08
1546224545.12
1546224545.15
1546224545.18
1546224545.21
1546224545.25
1546224545.28
1546224545.32
1546224545.35
1546224545.38
1546224545.41
1546224545.45
1546224545.48
1546224545.52
1546224545.55
1546224545.58
1546224545.62
1546224545.65
1546224545.68
1546224545.71
1546224545.75
1546224545.78
1546224545.82
1546224545.85
1546224545.88
1546224545.91
1546224545.95
1546224545.98
1546224546.01
1546224546.05
1546224546.08
1546224546.12
1546224546.15
1546224546.18
1546224546.21
1546224546.25
1546224546.28
1546224546.31
1546224546.35
1546224546.38
1546224546.41
1546224546.45
1546224546.48
1546224546.51
1546224546.55
1546224546.58
1546224546.62
1546224546.65
1546224546.68
1546224546.71
1546224546.75
1546224546.78
1546224546.81
1546224546.85
1546224546.88
1546224546.91
1546224546.95
1546224546.98
1546224547.01
1546224547.05
1546224547.08
1546224547.11
1546224547.14
1546224547.18
1546224547.21
1546224547.25
1546224547.28
1546224547.31
1546224547.35
1546224547.38
1546224547.41
1546224547.45
1546224547.48
1546224547.51
1546224547.55
1546224547.58
1546224547.61
1546224547.65
1546224547.68
1546224547.71
1546224547.75
1546224547.78
1546224547.81
1546224547.85
1546224547.88
1546224547.91
1546224547.95
1546224547.98
1546224548.01
1546224548.05
1546224548.08
1546224548.11
1546224548.14
1546224548.18
1546224548.21
1546224548.24
1546224548.28
1546224548.31
1546224548.35
1546224548.38
1546224548.41
1546224548.45
1546224548.48
1546224548.51
1546224548.55
1546224548.58
1546224548.61
1546224548.65
1546224548.68
1546224548.71
1546224548.75
1546224548.78
1546224548.81
1546224548.85
1546224548.88
1546224548.91
1546224548.95
1546224548.98
1546224549.01
1546224549.05
1546224549.08
1546224549.11
1546224549.15
1546224549.18
1546224549.21
1546224549.25
1546224549.28
1546224549.31
1546224549.35
1546224549.38
1546224549.41
1546224549.45
1546224549.48
1546224549.51
1546224549.55
1546224549.58
1546224549.61
1546224549.65
1546224549.68
1546224549.71
1546224549.75
1546224549.78
1546224549.81
1546224549.85
1546224549.88
1546224549.91
1546224549.94
1546224549.98
1546224550.01
1546224550.05
1546224550.08
1546224550.11
1546224550.14
1546224550.18
1546224550.21
1546224550.24
1546224550.28
1546224550.31
1546224550.35
1546224550.38
1546224550.41
1546224550.44
1546224550.48
1546224550.51
1546224550.55
1546224550.58
1546224550.61
1546224550.64
1546224550.68
1546224550.71
1546224550.74
1546224550.78
1546224550.81
1546224550.85
1546224550.88
1546224550.91
1546224550.94
1546224550.98
1546224551.01
1546224551.05
1546224551.08
1546224551.11
1546224551.14
1546224551.18
1546224551.21
1546224551.24
1546224551.28
1546224551.31
1546224551.34
1546224551.38
1546224551.41
1546224551.44
1546224551.48
1546224551.51
1546224551.55
1546224551.58
1546224551.61
1546224551.64
1546224551.68
1546224551.71
1546224551.74
1546224551.78
1546224551.81
1546224551.84
1546224551.88
1546224551.91
1546224551.94
1546224551.98
1546224552.01
1546224552.04
1546224552.08
1546224552.11
1546224552.14
1546224552.18
1546224552.21
1546224552.24
1546224552.28
1546224552.31
1546224552.35
1546224552.38
1546224552.41
1546224552.44
1546224552.48
1546224552.51
1546224552.54
1546224552.58
1546224552.61
1546224552.64
1546224552.68
1546224552.71
1546224552.74
1546224552.78
1546224552.81
1546224552.84
1546224552.88
1546224552.91
1546224552.94
1546224552.98
1546224553.01
1546224553.04
1546224553.08
1546224553.11
1546224553.14
1546224553.18
1546224553.21
1546224553.24
1546224553.28
1546224553.31
1546224553.34
1546224553.38
1546224553.41
1546224553.44
1546224553.48
1546224553.51
1546224553.54
1546224553.58
1546224553.61
1546224553.64
1546224553.68
1546224553.71
1546224553.74
1546224553.78
1546224553.81
1546224553.84
1546224553.88
1546224553.91
1546224553.94
1546224553.97
1546224554.01
1546224554.04
1546224554.08
1546224554.11
1546224554.14
1546224554.18
1546224554.21
1546224554.24
1546224554.28
1546224554.31
1546224554.34
1546224554.38
1546224554.41
1546224554.44
1546224554.47
1546224554.51
1546224554.54
1546224554.58
1546224554.61
1546224554.64
1546224554.67
1546224554.71
1546224554.74
1546224554.78
1546224554.81
1546224554.84
1546224554.87
1546224554.91
1546224554.94
1546224554.97
1546224555.01
1546224555.04
1546224555.08
1546224555.11
1546224555.14
1546224555.17
1546224555.21
1546224555.24
1546224555.28
1546224555.31
1546224555.34
1546224555.37
1546224555.41
1546224555.44
1546224555.47
1546224555.51
1546224555.54
1546224555.57
1546224555.61
1546224555.64
1546224555.67
1546224555.71
1546224555.74
1546224555.78
1546224555.81
1546224555.84
1546224555.87
1546224555.91
1546224555.94
1546224555.97
1546224556.01
1546224556.04
1546224556.07
1546224556.11
1546224556.14
1546224556.17
1546224556.21
1546224556.24
1546224556.27
1546224556.31
1546224556.34
1546224556.37
1546224556.41
1546224556.44
1546224556.47
1546224556.51
1546224556.54
1546224556.57
1546224556.61
1546224556.64
1546224556.67
1546224556.71
1546224556.74
1546224556.77
1546224556.81
1546224556.84
1546224556.87
1546224556.91
1546224556.94
1546224556.97
1546224557.01
1546224557.04
1546224557.07
1546224557.11
1546224557.14
1546224557.17
1546224557.21
1546224557.24
1546224557.27
1546224557.31
1546224557.34
1546224557.37
1546224557.41
1546224557.44
1546224557.47
1546224557.51
1546224557.54
1546224557.57
1546224557.61
1546224557.64
1546224557.67
1546224557.71
1546224557.74
1546224557.77
1546224557.81
1546224557.84
1546224557.88
1546224557.91
1546224557.94
1546224557.97
1546224558.01
1546224558.04
1546224558.08
1546224558.11
1546224558.14
1546224558.17
1546224558.21
1546224558.24
1546224558.27
1546224558.31
1546224558.34
1546224558.37
1546224558.41
1546224558.44
1546224558.47
1546224558.51
1546224558.54
1546224558.57
1546224558.61
1546224558.64
1546224558.67
1546224558.71
1546224558.74
1546224558.77
1546224558.81
1546224558.84
1546224558.87
1546224558.91
1546224558.94
1546224558.97
1546224559.01
1546224559.04
1546224559.07
1546224559.11
1546224559.14
1546224559.17
1546224559.21
1546224559.24
1546224559.28
1546224559.31
1546224559.34
1546224559.37
1546224559.41
1546224559.44
1546224559.47
1546224559.51
1546224559.54
1546224559.57
1546224559.61
1546224559.64
1546224559.67
1546224559.71
1546224559.74
1546224559.77
1546224559.81
1546224559.84
1546224559.88
1546224559.91
1546224559.94
1546224559.97
1546224560.01
1546224560.04
1546224560.07
1546224560.11
1546224560.14
1546224560.17
1546224560.21
1546224560.24
1546224560.27
1546224560.31
1546224560.34
1546224560.37
1546224560.41
1546224560.44
1546224560.47
1546224560.51
1546224560.54
1546224560.58
1546224560.61
1546224560.64
1546224560.67
1546224560.71
1546224560.74
1546224560.78
1546224560.81
1546224560.84
1546224560.87
1546224560.91
1546224560.94
1546224560.97
1546224561.01
1546224561.04
1546224561.08
1546224561.11
1546224561.14
1546224561.18
1546224561.21
1546224561.24
1546224561.28
1546224561.31
1546224561.34
1546224561.38
1546224561.41
1546224561.44
1546224561.48
1546224561.51
1546224561.54
1546224561.58
1546224561.61
1546224561.64
1546224561.68
1546224561.71
1546224561.74
1546224561.78
1546224561.81
1546224561.84
1546224561.88
1546224561.91
1546224561.94
1546224561.98
1546224562.01
1546224562.04
1546224562.08
1546224562.11
1546224562.14
1546224562.18
1546224562.21
1546224562.24
1546224562.28
1546224562.31
1546224562.35
1546224562.38
1546224562.41
1546224562.44
1546224562.48
1546224562.51
1546224562.55
1546224562.58
1546224562.61
1546224562.64
1546224562.68
1546224562.71
1546224562.75
1546224562.78
1546224562.81
1546224562.85
1546224562.88
1546224562.91
1546224562.94
1546224562.98
1546224563.01
1546224563.05
1546224563.08
1546224563.11
1546224563.15
1546224563.18
1546224563.21
1546224563.25
1546224563.28
1546224563.31
1546224563.35
1546224563.38
1546224563.41
1546224563.45
1546224563.48
1546224563.51
1546224563.55
1546224563.58
1546224563.61
1546224563.65
1546224563.68
1546224563.71
1546224563.74
1546224563.77
1546224563.8
1546224563.84
1546224563.87
1546224563.9
1546224563.94
1546224563.97
1546224564.0
1546224564.04
1546224564.07
1546224564.1
1546224564.14
1546224564.17
1546224564.2
1546224564.24
1546224564.27
1546224564.3
1546224564.34
1546224564.37
1546224564.4
1546224564.44
1546224564.47
1546224564.5
1546224564.54
1546224564.57
1546224564.6
1546224564.64
1546224564.67
1546224564.7
1546224564.74
1546224564.77
1546224564.81
1546224564.84
1546224564.87
1546224564.9
1546224564.94
1546224564.97
1546224565.0
1546224565.04
1546224565.07
1546224565.1
1546224565.14
1546224565.17
1546224565.2
1546224565.24
1546224565.27
1546224565.3
1546224565.34
1546224565.37
1546224565.4
1546224565.44
1546224565.47
1546224565.5
1546224565.54
1546224565.57
1546224565.61
1546224565.64
1546224565.67
1546224565.7
1546224565.74
1546224565.77
1546224565.8
1546224565.84
1546224565.87
1546224565.9
1546224565.94
1546224565.97
1546224566.0
1546224566.04
1546224566.07
1546224566.1
1546224566.14
1546224566.17
1546224566.2
1546224566.24
1546224566.27
1546224566.3
1546224566.34
1546224566.37
1546224566.4
1546224566.44
1546224566.47
1546224566.5
1546224566.54
1546224566.57
1546224566.61
1546224566.64
1546224566.67
1546224566.7
1546224566.74
1546224566.77
1546224566.8
1546224566.84
1546224566.87
1546224566.9
1546224566.94
1546224566.97
1546224567.0
1546224567.04
1546224567.07
1546224567.11
1546224567.14
1546224567.17
1546224567.2
1546224567.24
1546224567.27
1546224567.3
1546224567.34
1546224567.37
1546224567.4
1546224567.44
1546224567.47
1546224567.5
1546224567.54
1546224567.57
1546224567.6
1546224567.64
1546224567.67
1546224567.7
1546224567.74
1546224567.77
1546224567.8
1546224567.84
1546224567.87
1546224567.9
1546224567.94
1546224567.97
1546224568.0
1546224568.04
1546224568.07
1546224568.1
1546224568.14
1546224568.17
1546224568.2
1546224568.24
1546224568.27
1546224568.3
1546224568.34
1546224568.37
1546224568.4
1546224568.44
1546224568.47
1546224568.51
1546224568.54
1546224568.57
1546224568.6
1546224568.64
1546224568.67
1546224568.7
1546224568.74
1546224568.77
1546224568.8
1546224568.84
1546224568.87
1546224568.9
1546224568.94
1546224568.97
1546224569.0
1546224569.04
1546224569.07
1546224569.1
1546224569.14
1546224569.17
1546224569.2
1546224569.24
1546224569.27
1546224569.3
1546224569.34
1546224569.37
1546224569.4
1546224569.44
1546224569.47
1546224569.5
1546224569.54
1546224569.57
1546224569.6
1546224569.64
1546224569.67
1546224569.7
1546224569.74
1546224569.77
1546224569.8
1546224569.84
1546224569.87
1546224569.9
1546224569.94
1546224569.97
1546224570.0
1546224570.04
1546224570.07
1546224570.1
1546224570.14
1546224570.17
1546224570.2
1546224570.24
1546224570.27
1546224570.3
1546224570.34
1546224570.37
1546224570.4
1546224570.44
1546224570.47
1546224570.5
1546224570.54
1546224570.57
1546224570.6
1546224570.63
1546224570.67
1546224570.7
1546224570.74
1546224570.77
1546224570.8
1546224570.84
1546224570.87
1546224570.9
1546224570.93
1546224570.97
1546224571.0
1546224571.04
1546224571.07
1546224571.1
1546224571.13
1546224571.17
1546224571.2
1546224571.23
1546224571.27
1546224571.3
1546224571.34
1546224571.37
1546224571.4
1546224571.43
1546224571.47
1546224571.5
1546224571.54
1546224571.57
1546224571.6
1546224571.63
1546224571.67
1546224571.7
1546224571.73
1546224571.77
1546224571.8
1546224571.83
1546224571.87
1546224571.9
1546224571.93
1546224571.97
1546224572.0
1546224572.04
1546224572.07
1546224572.1
1546224572.13
1546224572.17
1546224572.2
1546224572.23
1546224572.27
1546224572.3
1546224572.34
1546224572.37
1546224572.4
1546224572.43
1546224572.47
1546224572.5
1546224572.54
1546224572.57
1546224572.6
1546224572.63
1546224572.67
1546224572.7
1546224572.73
1546224572.77
1546224572.8
1546224572.84
1546224572.87
1546224572.9
1546224572.93
1546224572.97
1546224573.0
1546224573.04
1546224573.07
1546224573.1
1546224573.13
1546224573.17
1546224573.2
1546224573.24
1546224573.27
1546224573.3
1546224573.34
1546224573.37
1546224573.4
1546224573.43
1546224573.47
1546224573.5
1546224573.54
1546224573.57
1546224573.6
1546224573.64
1546224573.67
1546224573.7
1546224573.74
1546224573.77
1546224573.8
1546224573.84
1546224573.87
1546224573.9
1546224573.94
1546224573.97
1546224574.0
1546224574.04
1546224574.07
1546224574.1
1546224574.14
1546224574.17
1546224574.2
1546224574.24
1546224574.27
1546224574.31
1546224574.34
1546224574.37
1546224574.4
1546224574.44
1546224574.47
1546224574.5
1546224574.54
1546224574.57
1546224574.6
1546224574.64
1546224574.67
1546224574.7
1546224574.74
1546224574.77
1546224574.8
1546224574.84
1546224574.87
1546224574.9
1546224574.94
1546224574.97
1546224575.0
1546224575.04
1546224575.07
1546224575.1
1546224575.14
1546224575.17
1546224575.2
1546224575.24
1546224575.27
1546224575.3
1546224575.34
1546224575.37
1546224575.4
1546224575.44
1546224575.47
1546224575.5
1546224575.54
1546224575.57
1546224575.6
1546224575.64
1546224575.67
1546224575.7
1546224575.74
1546224575.77
1546224575.8
1546224575.84
1546224575.87
1546224575.9
1546224575.94
1546224575.97
1546224576.0
1546224576.04
1546224576.07
1546224576.1
1546224576.13
1546224576.17
1546224576.2
1546224576.23
1546224576.27
1546224576.3
1546224576.34
1546224576.37
1546224576.4
1546224576.43
1546224576.47
1546224576.5
1546224576.54
1546224576.57
1546224576.6
1546224576.63
1546224576.67
1546224576.7
1546224576.73
1546224576.77
1546224576.8
1546224576.84
1546224576.87
1546224576.9
1546224576.93
1546224576.97
1546224577.0
1546224577.04
1546224577.07
1546224577.1
1546224577.13
1546224577.17
1546224577.2
1546224577.24
1546224577.27
1546224577.3
1546224577.34
1546224577.37
1546224577.4
1546224577.44
1546224577.47
1546224577.5
1546224577.54
1546224577.57
1546224577.6
1546224577.63
1546224577.67
1546224577.7
1546224577.73
1546224577.77
1546224577.8
1546224577.83
1546224577.87
1546224577.9
1546224577.93
1546224577.97
1546224578.0
1546224578.03
1546224578.07
1546224578.1
1546224578.13
1546224578.17
1546224578.2
1546224578.23
1546224578.27
1546224578.3
1546224578.33
1546224578.37
1546224578.4
1546224578.43
1546224578.47
1546224578.5
1546224578.53
1546224578.57
1546224578.6
1546224578.63
1546224578.67
1546224578.7
1546224578.73
1546224578.77
1546224578.8
1546224578.83
1546224578.87
1546224578.9
1546224578.93
1546224578.97
1546224579.0
1546224579.03
1546224579.07
1546224579.1
1546224579.13
1546224579.16
1546224579.2
1546224579.23
1546224579.27
1546224579.3
1546224579.33
1546224579.37
1546224579.4
1546224579.43
1546224579.47
1546224579.5
1546224579.53
1546224579.57
1546224579.6
1546224579.63
1546224579.67
1546224579.7
1546224579.73
1546224579.77
1546224579.8
1546224579.83
1546224579.87
1546224579.9
1546224579.93
1546224579.97
1546224580.0
1546224580.03
1546224580.07
1546224580.1
1546224580.13
1546224580.17
1546224580.2
1546224580.23
1546224580.27
1546224580.3
1546224580.33
1546224580.37
1546224580.4
1546224580.43
1546224580.46
1546224580.5
1546224580.53
1546224580.57
1546224580.6
1546224580.63
1546224580.67
1546224580.7
1546224580.73
1546224580.77
1546224580.8
1546224580.83
1546224580.87
1546224580.9
1546224580.93
1546224580.97
1546224581.0
1546224581.03
1546224581.07
1546224581.1
1546224581.13
1546224581.17
1546224581.2
1546224581.23
1546224581.27
1546224581.3
1546224581.33
1546224581.37
1546224581.4
1546224581.43
1546224581.46
1546224581.5
1546224581.53
1546224581.57
1546224581.6
1546224581.63
1546224581.67
1546224581.7
1546224581.73
1546224581.77
1546224581.8
1546224581.83
1546224581.87
1546224581.9
1546224581.93
1546224581.97
1546224582.0
1546224582.03
1546224582.07
1546224582.1
1546224582.13
1546224582.17
1546224582.2
1546224582.23
1546224582.27
1546224582.3
1546224582.33
1546224582.37
1546224582.4
1546224582.43
1546224582.47
1546224582.5
1546224582.53
1546224582.57
1546224582.6
1546224582.63
1546224582.67
1546224582.7
1546224582.73
1546224582.77
1546224582.8
1546224582.83
1546224582.87
1546224582.9
1546224582.93
1546224582.97
1546224583.0
1546224583.04
1546224583.07
1546224583.1
1546224583.13
1546224583.17
1546224583.2
1546224583.24
1546224583.27
1546224583.3
1546224583.34
1546224583.37
1546224583.4
1546224583.44
1546224583.47
1546224583.5
1546224583.54
1546224583.57
1546224583.6
1546224583.64
1546224583.67
1546224583.7
1546224583.74
1546224583.77
1546224583.8
1546224583.84
1546224583.87
1546224583.9
1546224583.94
1546224583.97
1546224584.0
1546224584.04
1546224584.07
1546224584.1
1546224584.14
1546224584.17
1546224584.2
1546224584.24
1546224584.27
1546224584.3
1546224584.34
1546224584.37
1546224584.4
1546224584.44
1546224584.47
1546224584.5
1546224584.54
1546224584.57
1546224584.6
1546224584.64
1546224584.67
1546224584.7
1546224584.74
1546224584.77
1546224584.81
1546224584.84
1546224584.87
1546224584.9
1546224584.94
1546224584.97
1546224585.01
1546224585.04
1546224585.07
1546224585.11
1546224585.14
1546224585.17
1546224585.21
1546224585.24
1546224585.27
1546224585.31
1546224585.34
1546224585.37
1546224585.41
1546224585.44
1546224585.47
1546224585.51
1546224585.54
1546224585.57
1546224585.61
1546224585.64
1546224585.67
1546224585.71
1546224585.74
1546224585.77
1546224585.81
1546224585.84
1546224585.87
1546224585.91
1546224585.94
1546224585.97
1546224586.01
1546224586.04
1546224586.07
1546224586.11
1546224586.14
1546224586.17
1546224586.21
1546224586.24
1546224586.28
1546224586.31
1546224586.34
1546224586.38
1546224586.41
1546224586.44
1546224586.47
1546224586.51
1546224586.54
1546224586.58
1546224586.61
1546224586.64
1546224586.67
1546224586.71
1546224586.74
1546224586.78
1546224586.81
1546224586.84
1546224586.88
1546224586.9
1546224586.93
1546224586.97
1546224587.0
1546224587.04
1546224587.07
1546224587.1
1546224587.13
1546224587.17
1546224587.2
1546224587.23
1546224587.27
1546224587.3
1546224587.34
1546224587.37
1546224587.4
1546224587.43
1546224587.47
1546224587.5
1546224587.53
1546224587.57
1546224587.6
1546224587.63
1546224587.67
1546224587.7
1546224587.73
1546224587.77
1546224587.8
1546224587.84
1546224587.87
1546224587.9
1546224587.93
1546224587.97
1546224588.0
1546224588.03
1546224588.07
1546224588.1
1546224588.13
1546224588.17
1546224588.2
1546224588.23
1546224588.27
1546224588.3
1546224588.33
1546224588.37
1546224588.4
1546224588.43
1546224588.47
1546224588.5
1546224588.53
1546224588.57
1546224588.6
1546224588.63
1546224588.67
1546224588.7
1546224588.73
1546224588.77
1546224588.8
1546224588.83
1546224588.87
1546224588.9
1546224588.93
1546224588.96
1546224589.0
1546224589.03
1546224589.07
1546224589.1
1546224589.13
1546224589.17
1546224589.2
1546224589.23
1546224589.27
1546224589.3
1546224589.33
1546224589.37
1546224589.4
1546224589.43
1546224589.47
1546224589.5
1546224589.53
1546224589.57
1546224589.6
1546224589.63
1546224589.66
1546224589.7
1546224589.73
1546224589.76
1546224589.8
1546224589.83
1546224589.86
1546224589.9
1546224589.93
1546224589.96
1546224590.0
1546224590.03
1546224590.06
1546224590.1
1546224590.13
1546224590.16
1546224590.2
1546224590.23
1546224590.26
1546224590.3
1546224590.33
1546224590.36
1546224590.4
1546224590.43
1546224590.46
1546224590.5
1546224590.53
1546224590.56
1546224590.6
1546224590.63
1546224590.66
1546224590.7
1546224590.73
1546224590.76
1546224590.8
1546224590.83
1546224590.86
1546224590.9
1546224590.93
1546224590.96
1546224591.0
1546224591.03
1546224591.06
1546224591.1
1546224591.13
1546224591.16
1546224591.2
1546224591.23
1546224591.26
1546224591.3
1546224591.33
1546224591.36
1546224591.4
1546224591.43
1546224591.46
1546224591.5
1546224591.53
1546224591.56
1546224591.6
1546224591.63
1546224591.66
1546224591.7
1546224591.73
1546224591.76
1546224591.8
1546224591.83
1546224591.86
1546224591.9
1546224591.93
1546224591.96
1546224592.0
1546224592.03
1546224592.06
1546224592.1
1546224592.13
1546224592.16
1546224592.2
1546224592.23
1546224592.26
1546224592.3
1546224592.33
1546224592.36
1546224592.4
1546224592.43
1546224592.46
1546224592.5
1546224592.53
1546224592.56
1546224592.6
1546224592.63
1546224592.66
1546224592.7
1546224592.73
1546224592.76
1546224592.8
1546224592.83
1546224592.86
1546224592.9
1546224592.93
1546224592.96
1546224593.0
1546224593.03
1546224593.06
1546224593.1
1546224593.13
1546224593.16
1546224593.2
1546224593.23
1546224593.26
1546224593.3
1546224593.33
1546224593.36
1546224593.4
1546224593.43
1546224593.46
1546224593.5
1546224593.53
1546224593.56
1546224593.6
1546224593.63
1546224593.66
1546224593.7
1546224593.73
1546224593.76
1546224593.8
1546224593.83
1546224593.86
1546224593.9
1546224593.93
1546224593.96
1546224594.0
1546224594.03
1546224594.06
1546224594.1
1546224594.13
1546224594.16
1546224594.2
1546224594.23
1546224594.26
1546224594.3
1546224594.33
1546224594.36
1546224594.4
1546224594.43
1546224594.46
1546224594.5
1546224594.53
1546224594.56
1546224594.6
1546224594.63
1546224594.66
1546224594.7
1546224594.73
1546224594.76
1546224594.8
1546224594.83
1546224594.86
1546224594.9
1546224594.93
1546224594.96
1546224595.0
1546224595.03
1546224595.06
1546224595.1
1546224595.13
1546224595.16
1546224595.2
1546224595.23
1546224595.26
1546224595.3
1546224595.33
1546224595.36
1546224595.4
1546224595.43
1546224595.46
1546224595.5
1546224595.53
1546224595.56
1546224595.6
1546224595.63
1546224595.66
1546224595.7
1546224595.73
1546224595.76
1546224595.8
1546224595.83
1546224595.86
1546224595.9
1546224595.93
1546224595.96
1546224596.0
1546224596.03
1546224596.06
1546224596.1
1546224596.13
1546224596.16
1546224596.19
1546224596.23
1546224596.26
1546224596.3
1546224596.33
1546224596.36
1546224596.4
1546224596.43
1546224596.46
1546224596.49
1546224596.53
1546224596.56
1546224596.6
1546224596.63
1546224596.66
1546224596.69
1546224596.73
1546224596.76
1546224596.8
1546224596.83
1546224596.86
1546224596.89
1546224596.93
1546224596.96
1546224596.99
1546224597.03
1546224597.06
1546224597.1
1546224597.13
1546224597.16
1546224597.19
1546224597.23
1546224597.26
1546224597.29
1546224597.33
1546224597.36
1546224597.39
1546224597.43
1546224597.46
1546224597.49
1546224597.53
1546224597.56
1546224597.6
1546224597.63
1546224597.66
1546224597.69
1546224597.73
1546224597.76
1546224597.8
1546224597.83
1546224597.86
1546224597.9
1546224597.93
1546224597.96
1546224597.99
1546224598.03
1546224598.06
1546224598.09
1546224598.13
1546224598.16
1546224598.19
1546224598.23
1546224598.26
1546224598.3
1546224598.33
1546224598.36
1546224598.39
1546224598.43
1546224598.46
1546224598.49
1546224598.53
1546224598.56
1546224598.6
1546224598.63
1546224598.66
1546224598.69
1546224598.73
1546224598.76
1546224598.79
1546224598.83
1546224598.86
1546224598.89
1546224598.93
1546224598.96
1546224598.99
1546224599.03
1546224599.06
1546224599.09
1546224599.13
1546224599.16
1546224599.19
1546224599.23
1546224599.26
1546224599.29
1546224599.33
1546224599.36
1546224599.39
1546224599.43
1546224599.46
1546224599.49
1546224599.53
1546224599.56
1546224599.59
1546224599.63
1546224599.66
1546224599.69
1546224599.73
1546224599.76
1546224599.79
1546224599.83
1546224599.86
1546224599.89
1546224599.92
1546224599.96
1546224599.99
1546224600.03
1546224600.06
1546224600.09
1546224600.13
1546224600.16
1546224600.19
1546224600.22
1546224600.26
1546224600.29
1546224600.33
1546224600.36
1546224600.39
1546224600.42
1546224600.46
1546224600.49
1546224600.53
1546224600.56
1546224600.59
1546224600.62
1546224600.66
1546224600.69
1546224600.72
1546224600.76
1546224600.79
1546224600.83
1546224600.86
1546224600.89
1546224600.92
1546224600.96
1546224600.99
1546224601.03
1546224601.06
1546224601.09
1546224601.13
1546224601.16
1546224601.19
1546224601.22
1546224601.26
1546224601.29
1546224601.33
1546224601.36
1546224601.39
1546224601.43
1546224601.46
1546224601.49
1546224601.53
1546224601.56
1546224601.59
1546224601.63
1546224601.66
1546224601.69
1546224601.73
1546224601.76
1546224601.79
1546224601.83
1546224601.86
1546224601.89
1546224601.93
1546224601.96
1546224601.99
1546224602.03
1546224602.06
1546224602.09
1546224602.13
1546224602.16
1546224602.19
1546224602.22
1546224602.26
1546224602.29
1546224602.33
1546224602.36
1546224602.39
1546224602.42
1546224602.46
1546224602.49
1546224602.53
1546224602.56
1546224602.59
1546224602.63
1546224602.66
1546224602.69
1546224602.73
1546224602.76
1546224602.79
1546224602.83
1546224602.86
1546224602.89
1546224602.93
1546224602.96
1546224602.99
1546224603.03
1546224603.06
1546224603.09
1546224603.13
1546224603.16
1546224603.19
1546224603.23
1546224603.26
1546224603.29
1546224603.33
1546224603.36
1546224603.39
1546224603.43
1546224603.46
1546224603.49
1546224603.53
1546224603.56
1546224603.59
1546224603.62
1546224603.66
1546224603.69
1546224603.73
1546224603.76
1546224603.79
1546224603.83
1546224603.86
1546224603.89
1546224603.92
1546224603.96
1546224603.99
1546224604.03
1546224604.06
1546224604.09
1546224604.12
1546224604.16
1546224604.19
1546224604.22
1546224604.26
1546224604.29
1546224604.33
1546224604.36
1546224604.39
1546224604.42
1546224604.46
1546224604.49
1546224604.52
1546224604.56
1546224604.59
1546224604.62
1546224604.66
1546224604.69
1546224604.72
1546224604.76
1546224604.79
1546224604.82
1546224604.86
1546224604.89
1546224604.92
1546224604.96
1546224604.99
1546224605.02
1546224605.06
1546224605.09
1546224605.12
1546224605.16
1546224605.19
1546224605.22
1546224605.26
1546224605.29
1546224605.33
1546224605.36
1546224605.39
1546224605.42
1546224605.46
1546224605.49
1546224605.53
1546224605.56
1546224605.59
1546224605.62
1546224605.66
1546224605.69
1546224605.72
1546224605.76
1546224605.79
1546224605.83
1546224605.86
1546224605.89
1546224605.92
1546224605.96
1546224605.99
1546224606.03
1546224606.06
1546224606.09
1546224606.12
1546224606.16
1546224606.19
1546224606.22
1546224606.26
1546224606.29
1546224606.33
1546224606.36
1546224606.39
1546224606.43
1546224606.46
1546224606.49
1546224606.53
1546224606.56
1546224606.59
1546224606.63
1546224606.66
1546224606.69
1546224606.73
1546224606.76
1546224606.79
1546224606.83
1546224606.86
1546224606.89
1546224606.93
1546224606.96
1546224606.99
1546224607.03
1546224607.06
1546224607.1
1546224607.13
1546224607.16
1546224607.19
1546224607.23
1546224607.26
1546224607.29
1546224607.33
1546224607.36
1546224607.39
1546224607.43
1546224607.46
1546224607.49
1546224607.53
1546224607.56
1546224607.59
1546224607.63
1546224607.66
1546224607.69
1546224607.73
1546224607.76
1546224607.8
1546224607.83
1546224607.86
1546224607.89
1546224607.93
1546224607.96
1546224608.0
1546224608.03
1546224608.06
1546224608.1
1546224608.13
1546224608.16
1546224608.2
1546224608.23
1546224608.26
1546224608.3
1546224608.33
1546224608.36
1546224608.4
1546224608.43
1546224608.46
1546224608.5
1546224608.53
1546224608.56
1546224608.6
1546224608.63
1546224608.66
1546224608.7
1546224608.73
1546224608.76
1546224608.8
1546224608.83
1546224608.86
1546224608.9
1546224608.93
1546224608.96
1546224609.0
1546224609.03
1546224609.06
1546224609.1
1546224609.13
1546224609.16
1546224609.2
1546224609.23
1546224609.26
1546224609.3
1546224609.33
1546224609.36
1546224609.4
1546224609.43
1546224609.46
1546224609.5
1546224609.53
1546224609.56
1546224609.6
1546224609.63
1546224609.66
1546224609.7
1546224609.73
1546224609.76
1546224609.8
1546224609.83
1546224609.86
1546224609.9
1546224609.92
1546224609.96
1546224609.99
1546224610.02
1546224610.06
1546224610.09
1546224610.12
1546224610.16
1546224610.19
1546224610.22
1546224610.26
1546224610.29
1546224610.32
1546224610.36
1546224610.39
1546224610.42
1546224610.46
1546224610.49
1546224610.52
1546224610.56
1546224610.59
1546224610.62
1546224610.66
1546224610.69
1546224610.72
1546224610.76
1546224610.79
1546224610.82
1546224610.86
1546224610.89
1546224610.92
1546224610.96
1546224610.99
1546224611.02
1546224611.06
1546224611.09
1546224611.12
1546224611.16
1546224611.19
1546224611.22
1546224611.26
1546224611.29
1546224611.32
1546224611.36
1546224611.39
1546224611.42
1546224611.45
1546224611.49
1546224611.52
1546224611.56
1546224611.59
1546224611.62
1546224611.66
1546224611.69
1546224611.72
1546224611.76
1546224611.79
1546224611.82
1546224611.86
1546224611.89
1546224611.92
1546224611.95
1546224611.99
1546224612.02
1546224612.06
1546224612.09
1546224612.12
1546224612.16
1546224612.19
1546224612.22
1546224612.26
1546224612.29
1546224612.32
1546224612.36
1546224612.39
1546224612.42
1546224612.46
1546224612.49
1546224612.52
1546224612.56
1546224612.59
1546224612.62
1546224612.65
1546224612.69
1546224612.72
1546224612.76
1546224612.79
1546224612.82
1546224612.86
1546224612.89
1546224612.92
1546224612.95
1546224612.99
1546224613.02
1546224613.06
1546224613.09
1546224613.12
1546224613.15
1546224613.19
1546224613.22
1546224613.26
1546224613.29
1546224613.32
1546224613.35
1546224613.39
1546224613.42
1546224613.45
1546224613.49
1546224613.52
1546224613.56
1546224613.59
1546224613.62
1546224613.65
1546224613.69
1546224613.72
1546224613.75
1546224613.79
1546224613.82
1546224613.85
1546224613.89
1546224613.92
1546224613.95
1546224613.99
1546224614.02
1546224614.05
1546224614.09
1546224614.12
1546224614.15
1546224614.19
1546224614.22
1546224614.25
1546224614.29
1546224614.32
1546224614.35
1546224614.39
1546224614.42
1546224614.45
1546224614.49
1546224614.52
1546224614.55
1546224614.59
1546224614.62
1546224614.65
1546224614.69
1546224614.72
1546224614.75
1546224614.79
1546224614.82
1546224614.85
1546224614.89
1546224614.92
1546224614.95
1546224614.99
1546224615.02
1546224615.05
1546224615.09
1546224615.12
1546224615.15
1546224615.19
1546224615.22
1546224615.25
1546224615.29
1546224615.32
1546224615.35
1546224615.38
1546224615.42
1546224615.45
1546224615.48
1546224615.52
1546224615.55
1546224615.59
1546224615.62
1546224615.65
1546224615.68
1546224615.72
1546224615.75
1546224615.79
1546224615.82
1546224615.85
1546224615.88
1546224615.92
1546224615.95
1546224615.98
1546224616.02
1546224616.05
1546224616.09
1546224616.12
1546224616.15
1546224616.18
1546224616.22
1546224616.25
1546224616.28
1546224616.32
1546224616.35
1546224616.38
1546224616.42
1546224616.45
1546224616.48
1546224616.52
1546224616.55
1546224616.58
1546224616.62
1546224616.65
1546224616.68
1546224616.72
1546224616.75
1546224616.78
1546224616.82
1546224616.85
1546224616.88
1546224616.92
1546224616.95
1546224616.98
1546224617.02
1546224617.05
1546224617.09
1546224617.12
1546224617.15
1546224617.18
1546224617.22
1546224617.25
1546224617.29
1546224617.32
1546224617.35
1546224617.38
1546224617.42
1546224617.45
1546224617.48
1546224617.52
1546224617.55
1546224617.58
1546224617.62
1546224617.65
1546224617.68
1546224617.72
1546224617.75
1546224617.78
1546224617.82
1546224617.85
1546224617.88
1546224617.92
1546224617.95
1546224617.98
1546224618.02
1546224618.05
1546224618.08
1546224618.12
1546224618.15
1546224618.18
1546224618.22
1546224618.25
1546224618.28
1546224618.32
1546224618.35
1546224618.38
1546224618.42
1546224618.45
1546224618.48
1546224618.52
1546224618.55
1546224618.58
1546224618.62
1546224618.65
1546224618.68
1546224618.72
1546224618.75
1546224618.78
1546224618.82
1546224618.85
1546224618.88
1546224618.92
1546224618.95
1546224618.98
1546224619.02
1546224619.05
1546224619.08
1546224619.12
1546224619.15
1546224619.18
1546224619.22
1546224619.25
1546224619.28
1546224619.32
1546224619.35
1546224619.38
1546224619.42
1546224619.45
1546224619.48
1546224619.52
1546224619.55
1546224619.58
1546224619.62
1546224619.65
1546224619.68
1546224619.71
1546224619.75
1546224619.78
1546224619.82
1546224619.85
1546224619.88
1546224619.92
1546224619.95
1546224619.98
1546224620.02
1546224620.05
1546224620.08
1546224620.12
1546224620.15
1546224620.18
1546224620.22
1546224620.25
1546224620.28
1546224620.32
1546224620.35
1546224620.38
1546224620.42
1546224620.45
1546224620.48
1546224620.52
1546224620.55
1546224620.58
1546224620.62
1546224620.65
1546224620.68
1546224620.72
1546224620.75
1546224620.78
1546224620.82
1546224620.85
1546224620.88
1546224620.91
1546224620.95
1546224620.98
1546224621.02
1546224621.05
1546224621.08
1546224621.12
1546224621.15
1546224621.18
1546224621.22
1546224621.25
1546224621.28
1546224621.32
1546224621.35
1546224621.38
1546224621.41
1546224621.45
1546224621.48
1546224621.52
1546224621.55
1546224621.58
1546224621.62
1546224621.65
1546224621.68
1546224621.71
1546224621.75
1546224621.78
1546224621.82
1546224621.85
1546224621.88
1546224621.91
1546224621.95
1546224621.98
1546224622.01
1546224622.05
1546224622.08
1546224622.12
1546224622.15
1546224622.18
1546224622.21
1546224622.25
1546224622.28
1546224622.31
1546224622.35
1546224622.38
1546224622.41
1546224622.45
1546224622.48
1546224622.51
1546224622.55
1546224622.58
1546224622.61
1546224622.65
1546224622.68
1546224622.71
1546224622.75
1546224622.78
1546224622.81
1546224622.85
1546224622.88
1546224622.91
1546224622.95
1546224622.98
1546224623.01
1546224623.05
1546224623.08
1546224623.11
1546224623.15
1546224623.18
1546224623.21
1546224623.25
1546224623.28
1546224623.31
1546224623.35
1546224623.38
1546224623.41
1546224623.45
1546224623.48
1546224623.51
1546224623.55
1546224623.58
1546224623.61
1546224623.65
1546224623.68
1546224623.71
1546224623.74
1546224623.78
1546224623.81
1546224623.85
1546224623.88
1546224623.91
1546224623.94
1546224623.98
1546224624.01
1546224624.04
1546224624.08
1546224624.11
1546224624.14
1546224624.18
1546224624.21
1546224624.24
1546224624.28
1546224624.31
1546224624.34
1546224624.38
1546224624.41
1546224624.44
1546224624.48
1546224624.51
1546224624.54
1546224624.58
1546224624.61
1546224624.64
1546224624.68
1546224624.71
1546224624.74
1546224624.78
1546224624.81
1546224624.84
1546224624.88
1546224624.91
1546224624.94
1546224624.98
1546224625.01
1546224625.04
1546224625.08
1546224625.11
1546224625.14
1546224625.17
1546224625.21
1546224625.24
1546224625.28
1546224625.31
1546224625.34
1546224625.38
1546224625.41
1546224625.44
1546224625.48
1546224625.51
1546224625.54
1546224625.58
1546224625.61
1546224625.64
1546224625.67
1546224625.71
1546224625.74
1546224625.78
1546224625.81
1546224625.84
1546224625.88
1546224625.91
1546224625.94
1546224625.97
1546224626.01
1546224626.04
1546224626.08
1546224626.11
1546224626.14
1546224626.18
1546224626.21
1546224626.24
1546224626.28
1546224626.31
1546224626.34
1546224626.38
1546224626.41
1546224626.44
1546224626.48
1546224626.51
1546224626.54
1546224626.58
1546224626.61
1546224626.64
1546224626.68
1546224626.71
1546224626.74
1546224626.78
1546224626.81
1546224626.84
1546224626.88
1546224626.91
1546224626.94
1546224626.97
1546224627.01
1546224627.04
1546224627.08
1546224627.11
1546224627.14
1546224627.18
1546224627.21
1546224627.24
1546224627.28
1546224627.31
1546224627.34
1546224627.38
1546224627.41
1546224627.44
1546224627.48
1546224627.51
1546224627.54
1546224627.58
1546224627.61
1546224627.64
1546224627.68
1546224627.71
1546224627.74
1546224627.78
1546224627.81
1546224627.84
1546224627.88
1546224627.91
1546224627.94
1546224627.98
1546224628.01
1546224628.04
1546224628.08
1546224628.11
1546224628.14
1546224628.18
1546224628.21
1546224628.24
1546224628.28
1546224628.31
1546224628.34
1546224628.38
1546224628.41
1546224628.44
1546224628.48
1546224628.51
1546224628.54
1546224628.58
1546224628.61
1546224628.64
1546224628.68
1546224628.71
1546224628.74
1546224628.78
1546224628.81
1546224628.84
1546224628.88
1546224628.91
1546224628.94
1546224628.98
1546224629.01
1546224629.04
1546224629.08
1546224629.11
1546224629.14
1546224629.18
1546224629.21
1546224629.24
1546224629.28
1546224629.31
1546224629.34
1546224629.38
1546224629.41
1546224629.44
1546224629.48
1546224629.51
1546224629.54
1546224629.58
1546224629.61
1546224629.64
1546224629.68
1546224629.71
1546224629.74
1546224629.78
1546224629.81
1546224629.84
1546224629.88
1546224629.91
1546224629.94
1546224629.98
1546224630.01
1546224630.04
1546224630.08
1546224630.11
1546224630.14
1546224630.18
1546224630.21
