1546231066.89
1546231067.03
1546231067.07
1546231067.1
1546231067.13
1546231067.15
1546231067.19
1546231067.22
1546231067.25
1546231067.28
1546231067.32
1546231067.35
1546231067.38
1546231067.42
1546231067.45
1546231067.48
1546231067.52
1546231067.55
1546231067.58
1546231067.62
1546231067.65
1546231067.68
1546231067.72
1546231067.75
1546231067.78
1546231067.82
1546231067.85
1546231067.88
1546231067.92
1546231067.95
1546231067.98
1546231068.02
1546231068.05
1546231068.08
1546231068.12
1546231068.15
1546231068.18
1546231068.22
1546231068.25
1546231068.28
1546231068.32
1546231068.35
1546231068.38
1546231068.42
1546231068.45
1546231068.48
1546231068.52
1546231068.55
1546231068.58
1546231068.62
1546231068.65
1546231068.68
1546231068.72
1546231068.75
1546231068.79
1546231068.82
1546231068.85
1546231068.88
1546231068.92
1546231068.95
1546231068.98
1546231069.02
1546231069.05
1546231069.09
1546231069.12
1546231069.15
1546231069.18
1546231069.22
1546231069.25
1546231069.29
1546231069.32
1546231069.35
1546231069.38
1546231069.42
1546231069.45
1546231069.49
1546231069.52
1546231069.55
1546231069.59
1546231069.62
1546231069.65
1546231069.68
1546231069.72
1546231069.75
1546231069.79
1546231069.82
1546231069.85
1546231069.88
1546231069.92
1546231069.95
1546231069.98
1546231070.02
1546231070.05
1546231070.09
1546231070.12
1546231070.15
1546231070.18
1546231070.22
1546231070.25
1546231070.28
1546231070.32
1546231070.35
1546231070.38
1546231070.42
1546231070.45
1546231070.48
1546231070.52
1546231070.55
1546231070.59
1546231070.62
1546231070.65
1546231070.68
1546231070.72
1546231070.75
1546231070.78
1546231070.82
1546231070.85
1546231070.88
1546231070.92
1546231070.95
1546231070.98
1546231071.02
1546231071.05
1546231071.08
1546231071.12
1546231071.15
1546231071.18
1546231071.22
1546231071.25
1546231071.28
1546231071.32
1546231071.35
1546231071.38
1546231071.42
1546231071.45
1546231071.48
1546231071.52
1546231071.55
1546231071.58
1546231071.62
1546231071.65
1546231071.68
1546231071.72
1546231071.75
1546231071.78
1546231071.82
1546231071.85
1546231071.88
1546231071.92
1546231071.95
1546231071.98
1546231072.02
1546231072.05
1546231072.08
1546231072.12
1546231072.15
1546231072.18
1546231072.22
1546231072.25
1546231072.28
1546231072.32
1546231072.35
1546231072.38
1546231072.42
1546231072.45
1546231072.48
1546231072.52
1546231072.55
1546231072.58
1546231072.62
1546231072.65
1546231072.68
1546231072.72
1546231072.75
1546231072.78
1546231072.82
1546231072.85
1546231072.88
1546231072.92
1546231072.95
1546231072.98
1546231073.02
1546231073.05
1546231073.08
1546231073.12
1546231073.15
1546231073.18
1546231073.22
1546231073.25
1546231073.28
1546231073.32
1546231073.35
1546231073.38
1546231073.41
1546231073.45
1546231073.48
1546231073.52
1546231073.55
1546231073.58
1546231073.62
1546231073.65
1546231073.68
1546231073.71
1546231073.75
1546231073.78
1546231073.82
1546231073.85
1546231073.88
1546231073.91
1546231073.95
1546231073.98
1546231074.02
1546231074.05
1546231074.08
1546231074.12
1546231074.15
1546231074.18
1546231074.21
1546231074.25
1546231074.28
1546231074.31
1546231074.35
1546231074.38
1546231074.41
1546231074.45
1546231074.48
1546231074.52
1546231074.55
1546231074.58
1546231074.62
1546231074.65
1546231074.68
1546231074.71
1546231074.75
1546231074.78
1546231074.82
1546231074.85
1546231074.88
1546231074.92
1546231074.95
1546231074.98
1546231075.02
1546231075.05
1546231075.08
1546231075.12
1546231075.15
1546231075.18
1546231075.22
1546231075.25
1546231075.28
1546231075.32
1546231075.35
1546231075.38
1546231075.42
1546231075.45
1546231075.48
1546231075.52
1546231075.55
1546231075.58
1546231075.62
1546231075.65
1546231075.68
1546231075.72
1546231075.75
1546231075.78
1546231075.82
1546231075.85
1546231075.88
1546231075.92
1546231075.95
1546231075.98
1546231076.02
1546231076.05
1546231076.08
1546231076.12
1546231076.15
1546231076.18
1546231076.22
1546231076.25
1546231076.28
1546231076.32
1546231076.35
1546231076.38
1546231076.42
1546231076.45
1546231076.48
1546231076.52
1546231076.55
1546231076.59
1546231076.62
1546231076.65
1546231076.68
1546231076.72
1546231076.75
1546231076.79
1546231076.82
1546231076.85
1546231076.88
1546231076.92
1546231076.95
1546231076.99
1546231077.02
1546231077.05
1546231077.09
1546231077.12
1546231077.15
1546231077.19
1546231077.22
1546231077.25
1546231077.29
1546231077.32
1546231077.35
1546231077.39
1546231077.42
1546231077.45
1546231077.49
1546231077.52
1546231077.55
1546231077.59
1546231077.62
1546231077.65
1546231077.69
1546231077.72
1546231077.75
1546231077.79
1546231077.82
1546231077.85
1546231077.89
1546231077.92
1546231077.95
1546231077.99
1546231078.02
1546231078.05
1546231078.09
1546231078.12
1546231078.15
1546231078.19
1546231078.22
1546231078.26
1546231078.29
1546231078.32
1546231078.35
1546231078.39
1546231078.42
1546231078.45
1546231078.49
1546231078.52
1546231078.56
1546231078.59
1546231078.62
1546231078.65
1546231078.69
1546231078.72
1546231078.76
1546231078.79
1546231078.82
1546231078.86
1546231078.89
1546231078.92
1546231078.95
1546231078.99
1546231079.02
1546231079.06
1546231079.09
1546231079.12
1546231079.16
1546231079.19
1546231079.22
1546231079.26
1546231079.29
1546231079.32
1546231079.36
1546231079.39
1546231079.42
1546231079.46
1546231079.49
1546231079.52
1546231079.55
1546231079.58
1546231079.62
1546231079.65
1546231079.68
1546231079.71
1546231079.75
1546231079.78
1546231079.82
1546231079.85
1546231079.88
1546231079.91
1546231079.95
1546231079.98
1546231080.02
1546231080.05
1546231080.08
1546231080.12
1546231080.15
1546231080.18
1546231080.22
1546231080.25
1546231080.28
1546231080.32
1546231080.35
1546231080.38
1546231080.42
1546231080.45
1546231080.48
1546231080.52
1546231080.55
1546231080.58
1546231080.62
1546231080.65
1546231080.68
1546231080.72
1546231080.75
1546231080.78
1546231080.82
1546231080.85
1546231080.88
1546231080.92
1546231080.95
1546231080.98
1546231081.02
1546231081.05
1546231081.08
1546231081.12
1546231081.15
1546231081.18
1546231081.22
1546231081.25
1546231081.28
1546231081.32
1546231081.35
1546231081.38
1546231081.42
1546231081.45
1546231081.48
1546231081.52
1546231081.55
1546231081.58
1546231081.62
1546231081.65
1546231081.68
1546231081.72
1546231081.75
1546231081.78
1546231081.82
1546231081.85
1546231081.88
1546231081.92
1546231081.95
1546231081.98
1546231082.02
1546231082.05
1546231082.08
1546231082.12
1546231082.15
1546231082.18
1546231082.22
1546231082.25
1546231082.28
1546231082.32
1546231082.35
1546231082.38
1546231082.42
1546231082.45
1546231082.48
1546231082.52
1546231082.55
1546231082.58
1546231082.62
1546231082.65
1546231082.68
1546231082.72
1546231082.75
1546231082.78
1546231082.82
1546231082.85
1546231082.88
1546231082.92
1546231082.95
1546231082.98
1546231083.02
1546231083.05
1546231083.09
1546231083.12
1546231083.15
1546231083.18
1546231083.22
1546231083.25
1546231083.29
1546231083.32
1546231083.35
1546231083.38
1546231083.42
1546231083.45
1546231083.48
1546231083.52
1546231083.55
1546231083.59
1546231083.62
1546231083.65
1546231083.68
1546231083.72
1546231083.75
1546231083.79
1546231083.82
1546231083.85
1546231083.88
1546231083.92
1546231083.95
1546231083.98
1546231084.02
1546231084.05
1546231084.08
1546231084.12
1546231084.15
1546231084.18
1546231084.22
1546231084.25
1546231084.28
1546231084.32
1546231084.35
1546231084.38
1546231084.42
1546231084.45
1546231084.48
1546231084.52
1546231084.55
1546231084.58
1546231084.62
1546231084.65
1546231084.68
1546231084.72
1546231084.75
1546231084.78
1546231084.82
1546231084.85
1546231084.88
1546231084.92
1546231084.95
1546231084.98
1546231085.02
1546231085.05
1546231085.08
1546231085.12
1546231085.15
1546231085.18
1546231085.22
1546231085.25
1546231085.28
1546231085.32
1546231085.35
1546231085.38
1546231085.42
1546231085.45
1546231085.48
1546231085.52
1546231085.55
1546231085.58
1546231085.62
1546231085.65
1546231085.68
1546231085.72
1546231085.75
1546231085.78
1546231085.82
1546231085.85
1546231085.88
1546231085.92
1546231085.95
1546231085.98
1546231086.02
1546231086.05
1546231086.08
1546231086.12
1546231086.15
1546231086.18
1546231086.22
1546231086.25
1546231086.28
1546231086.32
1546231086.35
1546231086.38
1546231086.42
1546231086.45
1546231086.48
1546231086.52
1546231086.55
1546231086.58
1546231086.62
1546231086.65
1546231086.68
1546231086.72
1546231086.75
1546231086.78
1546231086.82
1546231086.85
1546231086.88
1546231086.92
1546231086.95
1546231086.98
1546231087.02
1546231087.05
1546231087.08
1546231087.12
1546231087.15
1546231087.18
1546231087.21
1546231087.25
1546231087.28
1546231087.32
1546231087.35
1546231087.38
1546231087.41
1546231087.45
1546231087.48
1546231087.51
1546231087.55
1546231087.58
1546231087.61
1546231087.65
1546231087.68
1546231087.71
1546231087.75
1546231087.78
1546231087.82
1546231087.85
1546231087.88
1546231087.91
1546231087.95
1546231087.98
1546231088.01
1546231088.05
1546231088.08
1546231088.11
1546231088.15
1546231088.18
1546231088.21
1546231088.25
1546231088.28
1546231088.31
1546231088.35
1546231088.38
1546231088.41
1546231088.45
1546231088.48
1546231088.51
1546231088.55
1546231088.58
1546231088.61
1546231088.65
1546231088.68
1546231088.71
1546231088.75
1546231088.78
1546231088.81
1546231088.85
1546231088.88
1546231088.91
1546231088.95
1546231088.98
1546231089.01
1546231089.05
1546231089.08
1546231089.11
1546231089.15
1546231089.18
1546231089.21
1546231089.25
1546231089.28
1546231089.31
1546231089.35
1546231089.38
1546231089.41
1546231089.45
1546231089.48
1546231089.51
1546231089.55
1546231089.58
1546231089.61
1546231089.65
1546231089.68
1546231089.71
1546231089.75
1546231089.78
1546231089.81
1546231089.85
1546231089.88
1546231089.91
1546231089.95
1546231089.98
1546231090.01
1546231090.05
1546231090.08
1546231090.11
1546231090.15
1546231090.18
1546231090.21
1546231090.25
1546231090.28
1546231090.32
1546231090.35
1546231090.38
1546231090.41
1546231090.45
1546231090.48
1546231090.51
1546231090.55
1546231090.58
1546231090.61
1546231090.65
1546231090.68
1546231090.71
1546231090.75
1546231090.78
1546231090.81
1546231090.85
1546231090.88
1546231090.91
1546231090.95
1546231090.98
1546231091.01
1546231091.05
1546231091.08
1546231091.11
1546231091.15
1546231091.18
1546231091.21
1546231091.25
1546231091.28
1546231091.31
1546231091.35
1546231091.38
1546231091.41
1546231091.45
1546231091.48
1546231091.51
1546231091.55
1546231091.58
1546231091.61
1546231091.65
1546231091.68
1546231091.71
1546231091.75
1546231091.78
1546231091.81
1546231091.85
1546231091.88
1546231091.91
1546231091.95
1546231091.98
1546231092.01
1546231092.05
1546231092.08
1546231092.11
1546231092.15
1546231092.18
1546231092.21
1546231092.25
1546231092.28
1546231092.31
1546231092.35
1546231092.38
1546231092.41
1546231092.45
1546231092.48
1546231092.51
1546231092.55
1546231092.58
1546231092.61
1546231092.65
1546231092.68
1546231092.71
1546231092.75
1546231092.78
1546231092.81
1546231092.85
1546231092.88
1546231092.91
1546231092.95
1546231092.98
1546231093.01
1546231093.05
1546231093.08
1546231093.12
1546231093.15
1546231093.18
1546231093.21
1546231093.25
1546231093.28
1546231093.31
1546231093.35
1546231093.38
1546231093.41
1546231093.45
1546231093.48
1546231093.51
1546231093.55
1546231093.58
1546231093.62
1546231093.65
1546231093.68
1546231093.71
1546231093.75
1546231093.78
1546231093.81
1546231093.85
1546231093.88
1546231093.91
1546231093.95
1546231093.98
1546231094.01
1546231094.05
1546231094.08
1546231094.11
1546231094.15
1546231094.18
1546231094.21
1546231094.25
1546231094.28
1546231094.32
1546231094.35
1546231094.38
1546231094.41
1546231094.45
1546231094.48
1546231094.51
1546231094.55
1546231094.58
1546231094.61
1546231094.65
1546231094.68
1546231094.71
1546231094.75
1546231094.78
1546231094.81
1546231094.85
1546231094.88
1546231094.91
1546231094.95
1546231094.98
1546231095.01
1546231095.05
1546231095.08
1546231095.11
1546231095.15
1546231095.18
1546231095.21
1546231095.24
1546231095.28
1546231095.31
1546231095.35
1546231095.38
1546231095.41
1546231095.45
1546231095.48
1546231095.51
1546231095.55
1546231095.58
1546231095.61
1546231095.65
1546231095.68
1546231095.71
1546231095.75
1546231095.78
1546231095.81
1546231095.85
1546231095.88
1546231095.91
1546231095.95
1546231095.98
1546231096.01
1546231096.05
1546231096.08
1546231096.11
1546231096.15
1546231096.18
1546231096.21
1546231096.25
1546231096.28
1546231096.31
1546231096.35
1546231096.38
1546231096.41
1546231096.45
1546231096.48
1546231096.52
1546231096.55
1546231096.58
1546231096.61
1546231096.65
1546231096.68
1546231096.71
1546231096.75
1546231096.78
1546231096.81
1546231096.85
1546231096.88
1546231096.91
1546231096.95
1546231096.98
1546231097.01
1546231097.05
1546231097.08
1546231097.11
1546231097.15
1546231097.18
1546231097.21
1546231097.25
1546231097.28
1546231097.31
1546231097.35
1546231097.38
1546231097.41
1546231097.45
1546231097.48
1546231097.51
1546231097.55
1546231097.58
1546231097.61
1546231097.64
1546231097.68
1546231097.71
1546231097.75
1546231097.78
1546231097.81
1546231097.85
1546231097.88
1546231097.91
1546231097.95
1546231097.98
1546231098.01
1546231098.05
1546231098.08
1546231098.11
1546231098.14
1546231098.18
1546231098.21
1546231098.24
1546231098.28
1546231098.31
1546231098.35
1546231098.38
1546231098.41
1546231098.44
1546231098.48
1546231098.51
1546231098.55
1546231098.58
1546231098.61
1546231098.64
1546231098.68
1546231098.71
1546231098.74
1546231098.78
1546231098.81
1546231098.85
1546231098.88
1546231098.91
1546231098.94
1546231098.98
1546231099.01
1546231099.05
1546231099.08
1546231099.11
1546231099.15
1546231099.18
1546231099.21
1546231099.25
1546231099.28
1546231099.31
1546231099.35
1546231099.38
1546231099.41
1546231099.44
1546231099.48
1546231099.51
1546231099.55
1546231099.58
1546231099.61
1546231099.65
1546231099.68
1546231099.71
1546231099.75
1546231099.78
1546231099.81
1546231099.85
1546231099.88
1546231099.91
1546231099.95
1546231099.98
1546231100.01
1546231100.05
1546231100.08
1546231100.11
1546231100.15
1546231100.18
1546231100.21
1546231100.25
1546231100.28
1546231100.32
1546231100.35
1546231100.38
1546231100.41
1546231100.45
1546231100.48
1546231100.52
1546231100.55
1546231100.58
1546231100.62
1546231100.65
1546231100.68
1546231100.71
1546231100.75
1546231100.78
1546231100.82
1546231100.85
1546231100.88
1546231100.92
1546231100.95
1546231100.98
1546231101.02
1546231101.05
1546231101.08
1546231101.12
1546231101.15
1546231101.18
1546231101.22
1546231101.25
1546231101.28
1546231101.32
1546231101.35
1546231101.38
1546231101.42
1546231101.45
1546231101.48
1546231101.52
1546231101.55
1546231101.58
1546231101.62
1546231101.65
1546231101.68
1546231101.71
1546231101.75
1546231101.78
1546231101.82
1546231101.85
1546231101.88
1546231101.92
1546231101.95
1546231101.98
1546231102.02
1546231102.05
1546231102.08
1546231102.12
1546231102.15
1546231102.18
1546231102.22
1546231102.25
1546231102.28
1546231102.32
1546231102.35
1546231102.38
1546231102.42
1546231102.45
1546231102.48
1546231102.52
1546231102.55
1546231102.58
1546231102.62
1546231102.65
1546231102.68
1546231102.72
1546231102.75
1546231102.78
1546231102.82
1546231102.85
1546231102.88
1546231102.92
1546231102.95
1546231102.98
1546231103.01
1546231103.04
1546231103.08
1546231103.11
1546231103.14
1546231103.18
1546231103.21
1546231103.24
1546231103.28
1546231103.31
1546231103.34
1546231103.38
1546231103.41
1546231103.44
1546231103.47
1546231103.51
1546231103.54
1546231103.57
1546231103.61
1546231103.64
1546231103.67
1546231103.71
1546231103.74
1546231103.78
1546231103.81
1546231103.84
1546231103.87
1546231103.91
1546231103.94
1546231103.97
1546231104.01
1546231104.04
1546231104.07
1546231104.11
1546231104.14
1546231104.17
1546231104.21
1546231104.24
1546231104.28
1546231104.31
1546231104.34
1546231104.38
1546231104.41
1546231104.44
1546231104.47
1546231104.51
1546231104.54
1546231104.57
1546231104.61
1546231104.64
1546231104.67
1546231104.71
1546231104.74
1546231104.77
1546231104.81
1546231104.84
1546231104.87
1546231104.91
1546231104.94
1546231104.97
1546231105.01
1546231105.04
1546231105.07
1546231105.11
1546231105.14
1546231105.17
1546231105.21
1546231105.24
1546231105.27
1546231105.31
1546231105.34
1546231105.37
1546231105.41
1546231105.44
1546231105.47
1546231105.51
1546231105.54
1546231105.57
1546231105.61
1546231105.64
1546231105.67
1546231105.71
1546231105.74
1546231105.77
1546231105.81
1546231105.84
1546231105.87
1546231105.9
1546231105.94
1546231105.97
1546231106.01
1546231106.04
1546231106.07
1546231106.11
1546231106.14
1546231106.17
1546231106.2
1546231106.24
1546231106.27
1546231106.31
1546231106.34
1546231106.37
1546231106.41
1546231106.44
1546231106.47
1546231106.51
1546231106.54
1546231106.57
1546231106.61
1546231106.64
1546231106.67
1546231106.71
1546231106.74
1546231106.77
1546231106.81
1546231106.84
1546231106.87
1546231106.9
1546231106.94
1546231106.97
1546231107.01
1546231107.04
1546231107.07
1546231107.11
1546231107.14
1546231107.17
1546231107.2
1546231107.24
1546231107.27
1546231107.3
1546231107.34
1546231107.37
1546231107.4
1546231107.44
1546231107.47
1546231107.5
1546231107.54
1546231107.57
1546231107.61
1546231107.64
1546231107.67
1546231107.7
1546231107.74
1546231107.77
1546231107.81
1546231107.84
1546231107.87
1546231107.9
1546231107.94
1546231107.97
1546231108.01
1546231108.04
1546231108.07
1546231108.1
1546231108.14
1546231108.17
1546231108.2
1546231108.24
1546231108.27
1546231108.3
1546231108.34
1546231108.37
1546231108.4
1546231108.44
1546231108.47
1546231108.5
1546231108.54
1546231108.57
1546231108.61
1546231108.64
1546231108.67
1546231108.7
1546231108.74
1546231108.77
1546231108.81
1546231108.84
1546231108.87
1546231108.91
1546231108.94
1546231108.97
1546231109.01
1546231109.04
1546231109.07
1546231109.11
1546231109.14
1546231109.17
1546231109.2
1546231109.24
1546231109.27
1546231109.31
1546231109.34
1546231109.37
1546231109.4
1546231109.44
1546231109.47
1546231109.5
1546231109.54
1546231109.57
1546231109.6
1546231109.64
1546231109.67
1546231109.7
1546231109.74
1546231109.77
1546231109.8
1546231109.84
1546231109.87
1546231109.9
1546231109.94
1546231109.97
1546231110.0
1546231110.04
1546231110.07
1546231110.1
1546231110.14
1546231110.17
1546231110.2
1546231110.24
1546231110.27
1546231110.3
1546231110.34
1546231110.37
1546231110.4
1546231110.44
1546231110.47
1546231110.5
1546231110.54
1546231110.57
1546231110.6
1546231110.64
1546231110.67
1546231110.7
1546231110.74
1546231110.77
1546231110.8
1546231110.84
1546231110.87
1546231110.9
1546231110.94
1546231110.97
1546231111.0
1546231111.04
1546231111.07
1546231111.1
1546231111.14
1546231111.17
1546231111.2
1546231111.24
1546231111.27
1546231111.3
1546231111.34
1546231111.37
1546231111.4
1546231111.44
1546231111.47
1546231111.5
1546231111.54
1546231111.57
1546231111.6
1546231111.64
1546231111.67
1546231111.7
1546231111.73
1546231111.77
1546231111.8
1546231111.83
1546231111.87
1546231111.9
1546231111.93
1546231111.97
1546231112.0
1546231112.04
1546231112.07
1546231112.1
1546231112.13
1546231112.17
1546231112.2
1546231112.23
1546231112.27
1546231112.3
1546231112.34
1546231112.37
1546231112.4
1546231112.43
1546231112.47
1546231112.5
1546231112.54
1546231112.57
1546231112.6
1546231112.63
1546231112.67
1546231112.7
1546231112.73
1546231112.77
1546231112.8
1546231112.83
1546231112.87
1546231112.9
1546231112.93
1546231112.97
1546231113.0
1546231113.04
1546231113.07
1546231113.1
1546231113.13
1546231113.17
1546231113.2
1546231113.23
1546231113.27
1546231113.3
1546231113.34
1546231113.37
1546231113.4
1546231113.43
1546231113.47
1546231113.5
1546231113.54
1546231113.57
1546231113.6
1546231113.63
1546231113.67
1546231113.7
1546231113.73
1546231113.77
1546231113.8
1546231113.83
1546231113.87
1546231113.9
1546231113.93
1546231113.97
1546231114.0
1546231114.03
1546231114.07
1546231114.1
1546231114.13
1546231114.17
1546231114.2
1546231114.23
1546231114.27
1546231114.3
1546231114.34
1546231114.37
1546231114.4
1546231114.43
1546231114.47
1546231114.5
1546231114.54
1546231114.57
1546231114.6
1546231114.63
1546231114.67
1546231114.7
1546231114.74
1546231114.77
1546231114.8
1546231114.84
1546231114.87
1546231114.9
1546231114.94
1546231114.97
1546231115.0
1546231115.04
1546231115.07
1546231115.1
1546231115.14
1546231115.17
1546231115.2
1546231115.23
1546231115.27
1546231115.3
1546231115.34
1546231115.37
1546231115.4
1546231115.44
1546231115.47
1546231115.5
1546231115.54
1546231115.57
1546231115.6
1546231115.63
1546231115.67
1546231115.7
1546231115.74
1546231115.77
1546231115.8
1546231115.84
1546231115.87
1546231115.9
1546231115.93
1546231115.97
1546231116.0
1546231116.04
1546231116.07
1546231116.1
1546231116.14
1546231116.17
1546231116.2
1546231116.23
1546231116.27
1546231116.3
1546231116.34
1546231116.37
1546231116.4
1546231116.43
1546231116.47
1546231116.5
1546231116.54
1546231116.57
1546231116.6
1546231116.64
1546231116.67
1546231116.7
1546231116.74
1546231116.77
1546231116.8
1546231116.84
1546231116.87
1546231116.9
1546231116.94
1546231116.97
1546231117.0
1546231117.04
1546231117.07
1546231117.1
1546231117.14
1546231117.17
1546231117.2
1546231117.23
1546231117.27
1546231117.3
1546231117.34
1546231117.37
1546231117.4
1546231117.43
1546231117.47
1546231117.5
1546231117.54
1546231117.57
1546231117.6
1546231117.64
1546231117.67
1546231117.7
1546231117.73
1546231117.77
1546231117.8
1546231117.84
1546231117.87
1546231117.9
1546231117.93
1546231117.97
1546231118.0
1546231118.03
1546231118.07
1546231118.1
1546231118.13
1546231118.17
1546231118.2
1546231118.23
1546231118.27
1546231118.3
1546231118.34
1546231118.37
1546231118.4
1546231118.44
1546231118.47
1546231118.5
1546231118.54
1546231118.57
1546231118.6
1546231118.64
1546231118.67
1546231118.7
1546231118.73
1546231118.77
1546231118.8
1546231118.84
1546231118.87
1546231118.9
1546231118.94
1546231118.97
1546231119.0
1546231119.04
1546231119.07
1546231119.1
1546231119.14
1546231119.17
1546231119.2
1546231119.24
1546231119.27
1546231119.3
1546231119.34
1546231119.37
1546231119.4
1546231119.44
1546231119.47
1546231119.5
1546231119.54
1546231119.57
1546231119.6
1546231119.64
1546231119.67
1546231119.7
1546231119.74
1546231119.77
1546231119.8
1546231119.84
1546231119.87
1546231119.9
1546231119.94
1546231119.97
1546231120.0
1546231120.04
1546231120.07
1546231120.1
1546231120.13
1546231120.17
1546231120.2
1546231120.23
1546231120.27
1546231120.3
1546231120.34
1546231120.37
1546231120.4
1546231120.43
1546231120.47
1546231120.5
1546231120.53
1546231120.57
1546231120.6
1546231120.63
1546231120.67
1546231120.7
1546231120.73
1546231120.77
1546231120.8
1546231120.84
1546231120.87
1546231120.9
1546231120.93
1546231120.97
1546231121.0
1546231121.03
1546231121.07
1546231121.1
1546231121.13
1546231121.17
1546231121.2
1546231121.23
1546231121.27
1546231121.3
1546231121.33
1546231121.37
1546231121.4
1546231121.43
1546231121.47
1546231121.5
1546231121.53
1546231121.57
1546231121.6
1546231121.63
1546231121.67
1546231121.7
1546231121.73
1546231121.77
1546231121.8
1546231121.83
1546231121.87
1546231121.9
1546231121.93
1546231121.97
1546231122.0
1546231122.04
1546231122.07
1546231122.1
1546231122.13
1546231122.17
1546231122.2
1546231122.23
1546231122.27
1546231122.3
1546231122.34
1546231122.37
1546231122.4
1546231122.43
1546231122.47
1546231122.5
1546231122.54
1546231122.57
1546231122.6
1546231122.63
1546231122.67
1546231122.7
1546231122.73
1546231122.77
1546231122.8
1546231122.84
1546231122.87
1546231122.9
1546231122.93
1546231122.97
1546231123.0
1546231123.04
1546231123.07
1546231123.1
1546231123.14
1546231123.17
1546231123.2
1546231123.24
1546231123.27
1546231123.3
1546231123.34
1546231123.37
1546231123.4
1546231123.43
1546231123.47
1546231123.5
1546231123.54
1546231123.57
1546231123.6
1546231123.64
1546231123.67
1546231123.7
1546231123.74
1546231123.77
1546231123.8
1546231123.84
1546231123.87
1546231123.9
1546231123.94
1546231123.97
1546231124.0
1546231124.04
1546231124.07
1546231124.1
1546231124.14
1546231124.17
1546231124.2
1546231124.24
1546231124.27
1546231124.3
1546231124.34
1546231124.37
1546231124.4
1546231124.44
1546231124.47
1546231124.5
1546231124.54
1546231124.57
1546231124.6
1546231124.64
1546231124.67
1546231124.7
1546231124.74
1546231124.77
1546231124.8
1546231124.84
1546231124.87
1546231124.9
1546231124.94
1546231124.97
1546231125.0
1546231125.04
1546231125.07
1546231125.11
1546231125.14
1546231125.17
1546231125.21
1546231125.24
1546231125.27
1546231125.31
1546231125.34
1546231125.37
1546231125.41
1546231125.44
1546231125.47
1546231125.51
1546231125.54
1546231125.57
1546231125.61
1546231125.64
1546231125.67
1546231125.71
1546231125.74
1546231125.77
1546231125.81
1546231125.84
1546231125.87
1546231125.91
1546231125.94
1546231125.97
1546231126.01
1546231126.04
1546231126.07
1546231126.11
1546231126.14
1546231126.17
1546231126.21
1546231126.23
1546231126.27
1546231126.3
1546231126.33
1546231126.37
1546231126.4
1546231126.43
1546231126.47
1546231126.5
1546231126.53
1546231126.57
1546231126.6
1546231126.63
1546231126.67
1546231126.7
1546231126.73
1546231126.77
1546231126.8
1546231126.83
1546231126.87
1546231126.9
1546231126.93
1546231126.97
1546231127.0
1546231127.03
1546231127.07
1546231127.1
1546231127.13
1546231127.17
1546231127.2
1546231127.23
1546231127.27
1546231127.3
1546231127.33
1546231127.37
1546231127.4
1546231127.43
1546231127.47
1546231127.5
1546231127.53
1546231127.57
1546231127.6
1546231127.63
1546231127.67
1546231127.7
1546231127.73
1546231127.77
1546231127.8
1546231127.83
1546231127.87
1546231127.9
1546231127.93
1546231127.97
1546231128.0
1546231128.03
1546231128.07
1546231128.1
1546231128.13
1546231128.17
1546231128.2
1546231128.23
1546231128.27
1546231128.3
1546231128.33
1546231128.37
1546231128.4
1546231128.43
1546231128.47
1546231128.5
1546231128.53
1546231128.57
1546231128.6
1546231128.63
1546231128.67
1546231128.7
1546231128.73
1546231128.77
1546231128.8
1546231128.83
1546231128.87
1546231128.9
1546231128.93
1546231128.97
1546231129.0
1546231129.03
1546231129.07
1546231129.1
1546231129.13
1546231129.17
1546231129.2
1546231129.23
1546231129.27
1546231129.3
1546231129.33
1546231129.37
1546231129.4
1546231129.43
1546231129.47
1546231129.5
1546231129.53
1546231129.57
1546231129.6
1546231129.63
1546231129.67
1546231129.7
1546231129.73
1546231129.77
1546231129.8
1546231129.83
1546231129.87
1546231129.9
1546231129.93
1546231129.97
1546231130.0
1546231130.03
1546231130.07
1546231130.1
1546231130.13
1546231130.17
1546231130.2
1546231130.23
1546231130.27
1546231130.3
1546231130.33
1546231130.37
1546231130.4
1546231130.43
1546231130.47
1546231130.5
1546231130.53
1546231130.57
1546231130.6
1546231130.63
1546231130.67
1546231130.7
1546231130.73
1546231130.77
1546231130.8
1546231130.83
1546231130.87
1546231130.9
1546231130.93
1546231130.97
1546231131.0
1546231131.04
1546231131.07
1546231131.1
1546231131.13
1546231131.17
1546231131.2
1546231131.23
1546231131.27
1546231131.3
1546231131.33
1546231131.37
1546231131.4
1546231131.43
1546231131.47
1546231131.5
1546231131.53
1546231131.57
1546231131.6
1546231131.63
1546231131.67
1546231131.7
1546231131.73
1546231131.77
1546231131.8
1546231131.83
1546231131.87
1546231131.9
1546231131.93
1546231131.97
1546231132.0
1546231132.03
1546231132.07
1546231132.1
1546231132.13
1546231132.17
1546231132.2
1546231132.23
1546231132.27
1546231132.3
1546231132.34
1546231132.37
1546231132.4
1546231132.43
1546231132.47
1546231132.5
1546231132.54
1546231132.57
1546231132.6
1546231132.63
1546231132.67
1546231132.7
1546231132.73
1546231132.77
1546231132.8
1546231132.83
1546231132.87
1546231132.9
1546231132.93
1546231132.97
1546231133.0
1546231133.03
1546231133.07
1546231133.1
1546231133.13
1546231133.17
1546231133.2
1546231133.23
1546231133.27
1546231133.3
1546231133.34
1546231133.37
1546231133.4
1546231133.43
1546231133.47
1546231133.5
1546231133.53
1546231133.57
1546231133.6
1546231133.63
1546231133.67
1546231133.7
1546231133.73
1546231133.77
1546231133.8
1546231133.84
1546231133.87
1546231133.9
1546231133.93
1546231133.97
1546231134.0
1546231134.04
1546231134.07
1546231134.1
1546231134.13
1546231134.17
1546231134.2
1546231134.23
1546231134.27
1546231134.3
1546231134.34
1546231134.37
1546231134.4
1546231134.43
1546231134.47
1546231134.5
1546231134.54
1546231134.57
1546231134.6
1546231134.64
1546231134.67
1546231134.7
1546231134.74
1546231134.77
1546231134.8
1546231134.84
1546231134.87
1546231134.9
1546231134.93
1546231134.97
1546231135.0
1546231135.04
1546231135.07
1546231135.1
1546231135.14
1546231135.17
1546231135.2
1546231135.24
1546231135.27
1546231135.3
1546231135.34
1546231135.37
1546231135.4
1546231135.44
1546231135.47
1546231135.5
1546231135.54
1546231135.57
1546231135.6
1546231135.64
1546231135.67
1546231135.7
1546231135.74
1546231135.77
1546231135.8
1546231135.84
1546231135.87
1546231135.9
1546231135.94
1546231135.97
1546231136.0
1546231136.04
1546231136.07
1546231136.1
1546231136.14
1546231136.17
1546231136.2
1546231136.24
1546231136.27
1546231136.3
1546231136.34
1546231136.37
1546231136.4
1546231136.44
1546231136.47
1546231136.5
1546231136.54
1546231136.57
1546231136.6
1546231136.64
1546231136.67
1546231136.7
1546231136.74
1546231136.77
1546231136.8
1546231136.84
1546231136.87
1546231136.9
1546231136.94
1546231136.97
1546231137.0
1546231137.04
1546231137.07
1546231137.1
1546231137.14
1546231137.17
1546231137.2
1546231137.24
1546231137.27
1546231137.3
1546231137.34
1546231137.37
1546231137.4
1546231137.44
1546231137.47
1546231137.5
1546231137.54
1546231137.57
1546231137.6
1546231137.64
1546231137.67
1546231137.7
1546231137.74
1546231137.77
1546231137.8
1546231137.84
1546231137.87
1546231137.9
1546231137.94
1546231137.97
1546231138.01
1546231138.04
1546231138.07
1546231138.1
1546231138.14
1546231138.17
1546231138.2
1546231138.24
1546231138.27
1546231138.3
1546231138.34
1546231138.37
1546231138.4
1546231138.44
1546231138.47
1546231138.51
1546231138.54
1546231138.57
1546231138.61
1546231138.64
1546231138.67
1546231138.7
1546231138.74
1546231138.77
1546231138.8
1546231138.84
1546231138.87
1546231138.9
1546231138.94
1546231138.97
1546231139.0
1546231139.04
1546231139.07
1546231139.11
1546231139.14
1546231139.17
1546231139.2
1546231139.24
1546231139.27
1546231139.3
1546231139.34
1546231139.37
1546231139.4
1546231139.44
1546231139.47
1546231139.5
1546231139.54
1546231139.57
1546231139.6
1546231139.64
1546231139.67
1546231139.7
1546231139.74
1546231139.77
1546231139.8
1546231139.84
1546231139.87
1546231139.9
1546231139.94
1546231139.97
1546231140.0
1546231140.04
1546231140.07
1546231140.11
1546231140.14
1546231140.17
1546231140.2
1546231140.24
1546231140.27
1546231140.3
1546231140.34
1546231140.37
1546231140.4
1546231140.44
1546231140.47
1546231140.5
1546231140.54
1546231140.57
1546231140.6
1546231140.64
1546231140.67
1546231140.7
1546231140.74
1546231140.77
1546231140.8
1546231140.84
1546231140.87
1546231140.9
1546231140.94
1546231140.97
1546231141.01
1546231141.04
1546231141.07
1546231141.1
1546231141.14
1546231141.17
1546231141.2
1546231141.24
1546231141.27
1546231141.3
1546231141.34
1546231141.37
1546231141.4
1546231141.44
1546231141.47
1546231141.5
1546231141.54
1546231141.57
1546231141.6
1546231141.64
1546231141.67
1546231141.7
1546231141.74
1546231141.77
1546231141.8
1546231141.84
1546231141.87
1546231141.9
1546231141.93
1546231141.97
1546231142.0
1546231142.04
1546231142.07
1546231142.1
1546231142.14
1546231142.17
1546231142.2
1546231142.24
1546231142.27
1546231142.3
1546231142.34
1546231142.37
1546231142.4
1546231142.44
1546231142.47
1546231142.5
1546231142.54
1546231142.57
1546231142.6
1546231142.64
1546231142.67
1546231142.7
1546231142.74
1546231142.77
1546231142.8
1546231142.84
1546231142.87
1546231142.9
1546231142.94
1546231142.97
1546231143.0
1546231143.04
1546231143.07
1546231143.1
1546231143.14
1546231143.17
1546231143.2
1546231143.24
1546231143.27
1546231143.3
1546231143.34
1546231143.37
1546231143.4
1546231143.44
1546231143.47
1546231143.5
1546231143.54
1546231143.57
1546231143.6
1546231143.64
1546231143.67
1546231143.7
1546231143.74
1546231143.77
1546231143.8
1546231143.84
1546231143.87
1546231143.9
1546231143.94
1546231143.97
1546231144.0
1546231144.04
1546231144.07
1546231144.1
1546231144.14
1546231144.17
1546231144.2
1546231144.24
1546231144.27
1546231144.3
1546231144.34
1546231144.37
1546231144.4
1546231144.44
1546231144.47
1546231144.5
1546231144.54
1546231144.57
1546231144.6
1546231144.64
1546231144.67
1546231144.7
1546231144.74
1546231144.77
1546231144.8
1546231144.84
1546231144.87
1546231144.9
1546231144.94
1546231144.97
1546231145.01
1546231145.04
1546231145.07
1546231145.11
1546231145.14
1546231145.17
1546231145.2
1546231145.24
1546231145.27
1546231145.31
1546231145.34
1546231145.37
1546231145.41
1546231145.44
1546231145.47
1546231145.51
1546231145.54
1546231145.57
1546231145.61
1546231145.64
1546231145.67
1546231145.71
1546231145.74
1546231145.77
1546231145.81
1546231145.84
1546231145.87
1546231145.91
1546231145.94
1546231145.97
1546231146.01
1546231146.04
1546231146.07
1546231146.11
1546231146.14
1546231146.17
1546231146.21
1546231146.24
1546231146.27
1546231146.31
1546231146.34
1546231146.37
1546231146.41
1546231146.44
1546231146.47
1546231146.51
1546231146.54
1546231146.57
1546231146.61
1546231146.64
1546231146.67
1546231146.71
1546231146.74
1546231146.77
1546231146.81
1546231146.84
1546231146.87
1546231146.91
1546231146.94
1546231146.97
1546231147.01
1546231147.04
1546231147.07
1546231147.11
1546231147.14
1546231147.17
1546231147.21
1546231147.24
1546231147.27
1546231147.31
1546231147.34
1546231147.38
1546231147.41
1546231147.44
1546231147.47
1546231147.51
1546231147.54
1546231147.58
1546231147.61
1546231147.64
1546231147.67
1546231147.71
1546231147.74
1546231147.78
1546231147.81
1546231147.84
1546231147.88
1546231147.91
1546231147.94
1546231147.98
1546231148.01
1546231148.04
1546231148.08
1546231148.11
1546231148.14
1546231148.18
1546231148.21
1546231148.24
1546231148.28
1546231148.31
1546231148.34
1546231148.38
1546231148.41
1546231148.44
1546231148.48
1546231148.51
1546231148.54
1546231148.58
1546231148.61
1546231148.64
1546231148.68
1546231148.71
1546231148.74
1546231148.78
1546231148.81
1546231148.85
1546231148.88
1546231148.91
1546231148.94
1546231148.98
1546231149.01
1546231149.05
1546231149.08
1546231149.11
1546231149.15
1546231149.18
1546231149.21
1546231149.24
1546231149.28
1546231149.31
1546231149.35
1546231149.38
1546231149.41
1546231149.45
1546231149.47
1546231149.51
1546231149.54
1546231149.57
1546231149.61
1546231149.64
1546231149.67
1546231149.7
1546231149.74
1546231149.77
1546231149.81
1546231149.84
1546231149.87
1546231149.9
1546231149.94
1546231149.97
1546231150.01
1546231150.04
1546231150.07
1546231150.11
1546231150.14
1546231150.17
1546231150.21
1546231150.24
1546231150.27
1546231150.31
1546231150.34
1546231150.37
1546231150.41
1546231150.44
1546231150.47
1546231150.51
1546231150.54
1546231150.57
1546231150.61
1546231150.64
1546231150.67
1546231150.71
1546231150.74
1546231150.77
1546231150.81
1546231150.84
1546231150.87
1546231150.91
1546231150.94
1546231150.97
1546231151.01
1546231151.04
1546231151.07
1546231151.11
1546231151.14
1546231151.17
1546231151.21
1546231151.24
1546231151.27
1546231151.31
1546231151.34
1546231151.37
1546231151.41
1546231151.44
1546231151.47
1546231151.51
1546231151.54
1546231151.57
1546231151.61
1546231151.64
1546231151.67
1546231151.71
1546231151.74
1546231151.78
1546231151.81
1546231151.84
1546231151.87
1546231151.91
1546231151.94
1546231151.97
1546231152.01
1546231152.04
1546231152.07
1546231152.11
1546231152.14
1546231152.17
1546231152.21
1546231152.24
1546231152.27
1546231152.31
1546231152.34
1546231152.37
1546231152.41
1546231152.44
1546231152.47
1546231152.51
1546231152.54
1546231152.57
1546231152.61
1546231152.64
1546231152.67
1546231152.71
1546231152.74
1546231152.77
1546231152.81
1546231152.84
1546231152.87
1546231152.91
1546231152.94
1546231152.97
1546231153.01
1546231153.04
1546231153.08
1546231153.11
1546231153.14
1546231153.17
1546231153.21
1546231153.24
1546231153.27
1546231153.31
1546231153.34
1546231153.37
1546231153.41
1546231153.44
1546231153.47
1546231153.51
1546231153.54
1546231153.57
1546231153.61
1546231153.64
1546231153.67
1546231153.71
1546231153.74
1546231153.78
1546231153.81
1546231153.84
1546231153.87
1546231153.91
1546231153.94
1546231153.97
1546231154.01
1546231154.04
1546231154.08
1546231154.11
1546231154.14
1546231154.17
1546231154.21
1546231154.24
1546231154.28
1546231154.31
1546231154.34
1546231154.37
1546231154.41
1546231154.44
1546231154.47
1546231154.51
1546231154.54
1546231154.58
1546231154.61
1546231154.64
1546231154.67
1546231154.71
1546231154.74
1546231154.77
1546231154.81
1546231154.84
1546231154.88
1546231154.91
1546231154.94
1546231154.97
1546231155.01
1546231155.04
1546231155.07
1546231155.11
1546231155.14
1546231155.17
1546231155.21
1546231155.24
1546231155.28
1546231155.31
1546231155.34
1546231155.38
1546231155.41
1546231155.44
1546231155.47
1546231155.51
1546231155.54
1546231155.58
1546231155.61
1546231155.64
1546231155.67
1546231155.71
1546231155.74
1546231155.78
1546231155.81
1546231155.84
1546231155.88
1546231155.91
1546231155.94
1546231155.98
1546231156.01
1546231156.04
1546231156.08
1546231156.11
1546231156.14
1546231156.18
1546231156.21
1546231156.24
1546231156.28
1546231156.31
1546231156.34
1546231156.38
1546231156.41
1546231156.44
1546231156.48
1546231156.51
1546231156.54
1546231156.58
1546231156.61
1546231156.64
1546231156.68
1546231156.71
1546231156.74
1546231156.78
1546231156.81
1546231156.84
1546231156.88
1546231156.91
1546231156.94
1546231156.98
1546231157.01
1546231157.04
1546231157.08
1546231157.11
1546231157.14
1546231157.18
1546231157.21
1546231157.24
1546231157.28
1546231157.31
1546231157.34
1546231157.38
1546231157.41
1546231157.44
1546231157.48
1546231157.51
1546231157.54
1546231157.58
1546231157.61
1546231157.64
1546231157.68
1546231157.71
1546231157.74
1546231157.78
1546231157.81
1546231157.84
1546231157.88
1546231157.91
1546231157.94
1546231157.98
1546231158.01
1546231158.04
1546231158.08
1546231158.11
1546231158.14
1546231158.18
1546231158.21
1546231158.24
1546231158.28
1546231158.31
1546231158.34
1546231158.38
1546231158.41
1546231158.44
1546231158.48
1546231158.51
1546231158.54
1546231158.58
1546231158.61
1546231158.64
1546231158.67
1546231158.71
1546231158.74
1546231158.78
1546231158.81
1546231158.84
1546231158.88
1546231158.91
1546231158.94
1546231158.97
1546231159.01
1546231159.04
1546231159.08
1546231159.11
1546231159.14
1546231159.17
1546231159.21
1546231159.24
1546231159.27
1546231159.31
1546231159.34
1546231159.38
1546231159.41
1546231159.44
1546231159.47
1546231159.51
1546231159.54
1546231159.57
1546231159.61
1546231159.64
1546231159.67
1546231159.71
1546231159.74
1546231159.77
1546231159.81
1546231159.84
1546231159.87
1546231159.91
1546231159.94
1546231159.97
1546231160.01
1546231160.04
1546231160.07
1546231160.11
1546231160.14
1546231160.17
1546231160.21
1546231160.24
1546231160.27
1546231160.31
1546231160.34
1546231160.37
1546231160.41
1546231160.44
1546231160.47
1546231160.51
1546231160.54
1546231160.57
1546231160.61
1546231160.64
1546231160.67
1546231160.71
1546231160.74
1546231160.77
1546231160.81
1546231160.84
1546231160.87
1546231160.91
1546231160.94
1546231160.97
1546231161.01
1546231161.04
1546231161.07
1546231161.11
1546231161.14
1546231161.17
1546231161.21
1546231161.24
1546231161.27
1546231161.31
1546231161.34
1546231161.37
1546231161.4
1546231161.44
1546231161.47
1546231161.51
1546231161.54
1546231161.57
1546231161.61
1546231161.64
1546231161.67
1546231161.71
1546231161.74
1546231161.77
1546231161.81
1546231161.84
1546231161.87
1546231161.9
1546231161.94
1546231161.97
1546231162.01
1546231162.04
1546231162.07
1546231162.11
1546231162.14
1546231162.17
1546231162.2
1546231162.24
1546231162.27
1546231162.31
1546231162.34
1546231162.37
1546231162.4
1546231162.44
1546231162.47
1546231162.51
1546231162.54
1546231162.57
1546231162.61
1546231162.64
1546231162.67
1546231162.71
1546231162.74
1546231162.77
1546231162.81
1546231162.84
1546231162.87
1546231162.9
1546231162.94
1546231162.97
1546231163.01
1546231163.04
1546231163.07
1546231163.11
1546231163.14
1546231163.17
1546231163.2
1546231163.24
1546231163.27
1546231163.31
1546231163.34
1546231163.37
1546231163.4
1546231163.44
1546231163.47
1546231163.51
1546231163.54
1546231163.57
1546231163.61
1546231163.64
1546231163.67
1546231163.71
1546231163.74
1546231163.77
1546231163.81
1546231163.84
1546231163.87
1546231163.91
1546231163.94
1546231163.97
1546231164.01
1546231164.04
1546231164.07
1546231164.11
1546231164.14
1546231164.17
1546231164.21
1546231164.24
1546231164.27
1546231164.31
1546231164.34
1546231164.37
1546231164.4
1546231164.44
1546231164.47
1546231164.51
1546231164.54
1546231164.57
1546231164.61
1546231164.64
1546231164.67
1546231164.71
1546231164.74
1546231164.77
1546231164.81
1546231164.84
1546231164.87
1546231164.91
1546231164.94
1546231164.97
1546231165.01
1546231165.04
1546231165.07
1546231165.11
1546231165.14
1546231165.17
1546231165.21
1546231165.24
1546231165.27
1546231165.31
1546231165.34
1546231165.37
1546231165.41
1546231165.44
1546231165.47
1546231165.51
1546231165.54
1546231165.58
1546231165.61
1546231165.64
1546231165.67
1546231165.71
1546231165.74
1546231165.77
1546231165.81
1546231165.84
1546231165.87
1546231165.91
1546231165.94
1546231165.97
1546231166.01
1546231166.04
1546231166.07
1546231166.11
1546231166.14
1546231166.17
1546231166.21
1546231166.24
1546231166.27
1546231166.31
1546231166.34
1546231166.37
1546231166.41
1546231166.44
1546231166.47
1546231166.51
1546231166.54
1546231166.57
1546231166.61
1546231166.64
1546231166.67
1546231166.71
1546231166.74
1546231166.78
1546231166.81
1546231166.84
1546231166.88
1546231166.91
1546231166.94
1546231166.97
1546231167.01
1546231167.04
1546231167.08
1546231167.11
1546231167.14
1546231167.17
1546231167.21
1546231167.24
1546231167.28
1546231167.31
1546231167.34
1546231167.38
1546231167.41
1546231167.44
1546231167.48
1546231167.51
1546231167.54
1546231167.58
1546231167.61
1546231167.64
1546231167.67
1546231167.71
1546231167.74
1546231167.78
1546231167.81
1546231167.84
1546231167.88
1546231167.91
1546231167.94
1546231167.98
1546231168.01
1546231168.04
1546231168.08
1546231168.11
