1546230886.6
1546230886.74
1546230886.78
1546230886.81
1546230886.84
1546230886.87
1546230886.9
1546230886.92
1546230886.96
1546230886.99
1546230887.03
1546230887.06
1546230887.09
1546230887.12
1546230887.16
1546230887.19
1546230887.23
1546230887.26
1546230887.29
1546230887.33
1546230887.36
1546230887.39
1546230887.43
1546230887.46
1546230887.49
1546230887.53
1546230887.56
1546230887.59
1546230887.63
1546230887.66
1546230887.69
1546230887.73
1546230887.76
1546230887.79
1546230887.83
1546230887.86
1546230887.89
1546230887.93
1546230887.96
1546230887.99
1546230888.03
1546230888.06
1546230888.09
1546230888.12
1546230888.16
1546230888.19
1546230888.22
1546230888.26
1546230888.29
1546230888.33
1546230888.36
1546230888.39
1546230888.42
1546230888.46
1546230888.49
1546230888.53
1546230888.56
1546230888.59
1546230888.63
1546230888.66
1546230888.69
1546230888.72
1546230888.76
1546230888.79
1546230888.83
1546230888.86
1546230888.89
1546230888.92
1546230888.96
1546230888.99
1546230889.03
1546230889.06
1546230889.09
1546230889.13
1546230889.16
1546230889.19
1546230889.22
1546230889.26
1546230889.29
1546230889.32
1546230889.36
1546230889.39
1546230889.42
1546230889.46
1546230889.49
1546230889.52
1546230889.56
1546230889.59
1546230889.62
1546230889.66
1546230889.69
1546230889.72
1546230889.76
1546230889.79
1546230889.82
1546230889.86
1546230889.89
1546230889.92
1546230889.96
1546230889.99
1546230890.02
1546230890.06
1546230890.09
1546230890.12
1546230890.16
1546230890.19
1546230890.22
1546230890.26
1546230890.29
1546230890.32
1546230890.36
1546230890.39
1546230890.42
1546230890.46
1546230890.49
1546230890.52
1546230890.56
1546230890.59
1546230890.62
1546230890.66
1546230890.69
1546230890.72
1546230890.76
1546230890.79
1546230890.82
1546230890.86
1546230890.89
1546230890.92
1546230890.96
1546230890.99
1546230891.02
1546230891.06
1546230891.09
1546230891.12
1546230891.16
1546230891.19
1546230891.22
1546230891.26
1546230891.29
1546230891.32
1546230891.36
1546230891.39
1546230891.42
1546230891.46
1546230891.49
1546230891.52
1546230891.56
1546230891.59
1546230891.62
1546230891.65
1546230891.69
1546230891.72
1546230891.76
1546230891.79
1546230891.82
1546230891.86
1546230891.89
1546230891.92
1546230891.95
1546230891.99
1546230892.02
1546230892.06
1546230892.09
1546230892.12
1546230892.16
1546230892.19
1546230892.22
1546230892.26
1546230892.29
1546230892.32
1546230892.36
1546230892.39
1546230892.42
1546230892.46
1546230892.49
1546230892.52
1546230892.56
1546230892.59
1546230892.62
1546230892.66
1546230892.69
1546230892.72
1546230892.76
1546230892.79
1546230892.82
1546230892.85
1546230892.89
1546230892.92
1546230892.95
1546230892.99
1546230893.02
1546230893.06
1546230893.09
1546230893.12
1546230893.15
1546230893.19
1546230893.22
1546230893.26
1546230893.29
1546230893.32
1546230893.35
1546230893.39
1546230893.42
1546230893.45
1546230893.49
1546230893.52
1546230893.55
1546230893.59
1546230893.62
1546230893.65
1546230893.69
1546230893.72
1546230893.75
1546230893.79
1546230893.82
1546230893.85
1546230893.89
1546230893.92
1546230893.95
1546230893.99
1546230894.02
1546230894.05
1546230894.09
1546230894.12
1546230894.15
1546230894.19
1546230894.22
1546230894.25
1546230894.29
1546230894.32
1546230894.36
1546230894.39
1546230894.42
1546230894.45
1546230894.49
1546230894.52
1546230894.56
1546230894.59
1546230894.62
1546230894.65
1546230894.69
1546230894.72
1546230894.76
1546230894.79
1546230894.82
1546230894.85
1546230894.89
1546230894.92
1546230894.95
1546230894.99
1546230895.02
1546230895.06
1546230895.09
1546230895.12
1546230895.15
1546230895.19
1546230895.22
1546230895.26
1546230895.29
1546230895.32
1546230895.36
1546230895.39
1546230895.42
1546230895.45
1546230895.49
1546230895.52
1546230895.56
1546230895.59
1546230895.62
1546230895.65
1546230895.69
1546230895.72
1546230895.76
1546230895.79
1546230895.82
1546230895.86
1546230895.89
1546230895.92
1546230895.96
1546230895.99
1546230896.02
1546230896.06
1546230896.09
1546230896.12
1546230896.15
1546230896.19
1546230896.22
1546230896.26
1546230896.29
1546230896.32
1546230896.36
1546230896.39
1546230896.42
1546230896.46
1546230896.49
1546230896.52
1546230896.56
1546230896.59
1546230896.62
1546230896.65
1546230896.69
1546230896.72
1546230896.76
1546230896.79
1546230896.82
1546230896.86
1546230896.89
1546230896.92
1546230896.96
1546230896.99
1546230897.02
1546230897.06
1546230897.09
1546230897.12
1546230897.15
1546230897.19
1546230897.22
1546230897.26
1546230897.29
1546230897.32
1546230897.36
1546230897.39
1546230897.42
1546230897.45
1546230897.49
1546230897.52
1546230897.56
1546230897.59
1546230897.62
1546230897.66
1546230897.69
1546230897.72
1546230897.76
1546230897.79
1546230897.82
1546230897.86
1546230897.89
1546230897.92
1546230897.96
1546230897.99
1546230898.02
1546230898.06
1546230898.09
1546230898.12
1546230898.16
1546230898.19
1546230898.22
1546230898.26
1546230898.29
1546230898.32
1546230898.36
1546230898.39
1546230898.42
1546230898.46
1546230898.49
1546230898.52
1546230898.56
1546230898.59
1546230898.62
1546230898.66
1546230898.69
1546230898.72
1546230898.76
1546230898.79
1546230898.82
1546230898.86
1546230898.89
1546230898.92
1546230898.96
1546230898.99
1546230899.02
1546230899.06
1546230899.09
1546230899.12
1546230899.16
1546230899.19
1546230899.22
1546230899.25
1546230899.28
1546230899.32
1546230899.35
1546230899.38
1546230899.42
1546230899.45
1546230899.48
1546230899.52
1546230899.55
1546230899.58
1546230899.62
1546230899.65
1546230899.68
1546230899.72
1546230899.75
1546230899.78
1546230899.82
1546230899.85
1546230899.88
1546230899.92
1546230899.95
1546230899.98
1546230900.02
1546230900.05
1546230900.08
1546230900.12
1546230900.15
1546230900.18
1546230900.22
1546230900.25
1546230900.28
1546230900.32
1546230900.35
1546230900.38
1546230900.42
1546230900.45
1546230900.48
1546230900.52
1546230900.55
1546230900.58
1546230900.62
1546230900.65
1546230900.68
1546230900.72
1546230900.75
1546230900.78
1546230900.82
1546230900.85
1546230900.88
1546230900.92
1546230900.95
1546230900.98
1546230901.02
1546230901.05
1546230901.08
1546230901.12
1546230901.15
1546230901.18
1546230901.22
1546230901.25
1546230901.28
1546230901.32
1546230901.35
1546230901.38
1546230901.42
1546230901.45
1546230901.48
1546230901.52
1546230901.55
1546230901.58
1546230901.62
1546230901.65
1546230901.68
1546230901.72
1546230901.75
1546230901.78
1546230901.82
1546230901.85
1546230901.88
1546230901.92
1546230901.95
1546230901.98
1546230902.02
1546230902.05
1546230902.08
1546230902.12
1546230902.15
1546230902.18
1546230902.22
1546230902.25
1546230902.28
1546230902.32
1546230902.35
1546230902.38
1546230902.42
1546230902.45
1546230902.48
1546230902.52
1546230902.55
1546230902.58
1546230902.62
1546230902.65
1546230902.68
1546230902.72
1546230902.75
1546230902.78
1546230902.82
1546230902.85
1546230902.88
1546230902.92
1546230902.95
1546230902.98
1546230903.02
1546230903.05
1546230903.08
1546230903.12
1546230903.15
1546230903.18
1546230903.22
1546230903.25
1546230903.29
1546230903.32
1546230903.35
1546230903.38
1546230903.42
1546230903.45
1546230903.48
1546230903.52
1546230903.55
1546230903.58
1546230903.62
1546230903.65
1546230903.68
1546230903.72
1546230903.75
1546230903.78
1546230903.82
1546230903.85
1546230903.88
1546230903.92
1546230903.95
1546230903.98
1546230904.02
1546230904.05
1546230904.08
1546230904.12
1546230904.15
1546230904.18
1546230904.22
1546230904.25
1546230904.28
1546230904.32
1546230904.35
1546230904.38
1546230904.42
1546230904.45
1546230904.48
1546230904.52
1546230904.55
1546230904.58
1546230904.62
1546230904.65
1546230904.68
1546230904.71
1546230904.75
1546230904.78
1546230904.82
1546230904.85
1546230904.88
1546230904.91
1546230904.95
1546230904.98
1546230905.02
1546230905.05
1546230905.08
1546230905.11
1546230905.15
1546230905.18
1546230905.21
1546230905.25
1546230905.28
1546230905.32
1546230905.35
1546230905.38
1546230905.41
1546230905.45
1546230905.48
1546230905.51
1546230905.55
1546230905.58
1546230905.61
1546230905.65
1546230905.68
1546230905.71
1546230905.75
1546230905.78
1546230905.81
1546230905.85
1546230905.88
1546230905.91
1546230905.95
1546230905.98
1546230906.01
1546230906.05
1546230906.08
1546230906.12
1546230906.15
1546230906.18
1546230906.21
1546230906.25
1546230906.28
1546230906.32
1546230906.35
1546230906.38
1546230906.41
1546230906.45
1546230906.48
1546230906.51
1546230906.55
1546230906.58
1546230906.62
1546230906.65
1546230906.68
1546230906.71
1546230906.75
1546230906.78
1546230906.81
1546230906.85
1546230906.88
1546230906.91
1546230906.95
1546230906.98
1546230907.01
1546230907.05
1546230907.08
1546230907.11
1546230907.15
1546230907.18
1546230907.21
1546230907.25
1546230907.28
1546230907.32
1546230907.35
1546230907.38
1546230907.41
1546230907.45
1546230907.48
1546230907.51
1546230907.55
1546230907.58
1546230907.62
1546230907.65
1546230907.68
1546230907.71
1546230907.75
1546230907.78
1546230907.82
1546230907.85
1546230907.88
1546230907.91
1546230907.95
1546230907.98
1546230908.02
1546230908.05
1546230908.08
1546230908.12
1546230908.15
1546230908.18
1546230908.21
1546230908.25
1546230908.28
1546230908.31
1546230908.35
1546230908.38
1546230908.41
1546230908.45
1546230908.48
1546230908.51
1546230908.55
1546230908.58
1546230908.61
1546230908.65
1546230908.68
1546230908.71
1546230908.75
1546230908.78
1546230908.81
1546230908.85
1546230908.88
1546230908.91
1546230908.95
1546230908.98
1546230909.02
1546230909.05
1546230909.08
1546230909.12
1546230909.15
1546230909.18
1546230909.21
1546230909.25
1546230909.28
1546230909.31
1546230909.35
1546230909.38
1546230909.41
1546230909.45
1546230909.48
1546230909.52
1546230909.55
1546230909.58
1546230909.62
1546230909.65
1546230909.68
1546230909.72
1546230909.75
1546230909.78
1546230909.82
1546230909.85
1546230909.88
1546230909.91
1546230909.95
1546230909.98
1546230910.01
1546230910.05
1546230910.08
1546230910.11
1546230910.15
1546230910.18
1546230910.21
1546230910.25
1546230910.28
1546230910.32
1546230910.35
1546230910.38
1546230910.41
1546230910.45
1546230910.48
1546230910.51
1546230910.55
1546230910.58
1546230910.61
1546230910.65
1546230910.68
1546230910.71
1546230910.75
1546230910.78
1546230910.81
1546230910.85
1546230910.88
1546230910.91
1546230910.95
1546230910.98
1546230911.01
1546230911.05
1546230911.08
1546230911.11
1546230911.15
1546230911.18
1546230911.21
1546230911.25
1546230911.28
1546230911.31
1546230911.35
1546230911.38
1546230911.41
1546230911.45
1546230911.48
1546230911.51
1546230911.55
1546230911.58
1546230911.61
1546230911.65
1546230911.68
1546230911.71
1546230911.75
1546230911.78
1546230911.81
1546230911.85
1546230911.88
1546230911.91
1546230911.95
1546230911.98
1546230912.01
1546230912.05
1546230912.08
1546230912.11
1546230912.15
1546230912.18
1546230912.21
1546230912.25
1546230912.28
1546230912.31
1546230912.35
1546230912.38
1546230912.41
1546230912.45
1546230912.48
1546230912.51
1546230912.55
1546230912.58
1546230912.61
1546230912.65
1546230912.68
1546230912.71
1546230912.75
1546230912.78
1546230912.81
1546230912.85
1546230912.88
1546230912.91
1546230912.95
1546230912.98
1546230913.01
1546230913.05
1546230913.08
1546230913.11
1546230913.15
1546230913.18
1546230913.21
1546230913.25
1546230913.28
1546230913.32
1546230913.35
1546230913.38
1546230913.41
1546230913.45
1546230913.48
1546230913.52
1546230913.55
1546230913.58
1546230913.61
1546230913.65
1546230913.68
1546230913.71
1546230913.75
1546230913.78
1546230913.82
1546230913.85
1546230913.88
1546230913.91
1546230913.95
1546230913.98
1546230914.01
1546230914.05
1546230914.08
1546230914.12
1546230914.15
1546230914.18
1546230914.21
1546230914.25
1546230914.28
1546230914.32
1546230914.35
1546230914.38
1546230914.41
1546230914.45
1546230914.48
1546230914.51
1546230914.55
1546230914.58
1546230914.61
1546230914.65
1546230914.68
1546230914.71
1546230914.75
1546230914.78
1546230914.82
1546230914.85
1546230914.88
1546230914.91
1546230914.95
1546230914.98
1546230915.01
1546230915.05
1546230915.08
1546230915.11
1546230915.15
1546230915.18
1546230915.21
1546230915.25
1546230915.28
1546230915.31
1546230915.35
1546230915.38
1546230915.41
1546230915.45
1546230915.48
1546230915.52
1546230915.55
1546230915.58
1546230915.61
1546230915.65
1546230915.68
1546230915.71
1546230915.75
1546230915.78
1546230915.82
1546230915.85
1546230915.88
1546230915.91
1546230915.95
1546230915.98
1546230916.02
1546230916.05
1546230916.08
1546230916.12
1546230916.15
1546230916.18
1546230916.21
1546230916.25
1546230916.28
1546230916.32
1546230916.35
1546230916.38
1546230916.41
1546230916.45
1546230916.48
1546230916.52
1546230916.55
1546230916.58
1546230916.62
1546230916.65
1546230916.68
1546230916.71
1546230916.75
1546230916.78
1546230916.82
1546230916.85
1546230916.88
1546230916.92
1546230916.95
1546230916.98
1546230917.02
1546230917.05
1546230917.08
1546230917.12
1546230917.15
1546230917.18
1546230917.21
1546230917.25
1546230917.28
1546230917.32
1546230917.35
1546230917.38
1546230917.42
1546230917.45
1546230917.48
1546230917.52
1546230917.55
1546230917.58
1546230917.62
1546230917.65
1546230917.68
1546230917.72
1546230917.75
1546230917.78
1546230917.82
1546230917.85
1546230917.88
1546230917.92
1546230917.95
1546230917.98
1546230918.02
1546230918.05
1546230918.08
1546230918.12
1546230918.15
1546230918.18
1546230918.22
1546230918.25
1546230918.28
1546230918.32
1546230918.35
1546230918.38
1546230918.42
1546230918.45
1546230918.48
1546230918.52
1546230918.55
1546230918.58
1546230918.62
1546230918.65
1546230918.68
1546230918.72
1546230918.75
1546230918.78
1546230918.82
1546230918.85
1546230918.88
1546230918.92
1546230918.95
1546230918.98
1546230919.02
1546230919.05
1546230919.08
1546230919.12
1546230919.15
1546230919.18
1546230919.22
1546230919.25
1546230919.29
1546230919.32
1546230919.35
1546230919.38
1546230919.42
1546230919.45
1546230919.48
1546230919.52
1546230919.55
1546230919.59
1546230919.62
1546230919.65
1546230919.69
1546230919.72
1546230919.75
1546230919.78
1546230919.82
1546230919.85
1546230919.88
1546230919.92
1546230919.95
1546230919.98
1546230920.02
1546230920.05
1546230920.09
1546230920.12
1546230920.15
1546230920.18
1546230920.22
1546230920.25
1546230920.29
1546230920.32
1546230920.35
1546230920.38
1546230920.42
1546230920.45
1546230920.48
1546230920.52
1546230920.55
1546230920.59
1546230920.62
1546230920.65
1546230920.69
1546230920.72
1546230920.75
1546230920.79
1546230920.82
1546230920.85
1546230920.89
1546230920.92
1546230920.95
1546230920.99
1546230921.02
1546230921.05
1546230921.09
1546230921.12
1546230921.15
1546230921.19
1546230921.22
1546230921.25
1546230921.29
1546230921.32
1546230921.35
1546230921.39
1546230921.42
1546230921.45
1546230921.49
1546230921.52
1546230921.55
1546230921.59
1546230921.62
1546230921.65
1546230921.69
1546230921.72
1546230921.75
1546230921.79
1546230921.82
1546230921.85
1546230921.89
1546230921.92
1546230921.95
1546230921.99
1546230922.02
1546230922.05
1546230922.09
1546230922.12
1546230922.15
1546230922.19
1546230922.22
1546230922.25
1546230922.29
1546230922.32
1546230922.35
1546230922.39
1546230922.42
1546230922.45
1546230922.49
1546230922.52
1546230922.55
1546230922.59
1546230922.62
1546230922.65
1546230922.68
1546230922.71
1546230922.75
1546230922.78
1546230922.81
1546230922.85
1546230922.88
1546230922.91
1546230922.95
1546230922.98
1546230923.01
1546230923.05
1546230923.08
1546230923.11
1546230923.15
1546230923.18
1546230923.21
1546230923.25
1546230923.28
1546230923.31
1546230923.35
1546230923.38
1546230923.41
1546230923.45
1546230923.48
1546230923.51
1546230923.55
1546230923.58
1546230923.61
1546230923.65
1546230923.68
1546230923.71
1546230923.75
1546230923.78
1546230923.81
1546230923.85
1546230923.88
1546230923.91
1546230923.95
1546230923.98
1546230924.01
1546230924.05
1546230924.08
1546230924.11
1546230924.15
1546230924.18
1546230924.21
1546230924.25
1546230924.28
1546230924.31
1546230924.35
1546230924.38
1546230924.41
1546230924.44
1546230924.48
1546230924.51
1546230924.55
1546230924.58
1546230924.61
1546230924.65
1546230924.68
1546230924.71
1546230924.75
1546230924.78
1546230924.81
1546230924.85
1546230924.88
1546230924.91
1546230924.95
1546230924.98
1546230925.01
1546230925.05
1546230925.08
1546230925.11
1546230925.15
1546230925.18
1546230925.21
1546230925.25
1546230925.28
1546230925.31
1546230925.35
1546230925.38
1546230925.41
1546230925.45
1546230925.48
1546230925.51
1546230925.55
1546230925.58
1546230925.61
1546230925.65
1546230925.68
1546230925.71
1546230925.74
1546230925.78
1546230925.81
1546230925.85
1546230925.88
1546230925.91
1546230925.95
1546230925.98
1546230926.01
1546230926.05
1546230926.08
1546230926.11
1546230926.15
1546230926.18
1546230926.21
1546230926.25
1546230926.28
1546230926.31
1546230926.35
1546230926.38
1546230926.41
1546230926.45
1546230926.48
1546230926.51
1546230926.55
1546230926.58
1546230926.61
1546230926.64
1546230926.68
1546230926.71
1546230926.74
1546230926.78
1546230926.81
1546230926.85
1546230926.88
1546230926.91
1546230926.95
1546230926.98
1546230927.01
1546230927.05
1546230927.08
1546230927.11
1546230927.14
1546230927.18
1546230927.21
1546230927.24
1546230927.28
1546230927.31
1546230927.35
1546230927.38
1546230927.41
1546230927.44
1546230927.48
1546230927.51
1546230927.54
1546230927.58
1546230927.61
1546230927.64
1546230927.68
1546230927.71
1546230927.74
1546230927.78
1546230927.81
1546230927.84
1546230927.88
1546230927.91
1546230927.94
1546230927.98
1546230928.01
1546230928.04
1546230928.08
1546230928.11
1546230928.14
1546230928.18
1546230928.21
1546230928.24
1546230928.28
1546230928.31
1546230928.34
1546230928.38
1546230928.41
1546230928.44
1546230928.48
1546230928.51
1546230928.54
1546230928.58
1546230928.61
1546230928.64
1546230928.68
1546230928.71
1546230928.74
1546230928.78
1546230928.81
1546230928.84
1546230928.88
1546230928.91
1546230928.94
1546230928.98
1546230929.01
1546230929.04
1546230929.08
1546230929.11
1546230929.14
1546230929.18
1546230929.21
1546230929.24
1546230929.28
1546230929.31
1546230929.34
1546230929.38
1546230929.41
1546230929.44
1546230929.48
1546230929.51
1546230929.54
1546230929.58
1546230929.61
1546230929.64
1546230929.68
1546230929.71
1546230929.74
1546230929.78
1546230929.81
1546230929.84
1546230929.88
1546230929.91
1546230929.94
1546230929.98
1546230930.01
1546230930.04
1546230930.08
1546230930.11
1546230930.14
1546230930.18
1546230930.21
1546230930.24
1546230930.28
1546230930.31
1546230930.35
1546230930.38
1546230930.41
1546230930.44
1546230930.48
1546230930.51
1546230930.54
1546230930.58
1546230930.61
1546230930.64
1546230930.68
1546230930.71
1546230930.74
1546230930.78
1546230930.81
1546230930.85
1546230930.88
1546230930.91
1546230930.94
1546230930.98
1546230931.01
1546230931.04
1546230931.08
1546230931.11
1546230931.14
1546230931.18
1546230931.21
1546230931.24
1546230931.28
1546230931.31
1546230931.34
1546230931.38
1546230931.41
1546230931.44
1546230931.48
1546230931.51
1546230931.55
1546230931.58
1546230931.61
1546230931.64
1546230931.68
1546230931.71
1546230931.74
1546230931.78
1546230931.81
1546230931.84
1546230931.88
1546230931.91
1546230931.94
1546230931.98
1546230932.01
1546230932.04
1546230932.08
1546230932.11
1546230932.14
1546230932.18
1546230932.21
1546230932.24
1546230932.28
1546230932.31
1546230932.34
1546230932.38
1546230932.41
1546230932.44
1546230932.48
1546230932.51
1546230932.54
1546230932.58
1546230932.61
1546230932.64
1546230932.67
1546230932.71
1546230932.74
1546230932.78
1546230932.81
1546230932.84
1546230932.88
1546230932.91
1546230932.94
1546230932.98
1546230933.01
1546230933.04
1546230933.08
1546230933.11
1546230933.14
1546230933.18
1546230933.21
1546230933.24
1546230933.28
1546230933.31
1546230933.34
1546230933.38
1546230933.41
1546230933.44
1546230933.48
1546230933.51
1546230933.54
1546230933.58
1546230933.61
1546230933.64
1546230933.68
1546230933.71
1546230933.74
1546230933.78
1546230933.81
1546230933.84
1546230933.88
1546230933.91
1546230933.94
1546230933.98
1546230934.01
1546230934.04
1546230934.08
1546230934.11
1546230934.14
1546230934.18
1546230934.21
1546230934.24
1546230934.28
1546230934.31
1546230934.34
1546230934.38
1546230934.41
1546230934.44
1546230934.48
1546230934.51
1546230934.54
1546230934.58
1546230934.61
1546230934.64
1546230934.67
1546230934.71
1546230934.74
1546230934.78
1546230934.81
1546230934.84
1546230934.88
1546230934.91
1546230934.94
1546230934.98
1546230935.01
1546230935.04
1546230935.08
1546230935.11
1546230935.14
1546230935.18
1546230935.21
1546230935.24
1546230935.28
1546230935.31
1546230935.34
1546230935.38
1546230935.41
1546230935.44
1546230935.48
1546230935.51
1546230935.54
1546230935.58
1546230935.61
1546230935.64
1546230935.68
1546230935.71
1546230935.74
1546230935.78
1546230935.81
1546230935.84
1546230935.88
1546230935.91
1546230935.94
1546230935.97
1546230936.01
1546230936.04
1546230936.08
1546230936.11
1546230936.14
1546230936.18
1546230936.21
1546230936.24
1546230936.28
1546230936.31
1546230936.34
1546230936.38
1546230936.41
1546230936.44
1546230936.48
1546230936.51
1546230936.54
1546230936.58
1546230936.61
1546230936.64
1546230936.68
1546230936.71
1546230936.74
1546230936.78
1546230936.81
1546230936.84
1546230936.88
1546230936.91
1546230936.94
1546230936.97
1546230937.01
1546230937.04
1546230937.08
1546230937.11
1546230937.14
1546230937.17
1546230937.21
1546230937.24
1546230937.28
1546230937.31
1546230937.34
1546230937.38
1546230937.41
1546230937.44
1546230937.48
1546230937.51
1546230937.54
1546230937.58
1546230937.61
1546230937.64
1546230937.68
1546230937.71
1546230937.74
1546230937.78
1546230937.81
1546230937.84
1546230937.88
1546230937.91
1546230937.94
1546230937.98
1546230938.01
1546230938.04
1546230938.08
1546230938.11
1546230938.14
1546230938.18
1546230938.21
1546230938.24
1546230938.28
1546230938.31
1546230938.34
1546230938.38
1546230938.41
1546230938.44
1546230938.48
1546230938.51
1546230938.54
1546230938.58
1546230938.61
1546230938.64
1546230938.68
1546230938.71
1546230938.74
1546230938.78
1546230938.81
1546230938.84
1546230938.88
1546230938.91
1546230938.94
1546230938.98
1546230939.01
1546230939.04
1546230939.08
1546230939.11
1546230939.14
1546230939.18
1546230939.21
1546230939.24
1546230939.28
1546230939.31
1546230939.34
1546230939.38
1546230939.41
1546230939.44
1546230939.48
1546230939.51
1546230939.55
1546230939.58
1546230939.61
1546230939.64
1546230939.68
1546230939.71
1546230939.74
1546230939.78
1546230939.81
1546230939.84
1546230939.88
1546230939.91
1546230939.94
1546230939.98
1546230940.01
1546230940.04
1546230940.08
1546230940.11
1546230940.14
1546230940.18
1546230940.21
1546230940.24
1546230940.28
1546230940.31
1546230940.34
1546230940.38
1546230940.41
1546230940.44
1546230940.48
1546230940.51
1546230940.54
1546230940.58
1546230940.61
1546230940.64
1546230940.67
1546230940.71
1546230940.74
1546230940.78
1546230940.81
1546230940.84
1546230940.88
1546230940.91
1546230940.94
1546230940.98
1546230941.01
1546230941.04
1546230941.08
1546230941.11
1546230941.14
1546230941.18
1546230941.21
1546230941.24
1546230941.28
1546230941.31
1546230941.34
1546230941.38
1546230941.41
1546230941.44
1546230941.48
1546230941.51
1546230941.54
1546230941.58
1546230941.61
1546230941.64
1546230941.68
1546230941.71
1546230941.74
1546230941.78
1546230941.81
1546230941.84
1546230941.88
1546230941.91
1546230941.94
1546230941.98
1546230942.01
1546230942.04
1546230942.08
1546230942.11
1546230942.14
1546230942.18
1546230942.21
1546230942.24
1546230942.28
1546230942.31
1546230942.34
1546230942.38
1546230942.41
1546230942.44
1546230942.48
1546230942.51
1546230942.54
1546230942.58
1546230942.61
1546230942.64
1546230942.68
1546230942.71
1546230942.74
1546230942.78
1546230942.81
1546230942.85
1546230942.88
1546230942.91
1546230942.95
1546230942.98
1546230943.01
1546230943.05
1546230943.08
1546230943.11
1546230943.14
1546230943.18
1546230943.21
1546230943.24
1546230943.28
1546230943.31
1546230943.35
1546230943.38
1546230943.41
1546230943.44
1546230943.48
1546230943.51
1546230943.55
1546230943.58
1546230943.61
1546230943.64
1546230943.68
1546230943.71
1546230943.74
1546230943.78
1546230943.81
1546230943.85
1546230943.88
1546230943.91
1546230943.94
1546230943.98
1546230944.01
1546230944.05
1546230944.08
1546230944.11
1546230944.14
1546230944.18
1546230944.21
1546230944.24
1546230944.28
1546230944.31
1546230944.35
1546230944.38
1546230944.41
1546230944.44
1546230944.48
1546230944.51
1546230944.55
1546230944.58
1546230944.61
1546230944.65
1546230944.68
1546230944.71
1546230944.75
1546230944.78
1546230944.81
1546230944.85
1546230944.88
1546230944.91
1546230944.95
1546230944.98
1546230945.01
1546230945.05
1546230945.08
1546230945.11
1546230945.15
1546230945.18
1546230945.21
1546230945.25
1546230945.28
1546230945.31
1546230945.35
1546230945.38
1546230945.41
1546230945.45
1546230945.48
1546230945.51
1546230945.55
1546230945.58
1546230945.62
1546230945.65
1546230945.68
1546230945.71
1546230945.75
1546230945.78
1546230945.82
1546230945.85
1546230945.88
1546230945.91
1546230945.95
1546230945.98
1546230946.01
1546230946.04
1546230946.07
1546230946.11
1546230946.14
1546230946.17
1546230946.21
1546230946.24
1546230946.28
1546230946.31
1546230946.34
1546230946.37
1546230946.41
1546230946.44
1546230946.47
1546230946.51
1546230946.54
1546230946.57
1546230946.61
1546230946.64
1546230946.67
1546230946.71
1546230946.74
1546230946.77
1546230946.81
1546230946.84
1546230946.87
1546230946.91
1546230946.94
1546230946.97
1546230947.01
1546230947.04
1546230947.07
1546230947.11
1546230947.14
1546230947.17
1546230947.21
1546230947.24
1546230947.27
1546230947.31
1546230947.34
1546230947.37
1546230947.41
1546230947.44
1546230947.47
1546230947.51
1546230947.54
1546230947.57
1546230947.61
1546230947.64
1546230947.67
1546230947.71
1546230947.74
1546230947.77
1546230947.81
1546230947.84
1546230947.87
1546230947.91
1546230947.94
1546230947.97
1546230948.01
1546230948.04
1546230948.07
1546230948.11
1546230948.14
1546230948.17
1546230948.21
1546230948.24
1546230948.27
1546230948.31
1546230948.34
1546230948.37
1546230948.41
1546230948.44
1546230948.47
1546230948.51
1546230948.54
1546230948.57
1546230948.61
1546230948.64
1546230948.67
1546230948.71
1546230948.74
1546230948.77
1546230948.81
1546230948.84
1546230948.87
1546230948.91
1546230948.94
1546230948.97
1546230949.01
1546230949.04
1546230949.07
1546230949.11
1546230949.14
1546230949.17
1546230949.21
1546230949.24
1546230949.27
1546230949.31
1546230949.34
1546230949.37
1546230949.41
1546230949.44
1546230949.47
1546230949.51
1546230949.54
1546230949.57
1546230949.61
1546230949.64
1546230949.67
1546230949.7
1546230949.74
1546230949.77
1546230949.81
1546230949.84
1546230949.87
1546230949.9
1546230949.94
1546230949.97
1546230950.01
1546230950.04
1546230950.07
1546230950.11
1546230950.14
1546230950.17
1546230950.21
1546230950.24
1546230950.27
1546230950.31
1546230950.34
1546230950.37
1546230950.41
1546230950.44
1546230950.47
1546230950.51
1546230950.54
1546230950.57
1546230950.61
1546230950.64
1546230950.67
1546230950.71
1546230950.74
1546230950.77
1546230950.8
1546230950.84
1546230950.87
1546230950.9
1546230950.94
1546230950.97
1546230951.01
1546230951.04
1546230951.07
1546230951.1
1546230951.14
1546230951.17
1546230951.2
1546230951.24
1546230951.27
1546230951.3
1546230951.34
1546230951.37
1546230951.4
1546230951.44
1546230951.47
1546230951.5
1546230951.54
1546230951.57
1546230951.61
1546230951.64
1546230951.67
1546230951.7
1546230951.74
1546230951.77
1546230951.8
1546230951.84
1546230951.87
1546230951.9
1546230951.94
1546230951.97
1546230952.0
1546230952.04
1546230952.07
1546230952.1
1546230952.14
1546230952.17
1546230952.2
1546230952.24
1546230952.27
1546230952.3
1546230952.34
1546230952.37
1546230952.4
1546230952.44
1546230952.47
1546230952.5
1546230952.54
1546230952.57
1546230952.6
1546230952.64
1546230952.67
1546230952.7
1546230952.74
1546230952.77
1546230952.81
1546230952.84
1546230952.87
1546230952.9
1546230952.94
1546230952.97
1546230953.0
1546230953.04
1546230953.07
1546230953.1
1546230953.14
1546230953.17
1546230953.2
1546230953.24
1546230953.27
1546230953.3
1546230953.34
1546230953.37
1546230953.4
1546230953.44
1546230953.47
1546230953.5
1546230953.54
1546230953.57
1546230953.6
1546230953.64
1546230953.67
1546230953.7
1546230953.74
1546230953.77
1546230953.8
1546230953.84
1546230953.87
1546230953.9
1546230953.94
1546230953.97
1546230954.0
1546230954.04
1546230954.07
1546230954.1
1546230954.14
1546230954.17
1546230954.2
1546230954.24
1546230954.27
1546230954.3
1546230954.34
1546230954.37
1546230954.4
1546230954.44
1546230954.47
1546230954.51
1546230954.54
1546230954.57
1546230954.61
1546230954.64
1546230954.67
1546230954.7
1546230954.74
1546230954.77
1546230954.8
1546230954.84
1546230954.87
1546230954.9
1546230954.94
1546230954.97
1546230955.01
1546230955.04
1546230955.07
1546230955.11
1546230955.14
1546230955.17
1546230955.2
1546230955.24
1546230955.27
1546230955.31
1546230955.34
1546230955.37
1546230955.4
1546230955.44
1546230955.47
1546230955.51
1546230955.54
1546230955.57
1546230955.61
1546230955.64
1546230955.67
1546230955.7
1546230955.74
1546230955.77
1546230955.81
1546230955.84
1546230955.87
1546230955.9
1546230955.94
1546230955.97
1546230956.01
1546230956.04
1546230956.07
1546230956.1
1546230956.14
1546230956.17
1546230956.2
1546230956.24
1546230956.27
1546230956.31
1546230956.34
1546230956.37
1546230956.4
1546230956.44
1546230956.47
1546230956.51
1546230956.54
1546230956.57
1546230956.61
1546230956.64
1546230956.67
1546230956.7
1546230956.74
1546230956.77
1546230956.81
1546230956.84
1546230956.87
1546230956.9
1546230956.94
1546230956.97
1546230957.01
1546230957.04
1546230957.07
1546230957.11
1546230957.14
1546230957.17
1546230957.2
1546230957.24
1546230957.27
1546230957.3
1546230957.34
1546230957.37
1546230957.4
1546230957.44
1546230957.47
1546230957.5
1546230957.54
1546230957.57
1546230957.6
1546230957.64
1546230957.67
1546230957.7
1546230957.74
1546230957.77
1546230957.8
1546230957.84
1546230957.87
1546230957.9
1546230957.94
1546230957.97
1546230958.0
1546230958.04
1546230958.07
1546230958.1
1546230958.14
1546230958.17
1546230958.2
1546230958.24
1546230958.27
1546230958.3
1546230958.34
1546230958.37
1546230958.4
1546230958.44
1546230958.47
1546230958.5
1546230958.54
1546230958.57
1546230958.6
1546230958.64
1546230958.67
1546230958.7
1546230958.74
1546230958.77
1546230958.8
1546230958.84
1546230958.87
1546230958.9
1546230958.94
1546230958.97
1546230959.0
1546230959.04
1546230959.07
1546230959.1
1546230959.13
1546230959.17
1546230959.2
1546230959.23
1546230959.27
1546230959.3
1546230959.34
1546230959.37
1546230959.4
1546230959.43
1546230959.47
1546230959.5
1546230959.54
1546230959.57
1546230959.6
1546230959.64
1546230959.67
1546230959.7
1546230959.74
1546230959.77
1546230959.8
1546230959.84
1546230959.87
1546230959.9
1546230959.94
1546230959.97
1546230960.0
1546230960.04
1546230960.07
1546230960.1
1546230960.13
1546230960.17
1546230960.2
1546230960.23
1546230960.27
1546230960.3
1546230960.34
1546230960.37
1546230960.4
1546230960.44
1546230960.47
1546230960.5
1546230960.54
1546230960.57
1546230960.6
1546230960.63
1546230960.67
1546230960.7
1546230960.73
1546230960.77
1546230960.8
1546230960.84
1546230960.87
1546230960.9
1546230960.94
1546230960.97
1546230961.0
1546230961.04
1546230961.07
1546230961.1
1546230961.14
1546230961.17
1546230961.2
1546230961.24
1546230961.27
1546230961.3
1546230961.34
1546230961.37
1546230961.4
1546230961.44
1546230961.47
1546230961.5
1546230961.54
1546230961.57
1546230961.6
1546230961.64
1546230961.67
1546230961.7
1546230961.74
1546230961.77
1546230961.8
1546230961.84
1546230961.87
1546230961.9
1546230961.94
1546230961.97
1546230962.0
1546230962.04
1546230962.07
1546230962.1
1546230962.13
1546230962.17
1546230962.2
1546230962.23
1546230962.27
1546230962.3
1546230962.34
1546230962.37
1546230962.4
1546230962.43
1546230962.47
1546230962.5
1546230962.54
1546230962.57
1546230962.6
1546230962.63
1546230962.67
1546230962.7
1546230962.74
1546230962.77
1546230962.8
1546230962.84
1546230962.87
1546230962.9
1546230962.93
1546230962.97
1546230963.0
1546230963.04
1546230963.07
1546230963.1
1546230963.14
1546230963.17
1546230963.2
1546230963.23
1546230963.27
1546230963.3
1546230963.34
1546230963.37
1546230963.4
1546230963.43
1546230963.47
1546230963.5
1546230963.53
1546230963.57
1546230963.6
1546230963.63
1546230963.67
1546230963.7
1546230963.73
1546230963.77
1546230963.8
1546230963.84
1546230963.87
1546230963.9
1546230963.93
1546230963.97
1546230964.0
1546230964.04
1546230964.07
1546230964.1
1546230964.13
1546230964.17
1546230964.2
1546230964.23
1546230964.27
1546230964.3
1546230964.34
1546230964.37
1546230964.4
1546230964.44
1546230964.47
1546230964.5
1546230964.54
1546230964.57
1546230964.6
1546230964.64
1546230964.67
1546230964.7
1546230964.74
1546230964.77
1546230964.8
1546230964.84
1546230964.87
1546230964.9
1546230964.94
1546230964.97
1546230965.0
1546230965.04
1546230965.07
1546230965.1
1546230965.14
1546230965.17
1546230965.2
1546230965.23
1546230965.27
1546230965.3
1546230965.34
1546230965.37
1546230965.4
1546230965.43
1546230965.47
1546230965.5
1546230965.54
1546230965.57
1546230965.6
1546230965.64
1546230965.67
1546230965.7
1546230965.74
1546230965.77
1546230965.8
1546230965.84
1546230965.87
1546230965.9
1546230965.94
1546230965.97
1546230966.0
1546230966.04
1546230966.07
1546230966.1
1546230966.14
1546230966.17
1546230966.2
1546230966.24
1546230966.27
1546230966.3
1546230966.34
1546230966.37
1546230966.4
1546230966.44
1546230966.47
1546230966.5
1546230966.54
1546230966.57
1546230966.6
1546230966.64
1546230966.67
1546230966.7
1546230966.74
1546230966.77
1546230966.8
1546230966.84
1546230966.87
1546230966.9
1546230966.94
1546230966.97
1546230967.01
1546230967.04
1546230967.07
1546230967.1
1546230967.14
1546230967.17
1546230967.2
1546230967.24
1546230967.27
1546230967.31
1546230967.34
1546230967.37
1546230967.41
1546230967.44
1546230967.47
1546230967.51
1546230967.54
1546230967.57
1546230967.61
1546230967.64
1546230967.67
1546230967.71
1546230967.74
1546230967.77
1546230967.81
1546230967.84
1546230967.87
1546230967.91
1546230967.94
1546230967.97
1546230968.01
1546230968.04
1546230968.07
1546230968.11
1546230968.14
1546230968.17
1546230968.21
1546230968.24
1546230968.28
1546230968.31
1546230968.34
1546230968.38
1546230968.41
1546230968.44
1546230968.47
1546230968.51
1546230968.54
1546230968.57
1546230968.61
1546230968.64
1546230968.67
1546230968.71
1546230968.74
1546230968.78
1546230968.81
1546230968.84
1546230968.88
1546230968.91
1546230968.94
1546230968.97
1546230969.01
1546230969.04
1546230969.08
1546230969.11
1546230969.14
1546230969.17
1546230969.21
1546230969.24
1546230969.27
1546230969.3
1546230969.34
1546230969.37
1546230969.4
1546230969.43
1546230969.47
1546230969.5
1546230969.54
1546230969.57
1546230969.6
1546230969.64
1546230969.67
1546230969.7
1546230969.74
1546230969.77
1546230969.8
1546230969.84
1546230969.87
1546230969.9
1546230969.93
1546230969.97
1546230970.0
1546230970.04
1546230970.07
1546230970.1
1546230970.13
1546230970.17
1546230970.2
1546230970.23
1546230970.27
1546230970.3
1546230970.34
1546230970.37
1546230970.4
1546230970.44
1546230970.47
1546230970.5
1546230970.54
1546230970.57
1546230970.6
1546230970.64
1546230970.67
1546230970.7
1546230970.73
1546230970.77
1546230970.8
1546230970.84
1546230970.87
1546230970.9
1546230970.93
1546230970.97
1546230971.0
1546230971.04
1546230971.07
1546230971.1
1546230971.13
1546230971.17
1546230971.2
1546230971.23
1546230971.27
1546230971.3
1546230971.34
1546230971.37
1546230971.4
1546230971.43
1546230971.47
1546230971.5
1546230971.53
1546230971.57
1546230971.6
1546230971.63
1546230971.67
1546230971.7
1546230971.73
1546230971.77
1546230971.8
1546230971.84
1546230971.87
1546230971.9
1546230971.94
1546230971.97
1546230972.0
1546230972.03
1546230972.07
1546230972.1
1546230972.13
1546230972.17
1546230972.2
1546230972.23
1546230972.27
1546230972.3
1546230972.33
1546230972.37
1546230972.4
1546230972.43
1546230972.47
1546230972.5
1546230972.53
1546230972.57
1546230972.6
1546230972.63
1546230972.67
1546230972.7
1546230972.73
1546230972.77
1546230972.8
1546230972.83
1546230972.87
1546230972.9
1546230972.93
1546230972.97
1546230973.0
1546230973.03
1546230973.07
1546230973.1
1546230973.13
1546230973.17
1546230973.2
1546230973.23
1546230973.27
1546230973.3
1546230973.33
1546230973.37
1546230973.4
1546230973.43
1546230973.47
1546230973.5
1546230973.53
1546230973.57
1546230973.6
1546230973.63
1546230973.67
1546230973.7
1546230973.73
1546230973.77
1546230973.8
1546230973.83
1546230973.87
1546230973.9
1546230973.94
1546230973.97
1546230974.0
1546230974.04
1546230974.07
1546230974.1
1546230974.14
1546230974.17
1546230974.2
1546230974.23
1546230974.27
1546230974.3
1546230974.34
1546230974.37
1546230974.4
1546230974.43
1546230974.47
1546230974.5
1546230974.54
1546230974.57
1546230974.6
1546230974.63
1546230974.67
1546230974.7
1546230974.74
1546230974.77
1546230974.8
1546230974.83
1546230974.87
1546230974.9
1546230974.93
1546230974.97
1546230975.0
1546230975.04
1546230975.07
1546230975.1
1546230975.13
1546230975.17
1546230975.2
1546230975.23
1546230975.27
1546230975.3
1546230975.33
1546230975.37
1546230975.4
1546230975.43
1546230975.47
1546230975.5
1546230975.54
1546230975.57
1546230975.6
1546230975.64
1546230975.67
1546230975.7
1546230975.73
1546230975.77
1546230975.8
1546230975.83
1546230975.87
1546230975.9
1546230975.93
1546230975.97
1546230976.0
1546230976.03
1546230976.07
1546230976.1
1546230976.14
1546230976.17
1546230976.2
1546230976.23
1546230976.27
1546230976.3
1546230976.34
1546230976.37
1546230976.4
1546230976.44
1546230976.47
1546230976.5
1546230976.54
1546230976.57
1546230976.6
1546230976.63
1546230976.67
1546230976.7
1546230976.73
1546230976.77
1546230976.8
1546230976.84
1546230976.87
1546230976.9
1546230976.93
1546230976.97
1546230977.0
1546230977.04
1546230977.07
1546230977.1
1546230977.13
1546230977.17
1546230977.2
1546230977.23
1546230977.27
1546230977.3
1546230977.34
1546230977.37
1546230977.4
1546230977.43
1546230977.47
1546230977.5
1546230977.54
1546230977.57
1546230977.6
1546230977.63
1546230977.67
1546230977.7
1546230977.73
1546230977.77
1546230977.8
1546230977.84
1546230977.87
1546230977.9
1546230977.93
1546230977.97
1546230978.0
