1546150742.57
1546150742.7
1546150742.74
1546150742.77
1546150742.8
1546150742.83
1546150742.86
1546150742.89
1546150742.92
1546150742.95
1546150742.99
1546150743.02
1546150743.06
1546150743.09
1546150743.12
1546150743.16
1546150743.19
1546150743.22
1546150743.26
1546150743.29
1546150743.32
1546150743.36
1546150743.39
1546150743.42
1546150743.45
1546150743.49
1546150743.52
1546150743.56
1546150743.59
1546150743.62
1546150743.65
1546150743.69
1546150743.72
1546150743.76
1546150743.79
1546150743.82
1546150743.86
1546150743.89
1546150743.92
1546150743.95
1546150743.99
1546150744.02
1546150744.06
1546150744.09
1546150744.12
1546150744.15
1546150744.19
1546150744.22
1546150744.25
1546150744.29
1546150744.32
1546150744.36
1546150744.39
1546150744.42
1546150744.45
1546150744.49
1546150744.52
1546150744.56
1546150744.59
1546150744.62
1546150744.65
1546150744.69
1546150744.72
1546150744.76
1546150744.79
1546150744.82
1546150744.86
1546150744.89
1546150744.92
1546150744.95
1546150744.99
1546150745.02
1546150745.05
1546150745.09
1546150745.12
1546150745.15
1546150745.19
1546150745.22
1546150745.25
1546150745.29
1546150745.32
1546150745.35
1546150745.39
1546150745.42
1546150745.45
1546150745.49
1546150745.52
1546150745.56
1546150745.59
1546150745.62
1546150745.66
1546150745.69
1546150745.72
1546150745.76
1546150745.79
1546150745.82
1546150745.86
1546150745.89
1546150745.92
1546150745.95
1546150745.99
1546150746.02
1546150746.06
1546150746.09
1546150746.12
1546150746.16
1546150746.19
1546150746.22
1546150746.25
1546150746.29
1546150746.32
1546150746.36
1546150746.39
1546150746.42
1546150746.45
1546150746.49
1546150746.52
1546150746.56
1546150746.59
1546150746.62
1546150746.65
1546150746.69
1546150746.72
1546150746.75
1546150746.79
1546150746.82
1546150746.85
1546150746.89
1546150746.92
1546150746.95
1546150746.99
1546150747.02
1546150747.05
1546150747.09
1546150747.12
1546150747.15
1546150747.19
1546150747.22
1546150747.25
1546150747.29
1546150747.32
1546150747.36
1546150747.39
1546150747.42
1546150747.45
1546150747.49
1546150747.52
1546150747.55
1546150747.59
1546150747.62
1546150747.65
1546150747.69
1546150747.72
1546150747.75
1546150747.79
1546150747.82
1546150747.85
1546150747.89
1546150747.92
1546150747.95
1546150747.99
1546150748.02
1546150748.05
1546150748.09
1546150748.12
1546150748.15
1546150748.19
1546150748.22
1546150748.25
1546150748.29
1546150748.32
1546150748.36
1546150748.39
1546150748.42
1546150748.45
1546150748.49
1546150748.52
1546150748.55
1546150748.59
1546150748.62
1546150748.65
1546150748.69
1546150748.72
1546150748.75
1546150748.79
1546150748.82
1546150748.85
1546150748.89
1546150748.92
1546150748.95
1546150748.99
1546150749.02
1546150749.05
1546150749.09
1546150749.12
1546150749.15
1546150749.19
1546150749.22
1546150749.25
1546150749.29
1546150749.32
1546150749.35
1546150749.39
1546150749.42
1546150749.45
1546150749.49
1546150749.52
1546150749.55
1546150749.59
1546150749.62
1546150749.65
1546150749.69
1546150749.72
1546150749.75
1546150749.79
1546150749.82
1546150749.85
1546150749.89
1546150749.92
1546150749.95
1546150749.99
1546150750.02
1546150750.05
1546150750.09
1546150750.12
1546150750.15
1546150750.19
1546150750.22
1546150750.25
1546150750.29
1546150750.32
1546150750.35
1546150750.39
1546150750.42
1546150750.45
1546150750.49
1546150750.52
1546150750.55
1546150750.59
1546150750.62
1546150750.65
1546150750.69
1546150750.72
1546150750.75
1546150750.79
1546150750.82
1546150750.85
1546150750.89
1546150750.92
1546150750.95
1546150750.99
1546150751.02
1546150751.05
1546150751.09
1546150751.12
1546150751.15
1546150751.19
1546150751.22
1546150751.26
1546150751.29
1546150751.32
1546150751.35
1546150751.39
1546150751.42
1546150751.45
1546150751.49
1546150751.52
1546150751.55
1546150751.59
1546150751.62
1546150751.65
1546150751.69
1546150751.72
1546150751.75
1546150751.79
1546150751.82
1546150751.85
1546150751.89
1546150751.92
1546150751.95
1546150751.99
1546150752.02
1546150752.05
1546150752.09
1546150752.12
1546150752.15
1546150752.19
1546150752.22
1546150752.25
1546150752.29
1546150752.32
1546150752.36
1546150752.39
1546150752.42
1546150752.45
1546150752.49
1546150752.52
1546150752.56
1546150752.59
1546150752.62
1546150752.65
1546150752.69
1546150752.72
1546150752.76
1546150752.79
1546150752.82
1546150752.86
1546150752.89
1546150752.92
1546150752.95
1546150752.99
1546150753.02
1546150753.06
1546150753.09
1546150753.12
1546150753.16
1546150753.19
1546150753.22
1546150753.26
1546150753.29
1546150753.32
1546150753.36
1546150753.39
1546150753.42
1546150753.45
1546150753.49
1546150753.52
1546150753.56
1546150753.59
1546150753.62
1546150753.66
1546150753.69
1546150753.72
1546150753.76
1546150753.79
1546150753.82
1546150753.86
1546150753.89
1546150753.92
1546150753.95
1546150753.99
1546150754.02
1546150754.06
1546150754.09
1546150754.12
1546150754.15
1546150754.19
1546150754.22
1546150754.26
1546150754.29
1546150754.32
1546150754.36
1546150754.39
1546150754.42
1546150754.46
1546150754.49
1546150754.52
1546150754.56
1546150754.59
1546150754.62
1546150754.66
1546150754.69
1546150754.72
1546150754.76
1546150754.79
1546150754.82
1546150754.86
1546150754.89
1546150754.92
1546150754.96
1546150754.99
1546150755.02
1546150755.06
1546150755.09
1546150755.12
1546150755.16
1546150755.19
1546150755.22
1546150755.26
1546150755.29
1546150755.33
1546150755.36
1546150755.39
1546150755.42
1546150755.45
1546150755.48
1546150755.52
1546150755.55
1546150755.59
1546150755.62
1546150755.65
1546150755.68
1546150755.72
1546150755.75
1546150755.78
1546150755.82
1546150755.85
1546150755.88
1546150755.92
1546150755.95
1546150755.98
1546150756.02
1546150756.05
1546150756.08
1546150756.12
1546150756.15
1546150756.18
1546150756.22
1546150756.25
1546150756.28
1546150756.32
1546150756.35
1546150756.38
1546150756.42
1546150756.45
1546150756.48
1546150756.52
1546150756.55
1546150756.59
1546150756.62
1546150756.65
1546150756.68
1546150756.72
1546150756.75
1546150756.78
1546150756.82
1546150756.85
1546150756.88
1546150756.92
1546150756.95
1546150756.98
1546150757.02
1546150757.05
1546150757.08
1546150757.12
1546150757.15
1546150757.18
1546150757.22
1546150757.25
1546150757.28
1546150757.32
1546150757.35
1546150757.38
1546150757.42
1546150757.45
1546150757.48
1546150757.52
1546150757.55
1546150757.58
1546150757.62
1546150757.65
1546150757.68
1546150757.72
1546150757.75
1546150757.78
1546150757.82
1546150757.85
1546150757.89
1546150757.92
1546150757.95
1546150757.98
1546150758.02
1546150758.05
1546150758.08
1546150758.12
1546150758.15
1546150758.18
1546150758.22
1546150758.25
1546150758.28
1546150758.32
1546150758.35
1546150758.38
1546150758.42
1546150758.45
1546150758.48
1546150758.52
1546150758.55
1546150758.58
1546150758.62
1546150758.65
1546150758.68
1546150758.72
1546150758.75
1546150758.78
1546150758.82
1546150758.85
1546150758.88
1546150758.92
1546150758.95
1546150758.98
1546150759.02
1546150759.05
1546150759.08
1546150759.12
1546150759.15
1546150759.18
1546150759.22
1546150759.25
1546150759.28
1546150759.32
1546150759.35
1546150759.38
1546150759.42
1546150759.45
1546150759.48
1546150759.52
1546150759.55
1546150759.58
1546150759.62
1546150759.65
1546150759.68
1546150759.72
1546150759.75
1546150759.78
1546150759.82
1546150759.85
1546150759.88
1546150759.92
1546150759.95
1546150759.98
1546150760.02
1546150760.05
1546150760.09
1546150760.12
1546150760.15
1546150760.18
1546150760.22
1546150760.25
1546150760.28
1546150760.32
1546150760.35
1546150760.38
1546150760.42
1546150760.45
1546150760.48
1546150760.52
1546150760.55
1546150760.58
1546150760.62
1546150760.65
1546150760.68
1546150760.72
1546150760.75
1546150760.78
1546150760.82
1546150760.85
1546150760.88
1546150760.92
1546150760.95
1546150760.98
1546150761.02
1546150761.05
1546150761.08
1546150761.12
1546150761.15
1546150761.18
1546150761.21
1546150761.25
1546150761.28
1546150761.32
1546150761.35
1546150761.38
1546150761.42
1546150761.45
1546150761.48
1546150761.52
1546150761.55
1546150761.58
1546150761.62
1546150761.65
1546150761.68
1546150761.71
1546150761.75
1546150761.78
1546150761.82
1546150761.85
1546150761.88
1546150761.91
1546150761.95
1546150761.98
1546150762.01
1546150762.05
1546150762.08
1546150762.11
1546150762.15
1546150762.18
1546150762.21
1546150762.25
1546150762.28
1546150762.31
1546150762.35
1546150762.38
1546150762.41
1546150762.45
1546150762.48
1546150762.52
1546150762.55
1546150762.58
1546150762.62
1546150762.65
1546150762.68
1546150762.71
1546150762.75
1546150762.78
1546150762.82
1546150762.85
1546150762.88
1546150762.91
1546150762.95
1546150762.98
1546150763.02
1546150763.05
1546150763.08
1546150763.12
1546150763.15
1546150763.18
1546150763.21
1546150763.25
1546150763.28
1546150763.32
1546150763.35
1546150763.38
1546150763.41
1546150763.45
1546150763.48
1546150763.52
1546150763.55
1546150763.58
1546150763.62
1546150763.65
1546150763.68
1546150763.71
1546150763.75
1546150763.78
1546150763.82
1546150763.85
1546150763.88
1546150763.91
1546150763.95
1546150763.98
1546150764.02
1546150764.05
1546150764.08
1546150764.12
1546150764.15
1546150764.18
1546150764.21
1546150764.25
1546150764.28
1546150764.32
1546150764.35
1546150764.38
1546150764.41
1546150764.45
1546150764.48
1546150764.52
1546150764.55
1546150764.58
1546150764.62
1546150764.65
1546150764.68
1546150764.71
1546150764.75
1546150764.78
1546150764.82
1546150764.85
1546150764.88
1546150764.92
1546150764.95
1546150764.98
1546150765.02
1546150765.05
1546150765.08
1546150765.12
1546150765.15
1546150765.18
1546150765.21
1546150765.25
1546150765.28
1546150765.31
1546150765.35
1546150765.38
1546150765.41
1546150765.45
1546150765.48
1546150765.52
1546150765.55
1546150765.58
1546150765.62
1546150765.65
1546150765.68
1546150765.71
1546150765.75
1546150765.78
1546150765.82
1546150765.85
1546150765.88
1546150765.92
1546150765.95
1546150765.98
1546150766.02
1546150766.05
1546150766.08
1546150766.12
1546150766.15
1546150766.18
1546150766.21
1546150766.25
1546150766.28
1546150766.32
1546150766.35
1546150766.38
1546150766.41
1546150766.45
1546150766.48
1546150766.52
1546150766.55
1546150766.58
1546150766.62
1546150766.65
1546150766.68
1546150766.72
1546150766.75
1546150766.78
1546150766.82
1546150766.85
1546150766.88
1546150766.92
1546150766.95
1546150766.98
1546150767.02
1546150767.05
1546150767.08
1546150767.12
1546150767.15
1546150767.18
1546150767.21
1546150767.25
1546150767.28
1546150767.32
1546150767.35
1546150767.38
1546150767.42
1546150767.45
1546150767.48
1546150767.52
1546150767.55
1546150767.58
1546150767.62
1546150767.65
1546150767.68
1546150767.72
1546150767.75
1546150767.78
1546150767.81
1546150767.85
1546150767.88
1546150767.91
1546150767.95
1546150767.98
1546150768.01
1546150768.05
1546150768.08
1546150768.11
1546150768.15
1546150768.18
1546150768.21
1546150768.25
1546150768.28
1546150768.31
1546150768.35
1546150768.38
1546150768.41
1546150768.45
1546150768.48
1546150768.51
1546150768.55
1546150768.58
1546150768.61
1546150768.65
1546150768.68
1546150768.71
1546150768.75
1546150768.78
1546150768.81
1546150768.85
1546150768.88
1546150768.91
1546150768.95
1546150768.98
1546150769.01
1546150769.05
1546150769.08
1546150769.11
1546150769.15
1546150769.18
1546150769.21
1546150769.24
1546150769.28
1546150769.31
1546150769.35
1546150769.38
1546150769.41
1546150769.44
1546150769.48
1546150769.51
1546150769.55
1546150769.58
1546150769.61
1546150769.65
1546150769.68
1546150769.71
1546150769.74
1546150769.78
1546150769.81
1546150769.85
1546150769.88
1546150769.91
1546150769.94
1546150769.98
1546150770.01
1546150770.05
1546150770.08
1546150770.11
1546150770.14
1546150770.18
1546150770.21
1546150770.24
1546150770.28
1546150770.31
1546150770.34
1546150770.38
1546150770.41
1546150770.44
1546150770.48
1546150770.51
1546150770.55
1546150770.58
1546150770.61
1546150770.64
1546150770.68
1546150770.71
1546150770.74
1546150770.78
1546150770.81
1546150770.84
1546150770.88
1546150770.91
1546150770.94
1546150770.98
1546150771.01
1546150771.04
1546150771.08
1546150771.11
1546150771.14
1546150771.18
1546150771.21
1546150771.24
1546150771.28
1546150771.31
1546150771.34
1546150771.38
1546150771.41
1546150771.44
1546150771.48
1546150771.51
1546150771.54
1546150771.58
1546150771.61
1546150771.64
1546150771.67
1546150771.71
1546150771.74
1546150771.78
1546150771.81
1546150771.84
1546150771.88
1546150771.91
1546150771.94
1546150771.98
1546150772.01
1546150772.04
1546150772.08
1546150772.11
1546150772.14
1546150772.17
1546150772.21
1546150772.24
1546150772.28
1546150772.31
1546150772.34
1546150772.38
1546150772.41
1546150772.44
1546150772.48
1546150772.51
1546150772.54
1546150772.58
1546150772.61
1546150772.64
1546150772.68
1546150772.71
1546150772.74
1546150772.78
1546150772.81
1546150772.84
1546150772.88
1546150772.91
1546150772.94
1546150772.98
1546150773.01
1546150773.04
1546150773.08
1546150773.11
1546150773.14
1546150773.18
1546150773.21
1546150773.24
1546150773.28
1546150773.31
1546150773.34
1546150773.38
1546150773.41
1546150773.44
1546150773.47
1546150773.51
1546150773.54
1546150773.58
1546150773.61
1546150773.64
1546150773.68
1546150773.71
1546150773.74
1546150773.78
1546150773.81
1546150773.84
1546150773.88
1546150773.91
1546150773.94
1546150773.97
1546150774.01
1546150774.04
1546150774.08
1546150774.11
1546150774.14
1546150774.17
1546150774.21
1546150774.24
1546150774.28
1546150774.31
1546150774.34
1546150774.37
1546150774.41
1546150774.44
1546150774.47
1546150774.51
1546150774.54
1546150774.58
1546150774.61
1546150774.64
1546150774.67
1546150774.71
1546150774.74
1546150774.78
1546150774.81
1546150774.84
1546150774.88
1546150774.91
1546150774.94
1546150774.98
1546150775.01
1546150775.04
1546150775.08
1546150775.11
1546150775.14
1546150775.18
1546150775.21
1546150775.24
1546150775.28
1546150775.31
1546150775.34
1546150775.38
1546150775.41
1546150775.44
1546150775.48
1546150775.51
1546150775.54
1546150775.58
1546150775.61
1546150775.64
1546150775.68
1546150775.71
1546150775.74
1546150775.78
1546150775.81
1546150775.84
1546150775.88
1546150775.91
1546150775.94
1546150775.98
1546150776.01
1546150776.04
1546150776.08
1546150776.11
1546150776.14
1546150776.18
1546150776.21
1546150776.24
1546150776.28
1546150776.31
1546150776.34
1546150776.38
1546150776.41
1546150776.44
1546150776.48
1546150776.51
1546150776.55
1546150776.58
1546150776.61
1546150776.64
1546150776.68
1546150776.71
1546150776.74
1546150776.78
1546150776.81
1546150776.84
1546150776.88
1546150776.91
1546150776.94
1546150776.98
1546150777.01
1546150777.05
1546150777.08
1546150777.11
1546150777.14
1546150777.18
1546150777.21
1546150777.24
1546150777.28
1546150777.31
1546150777.35
1546150777.38
1546150777.41
1546150777.44
1546150777.48
1546150777.51
1546150777.55
1546150777.58
1546150777.61
1546150777.64
1546150777.68
1546150777.71
1546150777.74
1546150777.78
1546150777.81
1546150777.85
1546150777.88
1546150777.91
1546150777.94
1546150777.98
1546150778.01
1546150778.05
1546150778.08
1546150778.11
1546150778.14
1546150778.18
1546150778.21
1546150778.24
1546150778.28
1546150778.31
1546150778.35
1546150778.38
1546150778.41
1546150778.44
1546150778.48
1546150778.51
1546150778.54
1546150778.58
1546150778.61
1546150778.64
1546150778.68
1546150778.71
1546150778.74
1546150778.78
1546150778.81
1546150778.85
1546150778.88
1546150778.91
1546150778.94
1546150778.98
1546150779.01
1546150779.04
1546150779.08
1546150779.11
1546150779.14
1546150779.18
1546150779.21
1546150779.24
1546150779.28
1546150779.31
1546150779.35
1546150779.38
1546150779.4
1546150779.44
1546150779.47
1546150779.5
1546150779.54
1546150779.57
1546150779.6
1546150779.64
1546150779.67
1546150779.7
1546150779.74
1546150779.77
1546150779.8
1546150779.84
1546150779.87
1546150779.9
1546150779.94
1546150779.97
1546150780.0
1546150780.04
1546150780.07
1546150780.11
1546150780.14
1546150780.17
1546150780.2
1546150780.24
1546150780.27
1546150780.3
1546150780.34
1546150780.37
1546150780.4
1546150780.44
1546150780.47
1546150780.5
1546150780.54
1546150780.57
1546150780.61
1546150780.64
1546150780.67
1546150780.7
1546150780.74
1546150780.77
1546150780.8
1546150780.84
1546150780.87
1546150780.9
1546150780.94
1546150780.97
1546150781.01
1546150781.04
1546150781.07
1546150781.11
1546150781.14
1546150781.17
1546150781.2
1546150781.24
1546150781.27
1546150781.3
1546150781.34
1546150781.37
1546150781.4
1546150781.44
1546150781.47
1546150781.5
1546150781.54
1546150781.57
1546150781.6
1546150781.64
1546150781.67
1546150781.7
1546150781.74
1546150781.77
1546150781.8
1546150781.84
1546150781.87
1546150781.9
1546150781.94
1546150781.97
1546150782.0
1546150782.04
1546150782.07
1546150782.1
1546150782.14
1546150782.17
1546150782.2
1546150782.24
1546150782.27
1546150782.3
1546150782.34
1546150782.37
1546150782.4
1546150782.44
1546150782.47
1546150782.5
1546150782.54
1546150782.57
1546150782.6
1546150782.64
1546150782.67
1546150782.7
1546150782.74
1546150782.77
1546150782.8
1546150782.84
1546150782.87
1546150782.9
1546150782.94
1546150782.97
1546150783.0
1546150783.04
1546150783.07
1546150783.1
1546150783.14
1546150783.17
1546150783.2
1546150783.24
1546150783.27
1546150783.3
1546150783.34
1546150783.37
1546150783.4
1546150783.44
1546150783.47
1546150783.5
1546150783.54
1546150783.57
1546150783.6
1546150783.64
1546150783.67
1546150783.7
1546150783.74
1546150783.77
1546150783.8
1546150783.84
1546150783.87
1546150783.9
1546150783.94
1546150783.97
1546150784.0
1546150784.04
1546150784.07
1546150784.1
1546150784.14
1546150784.17
1546150784.2
1546150784.24
1546150784.27
1546150784.3
1546150784.34
1546150784.37
1546150784.4
1546150784.44
1546150784.47
1546150784.5
1546150784.54
1546150784.57
1546150784.6
1546150784.64
1546150784.67
1546150784.7
1546150784.74
1546150784.77
1546150784.8
1546150784.84
1546150784.87
1546150784.9
1546150784.94
1546150784.97
1546150785.01
1546150785.04
1546150785.07
1546150785.1
1546150785.14
1546150785.17
1546150785.2
1546150785.24
1546150785.27
1546150785.31
1546150785.34
1546150785.37
1546150785.4
1546150785.44
1546150785.47
1546150785.51
1546150785.54
1546150785.57
1546150785.61
1546150785.64
1546150785.67
1546150785.7
1546150785.74
1546150785.77
1546150785.81
1546150785.84
1546150785.87
1546150785.9
1546150785.94
1546150785.97
1546150786.01
1546150786.04
1546150786.07
1546150786.11
1546150786.14
1546150786.17
1546150786.2
1546150786.24
1546150786.27
1546150786.31
1546150786.34
1546150786.37
1546150786.4
1546150786.44
1546150786.47
1546150786.5
1546150786.54
1546150786.57
1546150786.6
1546150786.64
1546150786.67
1546150786.7
1546150786.74
1546150786.77
1546150786.81
1546150786.84
1546150786.87
1546150786.9
1546150786.94
1546150786.97
1546150787.0
1546150787.04
1546150787.07
1546150787.1
1546150787.14
1546150787.17
1546150787.2
1546150787.24
1546150787.27
1546150787.3
1546150787.34
1546150787.37
1546150787.4
1546150787.44
1546150787.47
1546150787.5
1546150787.54
1546150787.57
1546150787.6
1546150787.64
1546150787.67
1546150787.7
1546150787.74
1546150787.77
1546150787.8
1546150787.84
1546150787.87
1546150787.9
1546150787.94
1546150787.97
1546150788.0
1546150788.04
1546150788.07
1546150788.1
1546150788.14
1546150788.17
1546150788.2
1546150788.24
1546150788.27
1546150788.3
1546150788.34
1546150788.37
1546150788.4
1546150788.43
1546150788.47
1546150788.5
1546150788.54
1546150788.57
1546150788.6
1546150788.63
1546150788.67
1546150788.7
1546150788.74
1546150788.77
1546150788.8
1546150788.84
1546150788.87
1546150788.9
1546150788.94
1546150788.97
1546150789.0
1546150789.04
1546150789.07
1546150789.1
1546150789.14
1546150789.17
1546150789.2
1546150789.23
1546150789.27
1546150789.3
1546150789.34
1546150789.37
1546150789.4
1546150789.43
1546150789.47
1546150789.5
1546150789.54
1546150789.57
1546150789.6
1546150789.63
1546150789.67
1546150789.7
1546150789.74
1546150789.77
1546150789.8
1546150789.84
1546150789.87
1546150789.9
1546150789.93
1546150789.97
1546150790.0
1546150790.04
1546150790.07
1546150790.1
1546150790.14
1546150790.17
1546150790.2
1546150790.23
1546150790.27
1546150790.3
1546150790.34
1546150790.37
1546150790.4
1546150790.44
1546150790.47
1546150790.5
1546150790.54
1546150790.57
1546150790.6
1546150790.63
1546150790.67
1546150790.7
1546150790.73
1546150790.77
1546150790.8
1546150790.84
1546150790.87
1546150790.9
1546150790.93
1546150790.97
1546150791.0
1546150791.04
1546150791.07
1546150791.1
1546150791.13
1546150791.17
1546150791.2
1546150791.23
1546150791.27
1546150791.3
1546150791.34
1546150791.37
1546150791.4
1546150791.43
1546150791.47
1546150791.5
1546150791.54
1546150791.57
1546150791.6
1546150791.63
1546150791.67
1546150791.7
1546150791.73
1546150791.77
1546150791.8
1546150791.84
1546150791.87
1546150791.9
1546150791.94
1546150791.97
1546150792.0
1546150792.04
1546150792.07
1546150792.1
1546150792.13
1546150792.17
1546150792.2
1546150792.23
1546150792.27
1546150792.3
1546150792.33
1546150792.37
1546150792.4
1546150792.43
1546150792.47
1546150792.5
1546150792.53
1546150792.57
1546150792.6
1546150792.63
1546150792.67
1546150792.7
1546150792.73
1546150792.77
1546150792.8
1546150792.84
1546150792.87
1546150792.9
1546150792.94
1546150792.97
1546150793.0
1546150793.04
1546150793.07
1546150793.1
1546150793.14
1546150793.17
1546150793.2
1546150793.23
1546150793.27
1546150793.3
1546150793.34
1546150793.37
1546150793.4
1546150793.43
1546150793.47
1546150793.5
1546150793.54
1546150793.57
1546150793.6
1546150793.63
1546150793.67
1546150793.7
1546150793.74
1546150793.77
1546150793.8
1546150793.84
1546150793.87
1546150793.9
1546150793.94
1546150793.97
1546150794.0
1546150794.04
1546150794.07
1546150794.1
1546150794.14
1546150794.17
1546150794.2
1546150794.23
1546150794.27
1546150794.3
1546150794.34
1546150794.37
1546150794.4
1546150794.43
1546150794.47
1546150794.5
1546150794.53
1546150794.57
1546150794.6
1546150794.63
1546150794.67
1546150794.7
1546150794.73
1546150794.77
1546150794.8
1546150794.83
1546150794.87
1546150794.9
1546150794.93
1546150794.97
1546150795.0
1546150795.03
1546150795.07
1546150795.1
1546150795.13
1546150795.17
1546150795.2
1546150795.23
1546150795.27
1546150795.3
1546150795.33
1546150795.37
1546150795.4
1546150795.43
1546150795.47
1546150795.5
1546150795.53
1546150795.57
1546150795.6
1546150795.63
1546150795.67
1546150795.7
1546150795.73
1546150795.77
1546150795.8
1546150795.83
1546150795.87
1546150795.9
1546150795.93
1546150795.97
1546150796.0
1546150796.03
1546150796.07
1546150796.1
1546150796.13
1546150796.17
1546150796.2
1546150796.23
1546150796.27
1546150796.3
1546150796.33
1546150796.37
1546150796.4
1546150796.43
1546150796.47
1546150796.5
1546150796.53
1546150796.57
1546150796.6
1546150796.63
1546150796.67
1546150796.7
1546150796.73
1546150796.77
1546150796.8
1546150796.83
1546150796.87
1546150796.9
1546150796.93
1546150796.97
1546150797.0
1546150797.03
1546150797.07
1546150797.1
1546150797.13
1546150797.17
1546150797.2
1546150797.23
1546150797.27
1546150797.3
1546150797.33
1546150797.37
1546150797.4
1546150797.43
1546150797.47
1546150797.5
1546150797.53
1546150797.57
1546150797.6
1546150797.63
1546150797.67
1546150797.7
1546150797.73
1546150797.77
1546150797.8
1546150797.83
1546150797.87
1546150797.9
1546150797.93
1546150797.97
1546150798.0
1546150798.03
1546150798.07
1546150798.1
1546150798.13
1546150798.17
1546150798.2
1546150798.23
1546150798.27
1546150798.3
1546150798.33
1546150798.37
1546150798.4
1546150798.43
1546150798.47
1546150798.5
1546150798.53
1546150798.57
1546150798.6
1546150798.63
1546150798.67
1546150798.7
1546150798.73
1546150798.77
1546150798.8
1546150798.83
1546150798.87
1546150798.9
1546150798.93
1546150798.97
1546150799.0
1546150799.04
1546150799.07
1546150799.1
1546150799.13
1546150799.17
1546150799.2
1546150799.23
1546150799.27
1546150799.3
1546150799.33
1546150799.37
1546150799.4
1546150799.43
1546150799.47
1546150799.5
1546150799.54
1546150799.57
1546150799.6
1546150799.63
1546150799.67
1546150799.7
1546150799.73
1546150799.77
1546150799.8
1546150799.84
1546150799.87
1546150799.9
1546150799.93
1546150799.97
1546150800.0
1546150800.04
1546150800.07
1546150800.1
1546150800.13
1546150800.17
1546150800.2
1546150800.23
1546150800.27
1546150800.3
1546150800.34
1546150800.37
1546150800.4
1546150800.43
1546150800.47
1546150800.5
1546150800.54
1546150800.57
1546150800.6
1546150800.64
1546150800.67
1546150800.7
1546150800.73
1546150800.77
1546150800.8
1546150800.84
1546150800.87
1546150800.9
1546150800.94
1546150800.97
1546150801.0
1546150801.04
1546150801.07
1546150801.1
1546150801.14
1546150801.17
1546150801.2
1546150801.24
1546150801.27
1546150801.3
1546150801.34
1546150801.37
1546150801.4
1546150801.44
1546150801.47
1546150801.5
1546150801.54
1546150801.57
1546150801.6
1546150801.64
1546150801.67
1546150801.7
1546150801.74
1546150801.77
1546150801.8
1546150801.84
1546150801.87
1546150801.9
1546150801.94
1546150801.97
1546150802.0
1546150802.04
1546150802.07
1546150802.1
1546150802.14
1546150802.17
1546150802.2
1546150802.24
1546150802.27
1546150802.3
1546150802.34
1546150802.37
1546150802.4
1546150802.44
1546150802.47
1546150802.5
1546150802.54
1546150802.57
1546150802.61
1546150802.64
1546150802.67
1546150802.7
1546150802.74
1546150802.77
1546150802.8
1546150802.84
1546150802.87
1546150802.9
1546150802.94
1546150802.97
1546150803.0
1546150803.04
1546150803.07
1546150803.1
1546150803.14
1546150803.17
1546150803.2
1546150803.23
1546150803.26
1546150803.3
1546150803.33
1546150803.36
1546150803.4
1546150803.43
1546150803.46
1546150803.5
1546150803.53
1546150803.56
1546150803.6
1546150803.63
1546150803.66
1546150803.7
1546150803.73
1546150803.76
1546150803.8
1546150803.83
1546150803.86
1546150803.9
1546150803.93
1546150803.96
1546150804.0
1546150804.03
1546150804.06
1546150804.1
1546150804.13
1546150804.16
1546150804.2
1546150804.23
1546150804.26
1546150804.3
1546150804.33
1546150804.36
1546150804.4
1546150804.43
1546150804.46
1546150804.5
1546150804.53
1546150804.56
1546150804.6
1546150804.63
1546150804.66
1546150804.7
1546150804.73
1546150804.76
1546150804.8
1546150804.83
1546150804.86
1546150804.9
1546150804.93
1546150804.96
1546150805.0
1546150805.03
1546150805.06
1546150805.1
1546150805.13
1546150805.16
1546150805.2
1546150805.23
1546150805.26
1546150805.3
1546150805.33
1546150805.36
1546150805.4
1546150805.43
1546150805.46
1546150805.5
1546150805.53
1546150805.56
1546150805.6
1546150805.63
1546150805.66
1546150805.7
1546150805.73
1546150805.76
1546150805.8
1546150805.83
1546150805.86
1546150805.9
1546150805.93
1546150805.96
1546150805.99
1546150806.03
1546150806.06
1546150806.1
1546150806.13
1546150806.16
1546150806.2
1546150806.23
1546150806.26
1546150806.3
1546150806.33
1546150806.36
1546150806.4
1546150806.43
1546150806.46
1546150806.5
1546150806.53
1546150806.56
1546150806.6
1546150806.63
1546150806.66
1546150806.7
1546150806.73
1546150806.76
1546150806.8
1546150806.83
1546150806.86
1546150806.89
1546150806.93
1546150806.96
1546150806.99
1546150807.03
1546150807.06
1546150807.1
1546150807.13
1546150807.16
1546150807.2
1546150807.23
1546150807.26
1546150807.3
1546150807.33
1546150807.36
1546150807.39
1546150807.43
1546150807.46
1546150807.49
1546150807.53
1546150807.56
1546150807.6
1546150807.63
1546150807.66
1546150807.69
1546150807.73
1546150807.76
1546150807.79
1546150807.83
1546150807.86
1546150807.89
1546150807.93
1546150807.96
1546150807.99
1546150808.03
1546150808.06
1546150808.09
1546150808.13
1546150808.16
1546150808.19
1546150808.23
1546150808.26
1546150808.29
1546150808.33
1546150808.36
1546150808.39
1546150808.43
1546150808.46
1546150808.49
1546150808.53
1546150808.56
1546150808.59
1546150808.63
1546150808.66
1546150808.69
1546150808.73
1546150808.76
1546150808.79
1546150808.83
1546150808.86
1546150808.89
1546150808.93
1546150808.96
1546150808.99
1546150809.03
1546150809.06
1546150809.09
1546150809.13
1546150809.16
1546150809.19
1546150809.23
1546150809.26
1546150809.29
1546150809.33
1546150809.36
1546150809.39
1546150809.43
1546150809.46
1546150809.49
1546150809.53
1546150809.56
1546150809.59
1546150809.63
1546150809.66
1546150809.69
1546150809.73
1546150809.76
1546150809.79
1546150809.83
1546150809.86
1546150809.89
1546150809.92
1546150809.96
1546150809.99
1546150810.03
1546150810.06
1546150810.09
1546150810.12
1546150810.16
1546150810.19
1546150810.22
1546150810.26
1546150810.29
1546150810.33
1546150810.36
1546150810.39
1546150810.42
1546150810.46
1546150810.49
1546150810.53
1546150810.56
1546150810.59
1546150810.62
1546150810.66
1546150810.69
1546150810.72
1546150810.76
1546150810.79
1546150810.82
1546150810.86
1546150810.89
1546150810.92
1546150810.96
1546150810.99
1546150811.03
1546150811.06
1546150811.09
1546150811.12
1546150811.16
1546150811.19
1546150811.23
1546150811.26
1546150811.29
1546150811.33
1546150811.36
1546150811.39
1546150811.42
1546150811.46
1546150811.49
1546150811.53
1546150811.56
1546150811.59
1546150811.62
1546150811.66
1546150811.69
1546150811.72
1546150811.76
1546150811.79
1546150811.83
1546150811.86
1546150811.89
1546150811.92
1546150811.96
1546150811.99
1546150812.03
1546150812.06
1546150812.09
1546150812.13
1546150812.16
1546150812.19
1546150812.22
1546150812.26
1546150812.29
1546150812.33
1546150812.36
1546150812.39
1546150812.42
1546150812.46
1546150812.49
1546150812.53
1546150812.56
1546150812.59
1546150812.62
1546150812.66
1546150812.69
1546150812.72
1546150812.76
1546150812.79
1546150812.82
1546150812.86
1546150812.89
1546150812.92
1546150812.96
1546150812.99
1546150813.02
1546150813.06
1546150813.09
1546150813.12
1546150813.16
1546150813.19
1546150813.22
1546150813.26
1546150813.29
1546150813.32
1546150813.36
1546150813.39
1546150813.42
1546150813.46
1546150813.49
1546150813.52
1546150813.56
1546150813.59
1546150813.62
1546150813.66
1546150813.69
1546150813.72
1546150813.76
1546150813.79
1546150813.82
1546150813.86
1546150813.89
1546150813.92
1546150813.95
1546150813.99
1546150814.02
1546150814.06
1546150814.09
1546150814.12
1546150814.16
1546150814.19
1546150814.22
1546150814.26
1546150814.29
1546150814.32
1546150814.36
1546150814.39
1546150814.42
1546150814.46
1546150814.49
1546150814.52
1546150814.56
1546150814.59
1546150814.62
1546150814.66
1546150814.69
1546150814.72
1546150814.76
1546150814.79
1546150814.82
1546150814.86
1546150814.89
1546150814.92
1546150814.96
1546150814.99
1546150815.02
1546150815.06
1546150815.09
1546150815.12
1546150815.16
1546150815.19
1546150815.22
1546150815.26
1546150815.29
1546150815.32
1546150815.36
1546150815.39
1546150815.42
1546150815.46
1546150815.49
1546150815.52
1546150815.56
1546150815.59
1546150815.62
1546150815.66
1546150815.69
1546150815.72
1546150815.76
1546150815.79
1546150815.82
1546150815.86
1546150815.89
1546150815.92
1546150815.96
1546150815.99
1546150816.02
1546150816.06
1546150816.09
1546150816.12
1546150816.16
1546150816.19
1546150816.22
1546150816.26
1546150816.29
1546150816.32
1546150816.36
1546150816.39
1546150816.42
1546150816.46
1546150816.49
1546150816.52
1546150816.56
1546150816.59
1546150816.62
1546150816.66
1546150816.69
1546150816.72
1546150816.76
1546150816.79
1546150816.82
1546150816.86
1546150816.89
1546150816.92
1546150816.96
1546150816.99
1546150817.02
1546150817.06
1546150817.09
1546150817.12
1546150817.16
1546150817.19
1546150817.22
1546150817.26
1546150817.29
1546150817.32
1546150817.36
1546150817.39
1546150817.42
1546150817.45
1546150817.49
1546150817.52
1546150817.56
1546150817.59
1546150817.62
1546150817.65
1546150817.69
1546150817.72
1546150817.76
1546150817.79
1546150817.82
1546150817.86
1546150817.89
1546150817.92
1546150817.95
1546150817.99
1546150818.02
1546150818.06
1546150818.09
1546150818.12
1546150818.15
1546150818.19
1546150818.22
1546150818.25
1546150818.29
1546150818.32
1546150818.35
1546150818.39
1546150818.42
1546150818.45
1546150818.49
1546150818.52
1546150818.55
1546150818.59
1546150818.62
1546150818.65
1546150818.69
1546150818.72
1546150818.76
1546150818.79
1546150818.82
1546150818.86
1546150818.89
1546150818.92
1546150818.95
1546150818.99
1546150819.02
1546150819.05
1546150819.09
1546150819.12
1546150819.15
1546150819.19
1546150819.22
1546150819.25
1546150819.29
1546150819.32
1546150819.35
1546150819.39
1546150819.42
1546150819.45
1546150819.49
1546150819.52
1546150819.55
1546150819.59
1546150819.62
1546150819.65
1546150819.69
1546150819.72
1546150819.75
1546150819.79
1546150819.82
1546150819.85
1546150819.89
1546150819.92
1546150819.95
1546150819.99
1546150820.02
1546150820.05
1546150820.09
1546150820.12
1546150820.15
1546150820.19
1546150820.22
1546150820.25
1546150820.29
1546150820.32
1546150820.35
1546150820.39
1546150820.42
1546150820.45
1546150820.49
1546150820.52
1546150820.55
1546150820.59
1546150820.62
1546150820.65
1546150820.69
1546150820.72
1546150820.75
1546150820.79
1546150820.82
1546150820.85
1546150820.89
1546150820.92
1546150820.95
1546150820.99
1546150821.02
1546150821.05
1546150821.09
1546150821.12
1546150821.15
1546150821.19
1546150821.22
1546150821.25
1546150821.29
1546150821.32
1546150821.35
1546150821.38
1546150821.42
1546150821.45
1546150821.48
1546150821.52
1546150821.55
1546150821.59
1546150821.62
1546150821.65
1546150821.69
1546150821.72
1546150821.75
1546150821.79
1546150821.82
1546150821.85
1546150821.89
1546150821.92
1546150821.95
1546150821.99
1546150822.02
1546150822.05
1546150822.09
1546150822.12
1546150822.15
1546150822.18
1546150822.22
1546150822.25
1546150822.29
1546150822.32
1546150822.35
1546150822.39
1546150822.42
1546150822.45
1546150822.49
1546150822.52
1546150822.55
1546150822.59
1546150822.62
1546150822.65
1546150822.69
1546150822.72
1546150822.75
1546150822.79
1546150822.82
1546150822.85
1546150822.89
1546150822.92
1546150822.95
1546150822.99
1546150823.02
1546150823.05
1546150823.09
1546150823.12
1546150823.15
1546150823.19
1546150823.22
1546150823.25
1546150823.29
1546150823.32
1546150823.35
1546150823.39
1546150823.42
1546150823.45
1546150823.49
1546150823.52
1546150823.55
1546150823.59
1546150823.62
1546150823.65
1546150823.69
1546150823.72
1546150823.75
1546150823.79
1546150823.82
1546150823.85
1546150823.89
1546150823.92
1546150823.95
1546150823.99
1546150824.02
1546150824.05
1546150824.09
1546150824.12
1546150824.16
1546150824.19
1546150824.22
1546150824.26
1546150824.29
1546150824.32
1546150824.36
1546150824.39
1546150824.42
1546150824.45
1546150824.49
1546150824.52
1546150824.56
1546150824.59
1546150824.62
1546150824.66
1546150824.69
1546150824.72
1546150824.76
1546150824.79
1546150824.82
1546150824.86
1546150824.89
1546150824.92
1546150824.95
1546150824.99
1546150825.02
1546150825.06
1546150825.09
1546150825.12
1546150825.16
1546150825.19
1546150825.22
1546150825.26
1546150825.29
1546150825.32
1546150825.36
1546150825.39
1546150825.42
1546150825.45
1546150825.49
1546150825.52
1546150825.56
1546150825.59
1546150825.62
1546150825.66
1546150825.69
1546150825.72
1546150825.76
1546150825.79
1546150825.82
1546150825.86
1546150825.89
1546150825.92
1546150825.96
1546150825.99
1546150826.02
1546150826.06
1546150826.09
1546150826.12
1546150826.16
1546150826.19
1546150826.22
1546150826.26
1546150826.29
1546150826.32
1546150826.36
1546150826.39
1546150826.43
1546150826.46
1546150826.49
1546150826.53
1546150826.56
1546150826.59
1546150826.62
1546150826.66
1546150826.69
1546150826.73
1546150826.76
1546150826.79
1546150826.82
1546150826.85
1546150826.88
1546150826.92
1546150826.95
1546150826.98
1546150827.02
1546150827.05
1546150827.09
1546150827.12
1546150827.15
1546150827.18
1546150827.22
1546150827.25
1546150827.28
1546150827.32
1546150827.35
1546150827.38
1546150827.42
1546150827.45
1546150827.48
1546150827.52
1546150827.55
1546150827.58
1546150827.62
1546150827.65
1546150827.68
1546150827.72
1546150827.75
1546150827.79
1546150827.82
1546150827.85
1546150827.88
1546150827.92
1546150827.95
1546150827.98
1546150828.02
1546150828.05
1546150828.09
1546150828.12
1546150828.15
1546150828.18
1546150828.22
1546150828.25
1546150828.28
1546150828.32
1546150828.35
1546150828.38
1546150828.42
1546150828.45
1546150828.48
1546150828.52
1546150828.55
1546150828.58
1546150828.62
1546150828.65
1546150828.68
1546150828.72
1546150828.75
1546150828.78
1546150828.82
1546150828.85
1546150828.88
1546150828.92
1546150828.95
1546150828.98
1546150829.02
1546150829.05
1546150829.09
1546150829.12
1546150829.15
1546150829.18
1546150829.22
1546150829.25
1546150829.29
1546150829.32
1546150829.35
1546150829.38
1546150829.42
1546150829.45
1546150829.48
1546150829.52
1546150829.55
1546150829.58
1546150829.62
1546150829.65
1546150829.68
1546150829.72
1546150829.75
1546150829.78
1546150829.82
1546150829.85
1546150829.88
1546150829.92
1546150829.95
1546150829.98
1546150830.02
1546150830.05
1546150830.08
1546150830.12
1546150830.15
1546150830.18
1546150830.22
1546150830.25
1546150830.28
1546150830.32
1546150830.35
1546150830.38
1546150830.42
1546150830.45
1546150830.48
1546150830.52
1546150830.55
1546150830.58
1546150830.62
1546150830.65
1546150830.68
1546150830.72
1546150830.75
1546150830.78
1546150830.82
1546150830.85
1546150830.88
1546150830.92
1546150830.95
1546150830.98
1546150831.02
1546150831.05
1546150831.08
1546150831.12
1546150831.15
1546150831.18
1546150831.22
1546150831.25
1546150831.28
1546150831.32
1546150831.35
1546150831.38
1546150831.41
1546150831.45
1546150831.48
1546150831.52
1546150831.55
1546150831.58
1546150831.62
1546150831.65
1546150831.68
1546150831.71
1546150831.75
1546150831.78
1546150831.81
1546150831.85
1546150831.88
1546150831.91
1546150831.95
1546150831.98
1546150832.02
1546150832.05
1546150832.08
1546150832.12
1546150832.15
1546150832.18
1546150832.21
1546150832.25
1546150832.28
1546150832.31
1546150832.35
1546150832.38
1546150832.41
1546150832.45
1546150832.48
1546150832.51
1546150832.55
1546150832.58
1546150832.61
1546150832.65
1546150832.68
1546150832.71
1546150832.75
1546150832.78
1546150832.81
1546150832.85
1546150832.88
1546150832.91
1546150832.95
1546150832.98
1546150833.01
1546150833.05
1546150833.08
1546150833.12
1546150833.15
1546150833.18
1546150833.21
1546150833.25
1546150833.28
1546150833.31
1546150833.35
1546150833.38
1546150833.41
1546150833.45
1546150833.48
1546150833.52
1546150833.55
1546150833.58
1546150833.61
1546150833.65
1546150833.68
1546150833.71
1546150833.75
1546150833.78
1546150833.81
1546150833.85
1546150833.88
1546150833.91
1546150833.95
1546150833.98
1546150834.02
1546150834.05
1546150834.08
1546150834.11
1546150834.15
1546150834.18
1546150834.21
1546150834.25
1546150834.28
1546150834.31
1546150834.35
1546150834.38
1546150834.41
1546150834.45
1546150834.48
1546150834.51
1546150834.55
1546150834.58
1546150834.61
1546150834.65
1546150834.68
1546150834.71
1546150834.75
1546150834.78
1546150834.81
1546150834.85
1546150834.88
1546150834.91
1546150834.95
1546150834.98
1546150835.01
1546150835.05
1546150835.08
1546150835.11
1546150835.15
1546150835.18
1546150835.21
1546150835.25
1546150835.28
1546150835.31
1546150835.35
1546150835.38
1546150835.41
1546150835.45
1546150835.48
1546150835.51
1546150835.55
1546150835.58
1546150835.61
1546150835.65
1546150835.68
1546150835.71
1546150835.75
1546150835.78
1546150835.81
1546150835.85
1546150835.88
1546150835.91
1546150835.95
1546150835.98
1546150836.01
1546150836.05
1546150836.08
1546150836.11
1546150836.15
1546150836.18
1546150836.21
1546150836.25
1546150836.28
1546150836.31
1546150836.35
1546150836.38
1546150836.41
1546150836.45
1546150836.48
1546150836.51
1546150836.55
1546150836.58
1546150836.61
1546150836.65
1546150836.68
1546150836.71
1546150836.75
1546150836.78
1546150836.81
1546150836.85
1546150836.88
1546150836.91
1546150836.94
1546150836.98
1546150837.01
1546150837.05
1546150837.08
1546150837.11
1546150837.14
1546150837.18
1546150837.21
1546150837.25
1546150837.28
1546150837.31
1546150837.35
1546150837.38
1546150837.41
1546150837.44
1546150837.48
1546150837.51
1546150837.55
1546150837.58
1546150837.61
1546150837.64
1546150837.68
1546150837.71
1546150837.75
1546150837.78
1546150837.81
1546150837.85
1546150837.88
1546150837.91
1546150837.94
1546150837.98
1546150838.01
1546150838.05
1546150838.08
1546150838.11
1546150838.14
1546150838.18
1546150838.21
1546150838.24
1546150838.28
1546150838.31
1546150838.35
1546150838.38
1546150838.41
1546150838.44
1546150838.48
1546150838.51
1546150838.55
1546150838.58
1546150838.61
1546150838.64
1546150838.68
1546150838.71
1546150838.74
1546150838.78
1546150838.81
1546150838.85
1546150838.88
1546150838.91
1546150838.94
1546150838.98
1546150839.01
1546150839.05
1546150839.08
1546150839.11
1546150839.15
1546150839.18
1546150839.21
1546150839.24
1546150839.28
1546150839.31
1546150839.35
1546150839.38
1546150839.41
1546150839.44
1546150839.48
1546150839.51
1546150839.55
1546150839.58
1546150839.61
1546150839.64
1546150839.68
1546150839.71
1546150839.74
1546150839.78
1546150839.81
1546150839.84
1546150839.88
1546150839.91
1546150839.94
1546150839.98
1546150840.01
1546150840.04
1546150840.08
1546150840.11
1546150840.14
1546150840.18
1546150840.21
1546150840.24
1546150840.28
1546150840.31
1546150840.34
1546150840.38
1546150840.41
1546150840.44
1546150840.48
1546150840.51
1546150840.54
1546150840.58
1546150840.61
1546150840.64
1546150840.68
1546150840.71
1546150840.74
1546150840.78
1546150840.81
1546150840.84
1546150840.88
1546150840.91
1546150840.94
1546150840.98
1546150841.01
1546150841.04
1546150841.08
1546150841.11
1546150841.14
1546150841.18
1546150841.21
1546150841.24
1546150841.28
1546150841.31
1546150841.34
1546150841.38
1546150841.41
1546150841.44
1546150841.48
1546150841.51
1546150841.54
1546150841.58
1546150841.61
1546150841.64
1546150841.68
1546150841.71
1546150841.74
1546150841.78
1546150841.81
1546150841.84
1546150841.88
1546150841.91
1546150841.94
1546150841.98
1546150842.01
1546150842.04
1546150842.08
1546150842.11
1546150842.14
1546150842.18
1546150842.21
1546150842.24
1546150842.28
1546150842.31
1546150842.34
1546150842.38
1546150842.41
1546150842.44
1546150842.48
1546150842.51
1546150842.54
1546150842.58
1546150842.61
1546150842.64
1546150842.68
1546150842.71
1546150842.74
1546150842.78
1546150842.81
1546150842.84
1546150842.88
1546150842.91
1546150842.94
1546150842.98
1546150843.01
1546150843.04
1546150843.08
1546150843.11
1546150843.14
1546150843.18
1546150843.21
1546150843.24
1546150843.28
1546150843.31
1546150843.34
1546150843.38
1546150843.41
1546150843.44
1546150843.48
1546150843.51
1546150843.54
1546150843.58
1546150843.61
1546150843.64
1546150843.68
1546150843.71
1546150843.74
1546150843.78
1546150843.81
1546150843.84
1546150843.88
1546150843.91
1546150843.94
1546150843.98
1546150844.01
1546150844.04
1546150844.08
1546150844.11
1546150844.14
1546150844.18
1546150844.21
1546150844.24
1546150844.28
1546150844.31
1546150844.34
1546150844.38
1546150844.41
1546150844.44
1546150844.48
1546150844.51
1546150844.54
1546150844.58
1546150844.61
1546150844.64
1546150844.68
1546150844.71
1546150844.74
1546150844.78
1546150844.81
1546150844.84
1546150844.88
1546150844.91
1546150844.94
1546150844.97
1546150845.01
1546150845.04
1546150845.08
1546150845.11
1546150845.14
1546150845.18
1546150845.21
1546150845.24
1546150845.28
1546150845.31
1546150845.34
1546150845.38
1546150845.41
1546150845.44
1546150845.48
1546150845.51
1546150845.54
1546150845.58
1546150845.61
1546150845.64
1546150845.68
1546150845.71
1546150845.74
1546150845.78
1546150845.81
1546150845.84
1546150845.88
1546150845.91
1546150845.94
1546150845.98
1546150846.01
1546150846.04
1546150846.08
1546150846.11
1546150846.14
1546150846.18
1546150846.21
1546150846.25
1546150846.28
1546150846.31
1546150846.35
1546150846.38
1546150846.41
1546150846.44
1546150846.48
1546150846.51
1546150846.55
1546150846.58
1546150846.61
1546150846.65
1546150846.68
1546150846.71
1546150846.75
1546150846.78
1546150846.81
1546150846.85
1546150846.88
1546150846.91
1546150846.94
1546150846.98
1546150847.01
1546150847.05
1546150847.08
1546150847.11
1546150847.15
1546150847.18
1546150847.21
1546150847.25
1546150847.28
1546150847.31
1546150847.35
1546150847.38
1546150847.41
1546150847.45
1546150847.48
1546150847.51
1546150847.55
1546150847.58
1546150847.61
1546150847.65
1546150847.68
1546150847.71
1546150847.75
1546150847.78
1546150847.81
1546150847.85
1546150847.88
1546150847.91
1546150847.95
1546150847.98
1546150848.01
1546150848.05
1546150848.08
1546150848.11
1546150848.15
1546150848.18
1546150848.21
1546150848.25
1546150848.28
1546150848.32
1546150848.35
1546150848.38
1546150848.41
1546150848.45
1546150848.48
1546150848.52
1546150848.55
1546150848.58
1546150848.62
1546150848.65
1546150848.68
1546150848.71
1546150848.75
1546150848.78
1546150848.82
1546150848.85
1546150848.88
1546150848.91
1546150848.95
1546150848.98
1546150849.01
1546150849.05
1546150849.08
1546150849.12
1546150849.15
1546150849.18
1546150849.21
1546150849.25
1546150849.28
1546150849.32
1546150849.35
1546150849.38
1546150849.42
1546150849.45
1546150849.48
1546150849.52
1546150849.55
1546150849.58
1546150849.62
1546150849.65
1546150849.68
1546150849.71
1546150849.75
1546150849.78
1546150849.82
1546150849.85
1546150849.88
1546150849.92
1546150849.95
1546150849.98
1546150850.02
1546150850.05
1546150850.08
1546150850.12
1546150850.15
1546150850.18
1546150850.21
1546150850.25
1546150850.28
1546150850.32
1546150850.34
1546150850.38
1546150850.41
1546150850.44
1546150850.48
1546150850.51
1546150850.54
1546150850.58
1546150850.61
1546150850.64
1546150850.67
1546150850.71
1546150850.74
1546150850.77
1546150850.81
1546150850.84
1546150850.88
1546150850.91
1546150850.94
1546150850.97
1546150851.01
1546150851.04
1546150851.08
1546150851.11
1546150851.14
1546150851.17
1546150851.21
1546150851.24
1546150851.28
1546150851.31
1546150851.34
1546150851.38
1546150851.41
1546150851.44
1546150851.47
1546150851.51
1546150851.54
1546150851.58
1546150851.61
1546150851.64
1546150851.67
1546150851.71
1546150851.74
1546150851.78
1546150851.81
1546150851.84
1546150851.87
1546150851.91
1546150851.94
1546150851.97
1546150852.01
1546150852.04
1546150852.07
1546150852.11
1546150852.14
1546150852.17
1546150852.21
1546150852.24
1546150852.27
1546150852.31
1546150852.34
1546150852.37
1546150852.41
1546150852.44
1546150852.47
1546150852.51
1546150852.54
1546150852.57
1546150852.61
1546150852.64
1546150852.67
1546150852.71
1546150852.74
1546150852.77
1546150852.81
1546150852.84
1546150852.87
1546150852.91
1546150852.94
1546150852.97
1546150853.01
1546150853.04
1546150853.07
1546150853.11
1546150853.14
1546150853.17
1546150853.21
1546150853.24
1546150853.27
1546150853.31
1546150853.34
1546150853.37
1546150853.41
1546150853.44
1546150853.47
1546150853.51
1546150853.54
1546150853.57
1546150853.61
1546150853.64
1546150853.67
1546150853.71
1546150853.74
1546150853.77
1546150853.81
1546150853.84
1546150853.88
1546150853.91
1546150853.94
1546150853.97
1546150854.01
1546150854.04
1546150854.08
1546150854.11
1546150854.14
1546150854.17
1546150854.21
1546150854.24
1546150854.27
1546150854.31
1546150854.34
1546150854.38
1546150854.41
1546150854.44
1546150854.47
1546150854.51
1546150854.54
1546150854.57
1546150854.61
1546150854.64
1546150854.67
1546150854.71
1546150854.74
1546150854.78
1546150854.81
1546150854.84
1546150854.87
1546150854.91
1546150854.94
1546150854.97
1546150855.01
1546150855.04
1546150855.07
1546150855.11
1546150855.14
1546150855.17
1546150855.21
1546150855.24
1546150855.27
1546150855.31
1546150855.34
1546150855.37
1546150855.41
1546150855.44
1546150855.47
1546150855.51
1546150855.54
1546150855.58
1546150855.61
1546150855.64
1546150855.67
1546150855.71
1546150855.74
1546150855.77
1546150855.81
1546150855.84
1546150855.87
1546150855.91
1546150855.94
1546150855.97
1546150856.01
1546150856.04
1546150856.07
1546150856.11
1546150856.14
1546150856.17
1546150856.21
1546150856.24
1546150856.27
1546150856.31
1546150856.34
1546150856.37
1546150856.41
1546150856.44
1546150856.47
1546150856.51
1546150856.54
1546150856.57
1546150856.61
1546150856.64
1546150856.67
1546150856.71
1546150856.74
1546150856.77
1546150856.81
1546150856.84
1546150856.87
1546150856.91
1546150856.94
1546150856.97
1546150857.01
1546150857.04
1546150857.07
1546150857.11
1546150857.14
1546150857.17
1546150857.21
1546150857.24
1546150857.27
1546150857.31
1546150857.34
1546150857.37
1546150857.41
1546150857.44
1546150857.47
1546150857.51
1546150857.54
1546150857.57
1546150857.61
1546150857.64
1546150857.67
1546150857.71
1546150857.74
1546150857.77
1546150857.81
1546150857.84
1546150857.87
1546150857.91
1546150857.94
1546150857.97
1546150858.01
1546150858.04
1546150858.07
1546150858.11
1546150858.14
1546150858.17
1546150858.21
1546150858.24
1546150858.27
1546150858.31
1546150858.34
1546150858.37
1546150858.4
1546150858.44
1546150858.47
1546150858.51
1546150858.54
1546150858.57
1546150858.61
1546150858.64
1546150858.67
1546150858.7
1546150858.74
1546150858.77
1546150858.81
1546150858.84
1546150858.87
1546150858.9
1546150858.94
1546150858.97
1546150859.01
1546150859.04
1546150859.07
1546150859.11
1546150859.14
1546150859.17
1546150859.2
1546150859.24
1546150859.27
1546150859.31
1546150859.34
1546150859.37
1546150859.4
1546150859.44
1546150859.47
1546150859.5
1546150859.54
1546150859.57
1546150859.61
1546150859.64
1546150859.67
1546150859.7
1546150859.74
1546150859.77
1546150859.8
1546150859.84
1546150859.87
1546150859.9
1546150859.94
1546150859.97
1546150860.0
1546150860.04
1546150860.07
1546150860.1
1546150860.14
1546150860.17
1546150860.2
1546150860.24
1546150860.27
1546150860.3
1546150860.34
1546150860.37
1546150860.4
1546150860.44
1546150860.47
1546150860.5
1546150860.54
1546150860.57
1546150860.6
1546150860.64
1546150860.67
1546150860.7
1546150860.73
1546150860.77
1546150860.8
1546150860.84
1546150860.87
1546150860.9
1546150860.94
1546150860.97
1546150861.0
1546150861.04
1546150861.07
1546150861.1
1546150861.14
1546150861.17
1546150861.2
1546150861.23
1546150861.27
1546150861.3
1546150861.34
1546150861.37
1546150861.4
1546150861.44
1546150861.47
1546150861.5
1546150861.54
1546150861.57
1546150861.6
1546150861.64
1546150861.67
1546150861.7
1546150861.74
1546150861.77
1546150861.8
1546150861.84
1546150861.87
1546150861.9
1546150861.93
1546150861.97
1546150862.0
1546150862.04
1546150862.07
1546150862.1
1546150862.13
1546150862.17
1546150862.2
1546150862.23
1546150862.27
1546150862.3
1546150862.34
1546150862.37
1546150862.4
1546150862.44
1546150862.47
1546150862.5
1546150862.54
1546150862.57
1546150862.6
1546150862.63
1546150862.67
1546150862.7
1546150862.74
1546150862.77
1546150862.8
1546150862.84
1546150862.87
1546150862.9
1546150862.93
1546150862.97
1546150863.0
1546150863.04
1546150863.07
1546150863.1
1546150863.13
1546150863.17
1546150863.2
1546150863.23
1546150863.27
1546150863.3
1546150863.34
1546150863.37
1546150863.4
1546150863.43
1546150863.47
1546150863.5
1546150863.54
1546150863.57
1546150863.6
1546150863.63
1546150863.67
1546150863.7
1546150863.74
1546150863.77
1546150863.8
1546150863.84
1546150863.87
1546150863.9
1546150863.94
1546150863.97
1546150864.0
1546150864.04
1546150864.07
1546150864.1
1546150864.13
1546150864.17
1546150864.2
1546150864.23
1546150864.27
1546150864.3
1546150864.34
1546150864.37
1546150864.4
1546150864.43
1546150864.47
1546150864.5
1546150864.54
1546150864.57
1546150864.6
1546150864.64
1546150864.67
1546150864.7
1546150864.73
1546150864.77
1546150864.8
1546150864.84
1546150864.87
1546150864.9
1546150864.94
1546150864.97
1546150865.0
1546150865.04
1546150865.07
1546150865.1
1546150865.14
1546150865.17
1546150865.2
1546150865.24
1546150865.27
1546150865.3
1546150865.34
1546150865.37
1546150865.4
1546150865.44
1546150865.47
1546150865.5
1546150865.54
1546150865.57
1546150865.6
1546150865.64
1546150865.67
1546150865.7
1546150865.74
1546150865.77
1546150865.8
1546150865.84
1546150865.87
1546150865.9
1546150865.94
1546150865.97
1546150866.0
1546150866.04
1546150866.07
1546150866.1
1546150866.14
1546150866.17
1546150866.2
1546150866.24
1546150866.27
1546150866.3
1546150866.34
1546150866.37
1546150866.4
1546150866.44
1546150866.47
1546150866.5
1546150866.54
1546150866.57
1546150866.6
1546150866.64
1546150866.67
1546150866.7
1546150866.74
1546150866.77
1546150866.8
1546150866.84
1546150866.87
1546150866.9
1546150866.94
1546150866.97
1546150867.0
1546150867.04
1546150867.07
1546150867.1
1546150867.14
1546150867.17
1546150867.2
1546150867.24
1546150867.27
1546150867.3
1546150867.34
1546150867.37
1546150867.4
1546150867.44
1546150867.47
1546150867.5
1546150867.54
1546150867.57
1546150867.6
1546150867.64
1546150867.67
1546150867.7
1546150867.74
1546150867.77
1546150867.8
1546150867.84
1546150867.87
1546150867.9
1546150867.94
1546150867.97
1546150868.0
1546150868.04
1546150868.07
1546150868.1
1546150868.14
1546150868.17
1546150868.2
1546150868.24
1546150868.27
1546150868.3
1546150868.34
1546150868.37
1546150868.4
1546150868.44
1546150868.47
1546150868.5
1546150868.54
1546150868.57
1546150868.6
1546150868.64
1546150868.67
1546150868.7
1546150868.74
1546150868.77
1546150868.8
1546150868.84
1546150868.87
1546150868.9
1546150868.94
1546150868.97
1546150869.0
1546150869.04
1546150869.07
1546150869.1
1546150869.14
1546150869.17
1546150869.2
1546150869.24
1546150869.27
1546150869.3
1546150869.34
1546150869.37
1546150869.4
1546150869.44
1546150869.47
1546150869.5
1546150869.54
1546150869.57
1546150869.6
1546150869.64
1546150869.67
1546150869.7
1546150869.74
1546150869.77
1546150869.8
1546150869.84
1546150869.87
1546150869.9
1546150869.94
1546150869.97
1546150870.0
1546150870.04
1546150870.07
1546150870.11
1546150870.14
1546150870.17
1546150870.2
1546150870.24
1546150870.27
1546150870.31
1546150870.34
1546150870.37
1546150870.4
1546150870.44
1546150870.47
1546150870.51
1546150870.54
1546150870.57
1546150870.61
1546150870.64
1546150870.67
1546150870.71
1546150870.74
1546150870.77
1546150870.81
1546150870.84
1546150870.87
1546150870.9
1546150870.94
1546150870.97
1546150871.01
1546150871.04
1546150871.07
1546150871.11
1546150871.14
1546150871.17
1546150871.21
1546150871.24
1546150871.27
1546150871.31
1546150871.34
1546150871.37
1546150871.4
1546150871.44
1546150871.47
1546150871.51
1546150871.54
1546150871.57
1546150871.61
1546150871.64
1546150871.67
1546150871.71
1546150871.74
1546150871.77
1546150871.81
1546150871.84
1546150871.87
1546150871.91
1546150871.94
1546150871.97
1546150872.01
1546150872.04
1546150872.07
1546150872.11
1546150872.14
1546150872.17
1546150872.21
1546150872.24
1546150872.27
1546150872.31
1546150872.34
1546150872.37
1546150872.41
1546150872.44
1546150872.47
1546150872.51
1546150872.54
1546150872.57
1546150872.61
1546150872.64
1546150872.67
1546150872.71
1546150872.74
1546150872.77
1546150872.81
1546150872.84
1546150872.87
1546150872.91
1546150872.94
1546150872.97
1546150873.01
1546150873.04
1546150873.07
1546150873.11
1546150873.14
1546150873.17
1546150873.21
1546150873.24
1546150873.27
1546150873.31
1546150873.34
1546150873.37
1546150873.41
1546150873.44
1546150873.47
1546150873.51
1546150873.54
1546150873.57
1546150873.61
1546150873.64
1546150873.67
