1546148693.72
1546148693.86
1546148693.89
1546148693.93
1546148693.96
1546148693.98
1546148694.02
1546148694.05
1546148694.08
1546148694.11
1546148694.14
1546148694.18
1546148694.21
1546148694.24
1546148694.28
1546148694.31
1546148694.35
1546148694.38
1546148694.41
1546148694.44
1546148694.48
1546148694.51
1546148694.54
1546148694.58
1546148694.61
1546148694.64
1546148694.68
1546148694.71
1546148694.74
1546148694.78
1546148694.81
1546148694.85
1546148694.88
1546148694.91
1546148694.94
1546148694.98
1546148695.01
1546148695.05
1546148695.08
1546148695.11
1546148695.14
1546148695.18
1546148695.21
1546148695.24
1546148695.28
1546148695.31
1546148695.34
1546148695.38
1546148695.41
1546148695.44
1546148695.48
1546148695.51
1546148695.54
1546148695.58
1546148695.61
1546148695.64
1546148695.68
1546148695.71
1546148695.74
1546148695.78
1546148695.81
1546148695.85
1546148695.88
1546148695.91
1546148695.94
1546148695.98
1546148696.01
1546148696.05
1546148696.08
1546148696.11
1546148696.15
1546148696.18
1546148696.21
1546148696.25
1546148696.28
1546148696.31
1546148696.35
1546148696.38
1546148696.41
1546148696.45
1546148696.48
1546148696.51
1546148696.55
1546148696.58
1546148696.61
1546148696.64
1546148696.68
1546148696.71
1546148696.74
1546148696.78
1546148696.81
1546148696.85
1546148696.88
1546148696.91
1546148696.94
1546148696.98
1546148697.01
1546148697.04
1546148697.08
1546148697.11
1546148697.14
1546148697.18
1546148697.21
1546148697.25
1546148697.28
1546148697.31
1546148697.35
1546148697.38
1546148697.41
1546148697.44
1546148697.48
1546148697.51
1546148697.54
1546148697.58
1546148697.61
1546148697.64
1546148697.68
1546148697.71
1546148697.74
1546148697.78
1546148697.81
1546148697.84
1546148697.88
1546148697.91
1546148697.94
1546148697.98
1546148698.01
1546148698.04
1546148698.08
1546148698.11
1546148698.14
1546148698.18
1546148698.21
1546148698.24
1546148698.28
1546148698.31
1546148698.34
1546148698.38
1546148698.41
1546148698.44
1546148698.48
1546148698.51
1546148698.54
1546148698.58
1546148698.61
1546148698.64
1546148698.68
1546148698.71
1546148698.74
1546148698.78
1546148698.81
1546148698.84
1546148698.88
1546148698.91
1546148698.94
1546148698.97
1546148699.01
1546148699.04
1546148699.08
1546148699.11
1546148699.14
1546148699.17
1546148699.21
1546148699.24
1546148699.28
1546148699.31
1546148699.34
1546148699.38
1546148699.41
1546148699.44
1546148699.48
1546148699.51
1546148699.54
1546148699.58
1546148699.61
1546148699.64
1546148699.68
1546148699.71
1546148699.74
1546148699.78
1546148699.81
1546148699.84
1546148699.88
1546148699.91
1546148699.94
1546148699.98
1546148700.01
1546148700.04
1546148700.08
1546148700.11
1546148700.14
1546148700.18
1546148700.21
1546148700.24
1546148700.28
1546148700.31
1546148700.34
1546148700.38
1546148700.41
1546148700.44
1546148700.48
1546148700.51
1546148700.54
1546148700.58
1546148700.61
1546148700.64
1546148700.68
1546148700.71
1546148700.74
1546148700.78
1546148700.81
1546148700.84
1546148700.88
1546148700.91
1546148700.94
1546148700.98
1546148701.01
1546148701.04
1546148701.08
1546148701.11
1546148701.14
1546148701.17
1546148701.21
1546148701.24
1546148701.28
1546148701.31
1546148701.34
1546148701.38
1546148701.41
1546148701.44
1546148701.47
1546148701.51
1546148701.54
1546148701.58
1546148701.61
1546148701.64
1546148701.67
1546148701.71
1546148701.74
1546148701.78
1546148701.81
1546148701.84
1546148701.87
1546148701.91
1546148701.94
1546148701.97
1546148702.01
1546148702.04
1546148702.08
1546148702.11
1546148702.14
1546148702.18
1546148702.21
1546148702.24
1546148702.28
1546148702.31
1546148702.34
1546148702.38
1546148702.41
1546148702.44
1546148702.48
1546148702.51
1546148702.54
1546148702.58
1546148702.61
1546148702.64
1546148702.67
1546148702.71
1546148702.74
1546148702.77
1546148702.81
1546148702.84
1546148702.88
1546148702.91
1546148702.94
1546148702.98
1546148703.01
1546148703.04
1546148703.08
1546148703.11
1546148703.14
1546148703.17
1546148703.21
1546148703.24
1546148703.28
1546148703.31
1546148703.34
1546148703.38
1546148703.41
1546148703.44
1546148703.48
1546148703.51
1546148703.54
1546148703.58
1546148703.61
1546148703.64
1546148703.68
1546148703.71
1546148703.74
1546148703.78
1546148703.81
1546148703.84
1546148703.88
1546148703.91
1546148703.94
1546148703.98
1546148704.01
1546148704.04
1546148704.08
1546148704.11
1546148704.14
1546148704.18
1546148704.21
1546148704.24
1546148704.28
1546148704.31
1546148704.34
1546148704.38
1546148704.41
1546148704.44
1546148704.48
1546148704.51
1546148704.55
1546148704.58
1546148704.61
1546148704.64
1546148704.68
1546148704.71
1546148704.74
1546148704.78
1546148704.81
1546148704.84
1546148704.88
1546148704.91
1546148704.94
1546148704.98
1546148705.01
1546148705.05
1546148705.08
1546148705.11
1546148705.14
1546148705.18
1546148705.21
1546148705.24
1546148705.28
1546148705.31
1546148705.34
1546148705.38
1546148705.41
1546148705.44
1546148705.48
1546148705.51
1546148705.54
1546148705.58
1546148705.61
1546148705.64
1546148705.68
1546148705.71
1546148705.74
1546148705.78
1546148705.81
1546148705.84
1546148705.88
1546148705.91
1546148705.94
1546148705.98
1546148706.01
1546148706.05
1546148706.08
1546148706.11
1546148706.14
1546148706.18
1546148706.21
1546148706.24
1546148706.28
1546148706.31
1546148706.34
1546148706.38
1546148706.41
1546148706.44
1546148706.48
1546148706.51
1546148706.55
1546148706.58
1546148706.61
1546148706.64
1546148706.67
1546148706.7
1546148706.74
1546148706.77
1546148706.8
1546148706.84
1546148706.87
1546148706.9
1546148706.94
1546148706.97
1546148707.0
1546148707.04
1546148707.07
1546148707.1
1546148707.14
1546148707.17
1546148707.2
1546148707.24
1546148707.27
1546148707.3
1546148707.34
1546148707.37
1546148707.4
1546148707.44
1546148707.47
1546148707.5
1546148707.54
1546148707.57
1546148707.6
1546148707.64
1546148707.67
1546148707.7
1546148707.74
1546148707.77
1546148707.8
1546148707.84
1546148707.87
1546148707.9
1546148707.94
1546148707.97
1546148708.0
1546148708.04
1546148708.07
1546148708.1
1546148708.14
1546148708.17
1546148708.2
1546148708.24
1546148708.27
1546148708.3
1546148708.34
1546148708.37
1546148708.4
1546148708.44
1546148708.47
1546148708.5
1546148708.54
1546148708.57
1546148708.6
1546148708.64
1546148708.67
1546148708.7
1546148708.74
1546148708.77
1546148708.8
1546148708.84
1546148708.87
1546148708.9
1546148708.94
1546148708.97
1546148709.0
1546148709.04
1546148709.07
1546148709.1
1546148709.14
1546148709.17
1546148709.2
1546148709.23
1546148709.27
1546148709.3
1546148709.34
1546148709.37
1546148709.4
1546148709.44
1546148709.47
1546148709.5
1546148709.54
1546148709.57
1546148709.6
1546148709.63
1546148709.67
1546148709.7
1546148709.73
1546148709.77
1546148709.8
1546148709.83
1546148709.87
1546148709.9
1546148709.93
1546148709.97
1546148710.0
1546148710.03
1546148710.07
1546148710.1
1546148710.13
1546148710.17
1546148710.2
1546148710.23
1546148710.27
1546148710.3
1546148710.33
1546148710.37
1546148710.4
1546148710.43
1546148710.47
1546148710.5
1546148710.53
1546148710.57
1546148710.6
1546148710.63
1546148710.67
1546148710.7
1546148710.73
1546148710.77
1546148710.8
1546148710.83
1546148710.87
1546148710.9
1546148710.93
1546148710.97
1546148711.0
1546148711.03
1546148711.07
1546148711.1
1546148711.13
1546148711.17
1546148711.2
1546148711.23
1546148711.27
1546148711.3
1546148711.33
1546148711.37
1546148711.4
1546148711.43
1546148711.47
1546148711.5
1546148711.54
1546148711.57
1546148711.6
1546148711.63
1546148711.67
1546148711.7
1546148711.73
1546148711.77
1546148711.8
1546148711.84
1546148711.87
1546148711.9
1546148711.93
1546148711.97
1546148712.0
1546148712.03
1546148712.07
1546148712.1
1546148712.13
1546148712.17
1546148712.2
1546148712.23
1546148712.27
1546148712.3
1546148712.33
1546148712.37
1546148712.4
1546148712.43
1546148712.47
1546148712.5
1546148712.53
1546148712.57
1546148712.6
1546148712.63
1546148712.67
1546148712.7
1546148712.73
1546148712.77
1546148712.8
1546148712.83
1546148712.87
1546148712.9
1546148712.93
1546148712.97
1546148713.0
1546148713.03
1546148713.07
1546148713.1
1546148713.13
1546148713.17
1546148713.2
1546148713.23
1546148713.27
1546148713.3
1546148713.34
1546148713.37
1546148713.4
1546148713.44
1546148713.47
1546148713.5
1546148713.54
1546148713.57
1546148713.6
1546148713.63
1546148713.67
1546148713.7
1546148713.73
1546148713.77
1546148713.8
1546148713.84
1546148713.87
1546148713.9
1546148713.93
1546148713.97
1546148714.0
1546148714.03
1546148714.07
1546148714.1
1546148714.13
1546148714.17
1546148714.2
1546148714.23
1546148714.27
1546148714.3
1546148714.33
1546148714.37
1546148714.4
1546148714.43
1546148714.47
1546148714.5
1546148714.53
1546148714.57
1546148714.6
1546148714.63
1546148714.67
1546148714.7
1546148714.73
1546148714.77
1546148714.8
1546148714.83
1546148714.87
1546148714.9
1546148714.93
1546148714.97
1546148715.0
1546148715.03
1546148715.07
1546148715.1
1546148715.13
1546148715.17
1546148715.2
1546148715.23
1546148715.27
1546148715.3
1546148715.33
1546148715.37
1546148715.4
1546148715.43
1546148715.47
1546148715.5
1546148715.53
1546148715.57
1546148715.6
1546148715.63
1546148715.67
1546148715.7
1546148715.73
1546148715.77
1546148715.8
1546148715.83
1546148715.87
1546148715.9
1546148715.93
1546148715.97
1546148716.0
1546148716.03
1546148716.07
1546148716.1
1546148716.13
1546148716.16
1546148716.2
1546148716.23
1546148716.27
1546148716.3
1546148716.33
1546148716.37
1546148716.4
1546148716.43
1546148716.46
1546148716.5
1546148716.53
1546148716.57
1546148716.6
1546148716.63
1546148716.67
1546148716.7
1546148716.73
1546148716.76
1546148716.8
1546148716.83
1546148716.87
1546148716.9
1546148716.93
1546148716.96
1546148717.0
1546148717.03
1546148717.07
1546148717.1
1546148717.13
1546148717.16
1546148717.2
1546148717.23
1546148717.27
1546148717.3
1546148717.33
1546148717.37
1546148717.4
1546148717.43
1546148717.46
1546148717.5
1546148717.53
1546148717.57
1546148717.6
1546148717.63
1546148717.66
1546148717.7
1546148717.73
1546148717.76
1546148717.8
1546148717.83
1546148717.87
1546148717.9
1546148717.93
1546148717.96
1546148718.0
1546148718.03
1546148718.06
1546148718.1
1546148718.13
1546148718.16
1546148718.2
1546148718.23
1546148718.26
1546148718.3
1546148718.33
1546148718.37
1546148718.4
1546148718.43
1546148718.46
1546148718.5
1546148718.53
1546148718.57
1546148718.6
1546148718.63
1546148718.66
1546148718.7
1546148718.73
1546148718.76
1546148718.8
1546148718.83
1546148718.86
1546148718.9
1546148718.93
1546148718.96
1546148719.0
1546148719.03
1546148719.06
1546148719.1
1546148719.13
1546148719.16
1546148719.2
1546148719.23
1546148719.26
1546148719.3
1546148719.33
1546148719.36
1546148719.4
1546148719.43
1546148719.46
1546148719.5
1546148719.53
1546148719.56
1546148719.6
1546148719.63
1546148719.66
1546148719.7
1546148719.73
1546148719.76
1546148719.8
1546148719.83
1546148719.86
1546148719.9
1546148719.93
1546148719.96
1546148720.0
1546148720.03
1546148720.06
1546148720.1
1546148720.13
1546148720.16
1546148720.2
1546148720.23
1546148720.26
1546148720.3
1546148720.33
1546148720.36
1546148720.4
1546148720.43
1546148720.46
1546148720.5
1546148720.53
1546148720.56
1546148720.6
1546148720.63
1546148720.66
1546148720.7
1546148720.73
1546148720.76
1546148720.8
1546148720.83
1546148720.86
1546148720.9
1546148720.93
1546148720.96
1546148721.0
1546148721.03
1546148721.06
1546148721.1
1546148721.13
1546148721.16
1546148721.2
1546148721.23
1546148721.26
1546148721.3
1546148721.33
1546148721.36
1546148721.4
1546148721.43
1546148721.46
1546148721.5
1546148721.53
1546148721.56
1546148721.6
1546148721.63
1546148721.66
1546148721.7
1546148721.73
1546148721.76
1546148721.8
1546148721.83
1546148721.86
1546148721.9
1546148721.93
1546148721.96
1546148722.0
1546148722.03
1546148722.06
1546148722.1
1546148722.13
1546148722.16
1546148722.2
1546148722.23
1546148722.26
1546148722.3
1546148722.33
1546148722.36
1546148722.4
1546148722.43
1546148722.46
1546148722.5
1546148722.53
1546148722.56
1546148722.6
1546148722.63
1546148722.66
1546148722.69
1546148722.73
1546148722.76
1546148722.8
1546148722.83
1546148722.86
1546148722.89
1546148722.93
1546148722.96
1546148723.0
1546148723.03
1546148723.06
1546148723.1
1546148723.13
1546148723.16
1546148723.2
1546148723.23
1546148723.26
1546148723.3
1546148723.33
1546148723.36
1546148723.4
1546148723.43
1546148723.46
1546148723.49
1546148723.53
1546148723.56
1546148723.6
1546148723.63
1546148723.66
1546148723.7
1546148723.73
1546148723.76
1546148723.8
1546148723.83
1546148723.86
1546148723.9
1546148723.93
1546148723.96
1546148724.0
1546148724.03
1546148724.06
1546148724.09
1546148724.13
1546148724.16
1546148724.19
1546148724.23
1546148724.26
1546148724.3
1546148724.33
1546148724.36
1546148724.39
1546148724.43
1546148724.46
1546148724.49
1546148724.53
1546148724.56
1546148724.59
1546148724.63
1546148724.66
1546148724.69
1546148724.73
1546148724.76
1546148724.79
1546148724.83
1546148724.86
1546148724.89
1546148724.93
1546148724.96
1546148724.99
1546148725.03
1546148725.06
1546148725.09
1546148725.13
1546148725.16
1546148725.19
1546148725.23
1546148725.26
1546148725.29
1546148725.33
1546148725.36
1546148725.39
1546148725.43
1546148725.46
1546148725.49
1546148725.53
1546148725.56
1546148725.59
1546148725.63
1546148725.66
1546148725.69
1546148725.73
1546148725.76
1546148725.79
1546148725.83
1546148725.86
1546148725.89
1546148725.93
1546148725.96
1546148725.99
1546148726.03
1546148726.06
1546148726.09
1546148726.13
1546148726.16
1546148726.19
1546148726.23
1546148726.26
1546148726.29
1546148726.33
1546148726.36
1546148726.39
1546148726.43
1546148726.46
1546148726.49
1546148726.53
1546148726.56
1546148726.59
1546148726.63
1546148726.66
1546148726.69
1546148726.73
1546148726.76
1546148726.8
1546148726.83
1546148726.86
1546148726.89
1546148726.93
1546148726.96
1546148726.99
1546148727.03
1546148727.06
1546148727.1
1546148727.13
1546148727.16
1546148727.19
1546148727.23
1546148727.26
1546148727.3
1546148727.33
1546148727.36
1546148727.4
1546148727.43
1546148727.46
1546148727.49
1546148727.53
1546148727.56
1546148727.6
1546148727.63
1546148727.66
1546148727.7
1546148727.73
1546148727.76
1546148727.8
1546148727.83
1546148727.86
1546148727.9
1546148727.93
1546148727.96
1546148728.0
1546148728.03
1546148728.06
1546148728.1
1546148728.13
1546148728.16
1546148728.2
1546148728.23
1546148728.26
1546148728.3
1546148728.33
1546148728.36
1546148728.4
1546148728.43
1546148728.46
1546148728.5
1546148728.53
1546148728.56
1546148728.6
1546148728.63
1546148728.66
1546148728.7
1546148728.73
1546148728.76
1546148728.8
1546148728.83
1546148728.86
1546148728.9
1546148728.93
1546148728.96
1546148729.0
1546148729.03
1546148729.06
1546148729.1
1546148729.13
1546148729.16
1546148729.2
1546148729.23
1546148729.26
1546148729.3
1546148729.33
1546148729.36
1546148729.4
1546148729.43
1546148729.46
1546148729.5
1546148729.53
1546148729.57
1546148729.6
1546148729.63
1546148729.66
1546148729.7
1546148729.73
1546148729.77
1546148729.8
1546148729.83
1546148729.87
1546148729.9
1546148729.93
1546148729.97
1546148730.0
1546148730.03
1546148730.07
1546148730.1
1546148730.13
1546148730.17
1546148730.2
1546148730.23
1546148730.27
1546148730.3
1546148730.33
1546148730.37
1546148730.4
1546148730.43
1546148730.47
1546148730.5
1546148730.53
1546148730.57
1546148730.6
1546148730.63
1546148730.66
1546148730.69
1546148730.73
1546148730.76
1546148730.79
1546148730.83
1546148730.86
1546148730.89
1546148730.93
1546148730.96
1546148730.99
1546148731.03
1546148731.06
1546148731.1
1546148731.13
1546148731.16
1546148731.19
1546148731.23
1546148731.26
1546148731.29
1546148731.33
1546148731.36
1546148731.39
1546148731.43
1546148731.46
1546148731.49
1546148731.53
1546148731.56
1546148731.59
1546148731.63
1546148731.66
1546148731.69
1546148731.73
1546148731.76
1546148731.8
1546148731.83
1546148731.86
1546148731.89
1546148731.93
1546148731.96
1546148731.99
1546148732.03
1546148732.06
1546148732.09
1546148732.13
1546148732.16
1546148732.19
1546148732.23
1546148732.26
1546148732.29
1546148732.33
1546148732.36
1546148732.39
1546148732.43
1546148732.46
1546148732.49
1546148732.53
1546148732.56
1546148732.59
1546148732.63
1546148732.66
1546148732.69
1546148732.73
1546148732.76
1546148732.79
1546148732.83
1546148732.86
1546148732.89
1546148732.93
1546148732.96
1546148732.99
1546148733.03
1546148733.06
1546148733.09
1546148733.13
1546148733.16
1546148733.19
1546148733.23
1546148733.26
1546148733.29
1546148733.33
1546148733.36
1546148733.39
1546148733.43
1546148733.46
1546148733.49
1546148733.53
1546148733.56
1546148733.59
1546148733.63
1546148733.66
1546148733.69
1546148733.73
1546148733.76
1546148733.79
1546148733.83
1546148733.86
1546148733.89
1546148733.93
1546148733.96
1546148733.99
1546148734.03
1546148734.06
1546148734.09
1546148734.13
1546148734.16
1546148734.19
1546148734.23
1546148734.26
1546148734.29
1546148734.33
1546148734.36
1546148734.39
1546148734.43
1546148734.46
1546148734.49
1546148734.53
1546148734.56
1546148734.59
1546148734.63
1546148734.66
1546148734.69
1546148734.73
1546148734.76
1546148734.79
1546148734.83
1546148734.86
1546148734.89
1546148734.93
1546148734.96
1546148734.99
1546148735.03
1546148735.06
1546148735.09
1546148735.13
1546148735.16
1546148735.19
1546148735.23
1546148735.26
1546148735.29
1546148735.33
1546148735.36
1546148735.39
1546148735.43
1546148735.46
1546148735.49
1546148735.53
1546148735.56
1546148735.59
1546148735.62
1546148735.66
1546148735.69
1546148735.73
1546148735.76
1546148735.79
1546148735.83
1546148735.86
1546148735.89
1546148735.92
1546148735.96
1546148735.99
1546148736.03
1546148736.06
1546148736.09
1546148736.12
1546148736.16
1546148736.19
1546148736.22
1546148736.26
1546148736.29
1546148736.32
1546148736.36
1546148736.39
1546148736.42
1546148736.46
1546148736.49
1546148736.52
1546148736.56
1546148736.59
1546148736.62
1546148736.66
1546148736.69
1546148736.72
1546148736.76
1546148736.79
1546148736.82
1546148736.86
1546148736.89
1546148736.92
1546148736.96
1546148736.99
1546148737.02
1546148737.06
1546148737.09
1546148737.12
1546148737.16
1546148737.19
1546148737.22
1546148737.26
1546148737.29
1546148737.32
1546148737.36
1546148737.39
1546148737.42
1546148737.46
1546148737.49
1546148737.52
1546148737.56
1546148737.59
1546148737.62
1546148737.65
1546148737.69
1546148737.72
1546148737.76
1546148737.79
1546148737.82
1546148737.86
1546148737.89
1546148737.92
1546148737.96
1546148737.99
1546148738.02
1546148738.06
1546148738.09
1546148738.12
1546148738.15
1546148738.19
1546148738.22
1546148738.26
1546148738.29
1546148738.32
1546148738.36
1546148738.39
1546148738.42
1546148738.45
1546148738.49
1546148738.52
1546148738.56
1546148738.59
1546148738.62
1546148738.65
1546148738.69
1546148738.72
1546148738.76
1546148738.79
1546148738.82
1546148738.86
1546148738.89
1546148738.92
1546148738.95
1546148738.99
1546148739.02
1546148739.06
1546148739.09
1546148739.12
1546148739.16
1546148739.19
1546148739.22
1546148739.26
1546148739.29
1546148739.32
1546148739.36
1546148739.39
1546148739.42
1546148739.46
1546148739.49
1546148739.52
1546148739.56
1546148739.59
1546148739.62
1546148739.66
1546148739.69
1546148739.72
1546148739.76
1546148739.79
1546148739.82
1546148739.86
1546148739.89
1546148739.92
1546148739.95
1546148739.99
1546148740.02
1546148740.06
1546148740.09
1546148740.12
1546148740.15
1546148740.19
1546148740.22
1546148740.26
1546148740.29
1546148740.32
1546148740.36
1546148740.39
1546148740.42
1546148740.45
1546148740.49
1546148740.52
1546148740.56
1546148740.59
1546148740.62
1546148740.66
1546148740.69
1546148740.72
1546148740.76
1546148740.79
1546148740.82
1546148740.86
1546148740.89
1546148740.92
1546148740.95
1546148740.99
1546148741.02
1546148741.06
1546148741.09
1546148741.12
1546148741.15
1546148741.19
1546148741.22
1546148741.26
1546148741.29
1546148741.32
1546148741.36
1546148741.39
1546148741.42
1546148741.45
1546148741.49
1546148741.52
1546148741.56
1546148741.59
1546148741.62
1546148741.65
1546148741.69
1546148741.72
1546148741.76
1546148741.79
1546148741.82
1546148741.86
1546148741.89
1546148741.92
1546148741.96
1546148741.99
1546148742.02
1546148742.05
1546148742.09
1546148742.12
1546148742.15
1546148742.19
1546148742.22
1546148742.26
1546148742.29
1546148742.32
1546148742.35
1546148742.39
1546148742.42
1546148742.45
1546148742.49
1546148742.52
1546148742.55
1546148742.59
1546148742.62
1546148742.65
1546148742.69
1546148742.72
1546148742.75
1546148742.79
1546148742.82
1546148742.85
1546148742.89
1546148742.92
1546148742.95
1546148742.99
1546148743.02
1546148743.05
1546148743.09
1546148743.12
1546148743.15
1546148743.19
1546148743.22
1546148743.25
1546148743.29
1546148743.32
1546148743.35
1546148743.38
1546148743.42
1546148743.45
1546148743.49
1546148743.52
1546148743.55
1546148743.59
1546148743.62
1546148743.65
1546148743.69
1546148743.72
1546148743.75
1546148743.79
1546148743.82
1546148743.85
1546148743.89
1546148743.92
1546148743.95
1546148743.99
1546148744.02
1546148744.05
1546148744.09
1546148744.12
1546148744.15
1546148744.19
1546148744.22
1546148744.25
1546148744.29
1546148744.32
1546148744.35
1546148744.39
1546148744.42
1546148744.45
1546148744.49
1546148744.52
1546148744.55
1546148744.59
1546148744.62
1546148744.65
1546148744.69
1546148744.72
1546148744.75
1546148744.79
1546148744.82
1546148744.85
1546148744.89
1546148744.92
1546148744.95
1546148744.99
1546148745.02
1546148745.05
1546148745.09
1546148745.12
1546148745.15
1546148745.19
1546148745.22
1546148745.25
1546148745.29
1546148745.32
1546148745.35
1546148745.39
1546148745.42
1546148745.45
1546148745.49
1546148745.52
1546148745.55
1546148745.59
1546148745.62
1546148745.65
1546148745.69
1546148745.72
1546148745.75
1546148745.79
1546148745.82
1546148745.85
1546148745.89
1546148745.92
1546148745.95
1546148745.99
1546148746.02
1546148746.05
1546148746.09
1546148746.12
1546148746.15
1546148746.19
1546148746.22
1546148746.25
1546148746.29
1546148746.32
1546148746.35
1546148746.39
1546148746.42
1546148746.45
1546148746.49
1546148746.52
1546148746.55
1546148746.59
1546148746.62
1546148746.65
1546148746.69
1546148746.72
1546148746.75
1546148746.79
1546148746.82
1546148746.85
1546148746.89
1546148746.92
1546148746.95
1546148746.99
1546148747.02
1546148747.05
1546148747.09
1546148747.12
1546148747.15
1546148747.19
1546148747.22
1546148747.25
1546148747.29
1546148747.32
1546148747.35
1546148747.38
1546148747.42
1546148747.45
1546148747.49
1546148747.52
1546148747.55
1546148747.59
1546148747.62
1546148747.65
1546148747.69
1546148747.72
1546148747.75
1546148747.79
1546148747.82
1546148747.85
1546148747.89
1546148747.92
1546148747.95
1546148747.99
1546148748.02
1546148748.05
1546148748.09
1546148748.12
1546148748.15
1546148748.19
1546148748.22
1546148748.25
1546148748.29
1546148748.32
1546148748.35
1546148748.39
1546148748.42
1546148748.45
1546148748.49
1546148748.52
1546148748.55
1546148748.59
1546148748.62
1546148748.65
1546148748.69
1546148748.72
1546148748.75
1546148748.79
1546148748.82
1546148748.85
1546148748.89
1546148748.92
1546148748.95
1546148748.99
1546148749.02
1546148749.05
1546148749.09
1546148749.12
1546148749.15
1546148749.19
1546148749.22
1546148749.25
1546148749.29
1546148749.32
1546148749.35
1546148749.39
1546148749.42
1546148749.45
1546148749.49
1546148749.52
1546148749.55
1546148749.59
1546148749.62
1546148749.65
1546148749.69
1546148749.72
1546148749.75
1546148749.79
1546148749.82
1546148749.85
1546148749.89
1546148749.92
1546148749.95
1546148749.99
1546148750.02
1546148750.06
1546148750.09
1546148750.12
1546148750.15
1546148750.19
1546148750.22
1546148750.26
1546148750.29
1546148750.32
1546148750.35
1546148750.39
1546148750.42
1546148750.45
1546148750.49
1546148750.52
1546148750.56
1546148750.59
1546148750.62
1546148750.65
1546148750.69
1546148750.72
1546148750.76
1546148750.79
1546148750.82
1546148750.86
1546148750.89
1546148750.92
1546148750.96
1546148750.99
1546148751.02
1546148751.06
1546148751.09
1546148751.12
1546148751.16
1546148751.19
1546148751.22
1546148751.26
1546148751.29
1546148751.32
1546148751.36
1546148751.39
1546148751.42
1546148751.46
1546148751.49
1546148751.52
1546148751.56
1546148751.59
1546148751.62
1546148751.66
1546148751.69
1546148751.72
1546148751.76
1546148751.79
1546148751.82
1546148751.86
1546148751.89
1546148751.92
1546148751.96
1546148751.99
1546148752.03
1546148752.06
1546148752.09
1546148752.12
1546148752.16
1546148752.19
1546148752.22
1546148752.26
1546148752.29
1546148752.32
1546148752.36
1546148752.39
1546148752.42
1546148752.46
1546148752.49
1546148752.53
1546148752.56
1546148752.59
1546148752.62
1546148752.66
1546148752.69
1546148752.72
1546148752.76
1546148752.79
1546148752.83
1546148752.86
1546148752.89
1546148752.93
1546148752.96
1546148752.99
1546148753.03
1546148753.06
1546148753.09
1546148753.13
1546148753.16
1546148753.19
1546148753.23
1546148753.26
1546148753.29
1546148753.33
1546148753.36
1546148753.39
1546148753.43
1546148753.46
1546148753.49
1546148753.53
1546148753.56
1546148753.59
1546148753.63
1546148753.66
1546148753.69
1546148753.73
1546148753.76
1546148753.79
1546148753.83
1546148753.86
1546148753.89
1546148753.93
1546148753.96
1546148753.99
1546148754.03
1546148754.06
1546148754.09
1546148754.13
1546148754.16
1546148754.19
1546148754.23
1546148754.26
1546148754.29
1546148754.33
1546148754.36
1546148754.39
1546148754.43
1546148754.46
1546148754.49
1546148754.52
1546148754.55
1546148754.59
1546148754.62
1546148754.65
1546148754.68
1546148754.72
1546148754.75
1546148754.79
1546148754.82
1546148754.85
1546148754.88
1546148754.92
1546148754.95
1546148754.98
1546148755.02
1546148755.05
1546148755.09
1546148755.12
1546148755.15
1546148755.18
1546148755.22
1546148755.25
1546148755.29
1546148755.32
1546148755.35
1546148755.38
1546148755.42
1546148755.45
1546148755.48
1546148755.52
1546148755.55
1546148755.58
1546148755.62
1546148755.65
1546148755.68
1546148755.72
1546148755.75
1546148755.79
1546148755.82
1546148755.85
1546148755.88
1546148755.92
1546148755.95
1546148755.98
1546148756.02
1546148756.05
1546148756.08
1546148756.12
1546148756.15
1546148756.18
1546148756.22
1546148756.25
1546148756.28
1546148756.32
1546148756.35
1546148756.38
1546148756.42
1546148756.45
1546148756.48
1546148756.52
1546148756.55
1546148756.58
1546148756.62
1546148756.65
1546148756.68
1546148756.72
1546148756.75
1546148756.78
1546148756.82
1546148756.85
1546148756.88
1546148756.92
1546148756.95
1546148756.98
1546148757.02
1546148757.05
1546148757.08
1546148757.12
1546148757.15
1546148757.18
1546148757.22
1546148757.25
1546148757.28
1546148757.32
1546148757.35
1546148757.38
1546148757.42
1546148757.45
1546148757.48
1546148757.52
1546148757.55
1546148757.58
1546148757.62
1546148757.65
1546148757.68
1546148757.72
1546148757.75
1546148757.78
1546148757.82
1546148757.85
1546148757.88
1546148757.92
1546148757.95
1546148757.98
1546148758.02
1546148758.05
1546148758.08
1546148758.12
1546148758.15
1546148758.18
1546148758.22
1546148758.25
1546148758.28
1546148758.32
1546148758.35
1546148758.38
1546148758.42
1546148758.45
1546148758.48
1546148758.52
1546148758.55
1546148758.58
1546148758.62
1546148758.65
1546148758.68
1546148758.72
1546148758.75
1546148758.78
1546148758.82
1546148758.85
1546148758.88
1546148758.92
1546148758.95
1546148758.98
1546148759.02
1546148759.05
1546148759.08
1546148759.12
1546148759.15
1546148759.18
1546148759.22
1546148759.25
1546148759.28
1546148759.32
1546148759.35
1546148759.38
1546148759.42
1546148759.45
1546148759.48
1546148759.52
1546148759.55
1546148759.59
1546148759.62
1546148759.65
1546148759.68
1546148759.72
1546148759.75
1546148759.78
1546148759.82
1546148759.85
1546148759.88
1546148759.92
1546148759.95
1546148759.98
1546148760.02
1546148760.05
1546148760.08
1546148760.12
1546148760.15
1546148760.18
1546148760.22
1546148760.25
1546148760.28
1546148760.32
1546148760.35
1546148760.38
1546148760.42
1546148760.45
1546148760.48
1546148760.52
1546148760.55
1546148760.58
1546148760.62
1546148760.65
1546148760.68
1546148760.72
1546148760.75
1546148760.78
1546148760.82
1546148760.85
1546148760.88
1546148760.92
1546148760.95
1546148760.98
1546148761.02
1546148761.05
1546148761.08
1546148761.12
1546148761.15
1546148761.18
1546148761.22
1546148761.25
1546148761.28
1546148761.32
1546148761.35
1546148761.38
1546148761.42
1546148761.45
1546148761.48
1546148761.52
1546148761.55
1546148761.58
1546148761.62
1546148761.65
1546148761.68
1546148761.72
1546148761.75
1546148761.78
1546148761.82
1546148761.85
1546148761.88
1546148761.92
1546148761.95
1546148761.98
1546148762.02
1546148762.05
1546148762.08
1546148762.12
1546148762.15
1546148762.18
1546148762.22
1546148762.25
1546148762.28
1546148762.32
1546148762.35
1546148762.38
1546148762.42
1546148762.45
1546148762.48
1546148762.52
1546148762.55
1546148762.58
1546148762.62
1546148762.65
1546148762.68
1546148762.72
1546148762.75
1546148762.78
1546148762.82
1546148762.85
1546148762.88
1546148762.92
1546148762.95
1546148762.98
1546148763.02
1546148763.05
1546148763.08
1546148763.12
1546148763.15
1546148763.18
1546148763.22
1546148763.25
1546148763.28
1546148763.32
1546148763.35
1546148763.38
1546148763.42
1546148763.45
1546148763.48
1546148763.52
1546148763.55
1546148763.58
1546148763.62
1546148763.65
1546148763.68
1546148763.71
1546148763.75
1546148763.78
1546148763.82
1546148763.85
1546148763.88
1546148763.91
1546148763.95
1546148763.98
1546148764.02
1546148764.05
1546148764.08
1546148764.12
1546148764.15
1546148764.18
1546148764.21
1546148764.25
1546148764.28
1546148764.32
1546148764.35
1546148764.38
1546148764.41
1546148764.45
1546148764.48
1546148764.51
1546148764.55
1546148764.58
1546148764.61
1546148764.65
1546148764.68
1546148764.71
1546148764.75
1546148764.78
1546148764.81
1546148764.85
1546148764.88
1546148764.91
1546148764.95
1546148764.98
1546148765.01
1546148765.05
1546148765.08
1546148765.12
1546148765.15
1546148765.18
1546148765.21
1546148765.25
1546148765.28
1546148765.31
1546148765.35
1546148765.38
1546148765.41
1546148765.45
1546148765.48
1546148765.51
1546148765.55
1546148765.58
1546148765.61
1546148765.65
1546148765.68
1546148765.71
1546148765.75
1546148765.78
1546148765.81
1546148765.85
1546148765.88
1546148765.91
1546148765.95
1546148765.98
1546148766.01
1546148766.05
1546148766.08
1546148766.11
1546148766.15
1546148766.18
1546148766.21
1546148766.25
1546148766.28
1546148766.31
1546148766.35
1546148766.38
1546148766.41
1546148766.45
1546148766.48
1546148766.52
1546148766.55
1546148766.58
1546148766.61
1546148766.65
1546148766.68
1546148766.71
1546148766.75
1546148766.78
1546148766.81
1546148766.85
1546148766.88
1546148766.91
1546148766.95
1546148766.98
1546148767.01
1546148767.05
1546148767.08
1546148767.11
1546148767.15
1546148767.18
1546148767.21
1546148767.25
1546148767.28
1546148767.31
1546148767.35
1546148767.38
1546148767.41
1546148767.45
1546148767.48
1546148767.51
1546148767.55
1546148767.58
1546148767.61
1546148767.65
1546148767.68
1546148767.71
1546148767.75
1546148767.78
1546148767.81
1546148767.85
1546148767.88
1546148767.91
1546148767.95
1546148767.98
1546148768.01
1546148768.05
1546148768.08
1546148768.11
1546148768.15
1546148768.18
1546148768.21
1546148768.25
1546148768.28
1546148768.31
1546148768.35
1546148768.38
1546148768.41
1546148768.44
1546148768.48
1546148768.51
1546148768.55
1546148768.58
1546148768.61
1546148768.64
1546148768.68
1546148768.71
1546148768.74
1546148768.78
1546148768.81
1546148768.85
1546148768.88
1546148768.91
1546148768.94
1546148768.98
1546148769.01
1546148769.05
1546148769.08
1546148769.11
1546148769.14
1546148769.18
1546148769.21
1546148769.25
1546148769.28
1546148769.31
1546148769.35
1546148769.38
1546148769.41
1546148769.45
1546148769.48
1546148769.51
1546148769.55
1546148769.58
1546148769.61
1546148769.65
1546148769.68
1546148769.71
1546148769.74
1546148769.78
1546148769.81
1546148769.85
1546148769.88
1546148769.91
1546148769.94
1546148769.98
1546148770.01
1546148770.05
1546148770.08
1546148770.11
1546148770.14
1546148770.18
1546148770.21
1546148770.24
1546148770.28
1546148770.31
1546148770.34
1546148770.38
1546148770.41
1546148770.44
1546148770.48
1546148770.51
1546148770.54
1546148770.58
1546148770.61
1546148770.64
1546148770.68
1546148770.71
1546148770.74
1546148770.78
1546148770.81
1546148770.84
1546148770.88
1546148770.91
1546148770.94
1546148770.98
1546148771.01
1546148771.05
1546148771.08
1546148771.11
1546148771.14
1546148771.18
1546148771.21
1546148771.24
1546148771.28
1546148771.31
1546148771.35
1546148771.38
1546148771.41
1546148771.44
1546148771.48
1546148771.51
1546148771.55
1546148771.58
1546148771.61
1546148771.64
1546148771.68
1546148771.71
1546148771.75
1546148771.78
1546148771.81
1546148771.85
1546148771.88
1546148771.91
1546148771.95
1546148771.98
1546148772.01
1546148772.05
1546148772.08
1546148772.11
1546148772.14
1546148772.18
1546148772.21
1546148772.25
1546148772.28
1546148772.31
1546148772.35
1546148772.38
1546148772.41
1546148772.44
1546148772.48
1546148772.51
1546148772.55
1546148772.58
1546148772.61
1546148772.64
1546148772.68
1546148772.71
1546148772.74
1546148772.78
1546148772.81
1546148772.85
1546148772.88
1546148772.91
1546148772.95
1546148772.98
1546148773.01
1546148773.05
1546148773.08
1546148773.11
1546148773.15
1546148773.18
1546148773.21
1546148773.25
1546148773.28
1546148773.31
1546148773.35
1546148773.38
1546148773.41
1546148773.45
1546148773.48
1546148773.51
1546148773.55
1546148773.58
1546148773.61
1546148773.65
1546148773.68
1546148773.71
1546148773.75
1546148773.78
1546148773.81
1546148773.85
1546148773.88
1546148773.91
1546148773.95
1546148773.98
1546148774.01
1546148774.05
1546148774.08
1546148774.11
1546148774.15
1546148774.18
1546148774.21
1546148774.25
1546148774.28
1546148774.31
1546148774.35
1546148774.38
1546148774.41
1546148774.45
1546148774.48
1546148774.51
1546148774.55
1546148774.58
1546148774.61
1546148774.65
1546148774.68
1546148774.71
1546148774.75
1546148774.78
1546148774.81
1546148774.85
1546148774.88
1546148774.91
1546148774.95
1546148774.98
1546148775.01
1546148775.05
1546148775.08
1546148775.11
1546148775.15
1546148775.18
1546148775.21
1546148775.25
1546148775.28
1546148775.32
1546148775.35
1546148775.38
1546148775.41
1546148775.45
1546148775.48
1546148775.52
1546148775.55
1546148775.58
1546148775.62
1546148775.65
1546148775.68
1546148775.72
1546148775.75
1546148775.78
1546148775.82
1546148775.85
1546148775.88
1546148775.92
1546148775.95
1546148775.98
1546148776.02
1546148776.05
1546148776.08
1546148776.12
1546148776.15
1546148776.18
1546148776.22
1546148776.25
1546148776.28
1546148776.32
1546148776.35
1546148776.38
1546148776.42
1546148776.45
1546148776.48
1546148776.52
1546148776.55
1546148776.58
1546148776.62
1546148776.65
1546148776.68
1546148776.72
1546148776.75
1546148776.78
1546148776.82
1546148776.85
1546148776.88
1546148776.92
1546148776.95
1546148776.98
1546148777.02
1546148777.05
1546148777.08
1546148777.12
1546148777.15
1546148777.18
1546148777.22
1546148777.25
1546148777.29
1546148777.32
1546148777.35
1546148777.38
1546148777.42
1546148777.45
1546148777.48
1546148777.52
1546148777.55
1546148777.59
1546148777.62
1546148777.65
1546148777.68
1546148777.72
1546148777.75
1546148777.79
1546148777.82
1546148777.85
1546148777.89
1546148777.92
1546148777.95
1546148777.99
1546148778.02
1546148778.05
1546148778.09
1546148778.12
1546148778.15
1546148778.19
1546148778.22
1546148778.25
1546148778.29
1546148778.31
1546148778.35
1546148778.38
1546148778.41
1546148778.45
1546148778.48
1546148778.51
1546148778.55
1546148778.58
1546148778.61
1546148778.65
1546148778.68
1546148778.71
1546148778.74
1546148778.78
1546148778.81
1546148778.85
1546148778.88
1546148778.91
1546148778.94
1546148778.98
1546148779.01
1546148779.05
1546148779.08
1546148779.11
1546148779.14
1546148779.18
1546148779.21
1546148779.25
1546148779.28
1546148779.31
1546148779.35
1546148779.38
1546148779.41
1546148779.45
1546148779.48
1546148779.51
1546148779.55
1546148779.58
1546148779.61
1546148779.65
1546148779.68
1546148779.71
1546148779.75
1546148779.78
1546148779.81
1546148779.85
1546148779.88
1546148779.91
1546148779.95
1546148779.98
1546148780.01
1546148780.05
1546148780.08
1546148780.11
1546148780.14
1546148780.18
1546148780.21
1546148780.24
1546148780.28
1546148780.31
1546148780.35
1546148780.38
1546148780.41
1546148780.44
1546148780.48
1546148780.51
1546148780.55
1546148780.58
1546148780.61
1546148780.64
1546148780.68
1546148780.71
1546148780.74
1546148780.78
1546148780.81
1546148780.84
1546148780.88
1546148780.91
1546148780.94
1546148780.98
1546148781.01
1546148781.04
1546148781.08
1546148781.11
1546148781.14
1546148781.18
1546148781.21
1546148781.24
1546148781.28
1546148781.31
1546148781.34
1546148781.38
1546148781.41
1546148781.44
1546148781.48
1546148781.51
1546148781.55
1546148781.58
1546148781.61
1546148781.64
1546148781.68
1546148781.71
1546148781.74
1546148781.78
1546148781.81
1546148781.85
1546148781.88
1546148781.91
1546148781.94
1546148781.98
1546148782.01
1546148782.04
1546148782.08
1546148782.11
1546148782.14
1546148782.18
1546148782.21
1546148782.24
1546148782.28
1546148782.31
1546148782.34
1546148782.38
1546148782.41
1546148782.44
1546148782.48
1546148782.51
1546148782.54
1546148782.58
1546148782.61
1546148782.64
1546148782.68
1546148782.71
1546148782.74
1546148782.78
1546148782.81
1546148782.84
1546148782.88
1546148782.91
1546148782.94
1546148782.98
1546148783.01
1546148783.04
1546148783.08
1546148783.11
1546148783.14
1546148783.18
1546148783.21
1546148783.24
1546148783.28
1546148783.31
1546148783.35
1546148783.38
1546148783.41
1546148783.44
1546148783.48
1546148783.51
1546148783.54
1546148783.58
1546148783.61
1546148783.64
1546148783.68
1546148783.71
1546148783.74
1546148783.78
1546148783.81
1546148783.84
1546148783.88
1546148783.91
1546148783.94
1546148783.98
1546148784.01
1546148784.04
1546148784.08
1546148784.11
1546148784.14
1546148784.18
1546148784.21
1546148784.24
1546148784.28
1546148784.31
1546148784.34
1546148784.38
1546148784.41
1546148784.44
1546148784.48
1546148784.51
1546148784.54
1546148784.58
1546148784.61
1546148784.64
1546148784.68
1546148784.71
1546148784.74
1546148784.78
1546148784.81
1546148784.84
1546148784.88
1546148784.91
1546148784.94
1546148784.98
1546148785.01
1546148785.04
1546148785.08
1546148785.11
1546148785.14
1546148785.18
1546148785.21
1546148785.24
1546148785.28
1546148785.31
1546148785.34
1546148785.38
1546148785.41
1546148785.44
1546148785.48
1546148785.51
1546148785.54
1546148785.58
1546148785.61
1546148785.64
1546148785.68
1546148785.71
1546148785.74
1546148785.78
1546148785.81
1546148785.84
1546148785.88
1546148785.91
1546148785.94
1546148785.98
1546148786.01
1546148786.04
1546148786.08
1546148786.11
1546148786.14
1546148786.17
1546148786.21
1546148786.24
1546148786.28
1546148786.31
1546148786.34
1546148786.38
1546148786.41
1546148786.44
1546148786.47
1546148786.51
1546148786.54
1546148786.58
1546148786.61
1546148786.64
1546148786.67
1546148786.71
1546148786.74
1546148786.78
1546148786.81
1546148786.84
1546148786.88
1546148786.91
1546148786.94
1546148786.97
1546148787.01
1546148787.04
1546148787.08
1546148787.11
1546148787.14
1546148787.18
1546148787.21
1546148787.24
1546148787.28
1546148787.31
1546148787.34
1546148787.38
1546148787.41
1546148787.44
1546148787.48
1546148787.51
1546148787.54
1546148787.58
1546148787.61
1546148787.64
1546148787.68
1546148787.71
1546148787.74
1546148787.78
1546148787.81
1546148787.84
1546148787.88
1546148787.91
1546148787.94
1546148787.97
1546148788.01
1546148788.04
1546148788.08
1546148788.11
1546148788.14
1546148788.17
1546148788.21
1546148788.24
1546148788.28
1546148788.31
1546148788.34
1546148788.38
1546148788.41
1546148788.44
1546148788.47
1546148788.51
1546148788.54
1546148788.58
1546148788.61
1546148788.64
1546148788.67
1546148788.71
1546148788.74
1546148788.77
1546148788.81
1546148788.84
1546148788.87
1546148788.91
1546148788.94
1546148788.97
1546148789.01
1546148789.04
1546148789.08
1546148789.11
1546148789.14
1546148789.17
1546148789.21
1546148789.24
1546148789.27
1546148789.31
1546148789.34
1546148789.37
1546148789.41
1546148789.44
1546148789.47
1546148789.51
1546148789.54
1546148789.57
1546148789.61
1546148789.64
1546148789.67
1546148789.71
1546148789.74
1546148789.77
1546148789.81
1546148789.84
1546148789.87
1546148789.91
1546148789.94
1546148789.97
1546148790.01
1546148790.04
1546148790.07
1546148790.11
1546148790.14
1546148790.17
1546148790.21
1546148790.24
1546148790.27
1546148790.31
1546148790.34
1546148790.37
1546148790.41
1546148790.44
1546148790.47
1546148790.51
1546148790.54
1546148790.58
1546148790.61
1546148790.64
1546148790.67
1546148790.71
1546148790.74
1546148790.78
1546148790.81
1546148790.84
1546148790.87
1546148790.91
1546148790.94
1546148790.97
1546148791.01
1546148791.04
1546148791.08
1546148791.11
1546148791.14
1546148791.17
1546148791.21
1546148791.24
1546148791.27
1546148791.31
1546148791.34
1546148791.37
1546148791.41
1546148791.44
1546148791.47
1546148791.51
1546148791.54
1546148791.57
1546148791.61
1546148791.64
1546148791.67
1546148791.71
1546148791.74
1546148791.77
1546148791.81
1546148791.84
1546148791.87
1546148791.91
1546148791.94
1546148791.97
1546148792.01
1546148792.04
1546148792.07
1546148792.11
1546148792.14
1546148792.17
1546148792.21
1546148792.24
1546148792.27
1546148792.31
1546148792.34
1546148792.37
1546148792.41
1546148792.44
1546148792.47
1546148792.51
1546148792.54
1546148792.57
1546148792.61
1546148792.64
1546148792.67
1546148792.71
1546148792.74
1546148792.77
1546148792.81
1546148792.84
1546148792.87
1546148792.91
1546148792.94
1546148792.97
1546148793.01
1546148793.04
1546148793.07
1546148793.11
1546148793.14
1546148793.17
1546148793.21
1546148793.24
1546148793.27
1546148793.31
1546148793.34
1546148793.37
1546148793.41
1546148793.44
1546148793.47
1546148793.51
1546148793.54
1546148793.57
1546148793.61
1546148793.64
1546148793.67
1546148793.71
1546148793.74
1546148793.77
1546148793.81
1546148793.84
1546148793.87
1546148793.91
1546148793.94
1546148793.97
1546148794.01
1546148794.04
1546148794.07
1546148794.11
1546148794.14
1546148794.17
1546148794.21
1546148794.24
1546148794.27
1546148794.31
1546148794.34
1546148794.37
1546148794.41
1546148794.44
1546148794.47
1546148794.51
1546148794.54
1546148794.57
1546148794.61
1546148794.64
1546148794.67
1546148794.7
1546148794.74
1546148794.77
1546148794.81
1546148794.84
1546148794.87
1546148794.9
1546148794.94
1546148794.97
1546148795.0
1546148795.04
1546148795.07
1546148795.11
1546148795.14
1546148795.17
1546148795.2
1546148795.24
1546148795.27
1546148795.31
1546148795.34
1546148795.37
1546148795.4
1546148795.44
1546148795.47
1546148795.5
1546148795.54
1546148795.57
1546148795.6
1546148795.64
1546148795.67
1546148795.7
1546148795.74
1546148795.77
1546148795.8
1546148795.84
1546148795.87
1546148795.9
1546148795.94
1546148795.97
1546148796.0
1546148796.04
1546148796.07
1546148796.1
1546148796.14
1546148796.17
1546148796.2
1546148796.24
1546148796.27
1546148796.3
1546148796.34
1546148796.37
1546148796.4
1546148796.44
1546148796.47
1546148796.5
1546148796.54
1546148796.57
1546148796.6
1546148796.64
1546148796.67
1546148796.7
1546148796.74
1546148796.77
1546148796.8
1546148796.84
1546148796.87
1546148796.9
1546148796.94
1546148796.97
1546148797.0
1546148797.04
1546148797.07
1546148797.1
1546148797.14
1546148797.17
1546148797.2
1546148797.24
1546148797.27
1546148797.3
1546148797.34
1546148797.37
1546148797.4
1546148797.44
1546148797.47
1546148797.5
1546148797.54
1546148797.57
1546148797.6
1546148797.64
1546148797.67
1546148797.7
1546148797.74
1546148797.77
1546148797.8
1546148797.84
1546148797.87
1546148797.9
1546148797.94
1546148797.97
1546148798.0
1546148798.04
1546148798.07
1546148798.1
1546148798.14
1546148798.17
1546148798.2
1546148798.24
1546148798.27
1546148798.31
1546148798.34
1546148798.37
1546148798.41
1546148798.44
1546148798.47
1546148798.5
1546148798.54
1546148798.57
1546148798.61
1546148798.64
1546148798.67
1546148798.7
1546148798.74
1546148798.77
1546148798.8
1546148798.84
1546148798.87
1546148798.91
1546148798.94
1546148798.97
1546148799.0
1546148799.04
1546148799.07
1546148799.1
1546148799.14
1546148799.17
1546148799.2
1546148799.24
1546148799.27
1546148799.31
1546148799.34
1546148799.37
1546148799.41
1546148799.44
1546148799.47
1546148799.51
1546148799.54
1546148799.57
1546148799.61
1546148799.64
1546148799.67
1546148799.71
1546148799.74
1546148799.77
1546148799.81
1546148799.84
1546148799.87
1546148799.9
1546148799.94
1546148799.97
1546148800.01
1546148800.04
1546148800.07
1546148800.11
1546148800.14
1546148800.17
1546148800.2
1546148800.24
1546148800.27
1546148800.31
1546148800.34
1546148800.37
1546148800.41
1546148800.44
1546148800.47
1546148800.51
1546148800.54
1546148800.57
1546148800.61
1546148800.64
1546148800.67
1546148800.71
1546148800.74
1546148800.78
1546148800.81
1546148800.84
1546148800.87
1546148800.91
1546148800.94
1546148800.97
1546148801.01
1546148801.04
1546148801.08
1546148801.11
1546148801.14
1546148801.17
1546148801.21
1546148801.24
1546148801.27
1546148801.31
1546148801.34
1546148801.37
1546148801.41
1546148801.44
1546148801.47
1546148801.51
1546148801.54
1546148801.57
1546148801.61
1546148801.64
1546148801.67
1546148801.71
1546148801.74
1546148801.77
1546148801.81
1546148801.84
1546148801.87
1546148801.9
1546148801.93
1546148801.97
1546148802.0
1546148802.03
1546148802.07
1546148802.1
1546148802.13
1546148802.17
1546148802.2
1546148802.23
1546148802.27
1546148802.3
1546148802.33
1546148802.37
1546148802.4
1546148802.43
1546148802.46
1546148802.5
1546148802.53
1546148802.57
1546148802.6
1546148802.63
1546148802.66
1546148802.7
1546148802.73
1546148802.77
1546148802.8
1546148802.83
1546148802.87
1546148802.9
1546148802.93
1546148802.96
1546148803.0
1546148803.03
1546148803.07
1546148803.1
1546148803.13
1546148803.16
1546148803.2
1546148803.23
1546148803.27
1546148803.3
1546148803.33
1546148803.36
1546148803.4
1546148803.43
1546148803.46
1546148803.5
1546148803.53
1546148803.56
1546148803.6
1546148803.63
1546148803.66
1546148803.7
1546148803.73
1546148803.76
1546148803.8
1546148803.83
1546148803.86
1546148803.9
1546148803.93
1546148803.96
1546148804.0
1546148804.03
1546148804.07
1546148804.1
1546148804.13
1546148804.16
1546148804.2
1546148804.23
1546148804.27
1546148804.3
1546148804.33
1546148804.36
1546148804.4
1546148804.43
1546148804.46
1546148804.5
1546148804.53
1546148804.56
1546148804.6
1546148804.63
1546148804.66
1546148804.7
1546148804.73
1546148804.76
1546148804.8
1546148804.83
1546148804.87
1546148804.9
1546148804.93
1546148804.96
1546148805.0
1546148805.03
1546148805.07
1546148805.1
1546148805.13
1546148805.16
1546148805.2
1546148805.23
1546148805.26
1546148805.3
1546148805.33
1546148805.37
1546148805.4
1546148805.43
1546148805.46
1546148805.5
1546148805.53
1546148805.57
1546148805.6
1546148805.63
1546148805.66
1546148805.7
1546148805.73
1546148805.76
1546148805.8
1546148805.83
1546148805.86
1546148805.9
1546148805.93
1546148805.96
1546148806.0
1546148806.03
1546148806.06
1546148806.1
1546148806.13
1546148806.16
1546148806.2
1546148806.23
1546148806.26
1546148806.3
1546148806.33
1546148806.36
1546148806.4
1546148806.43
1546148806.46
1546148806.5
1546148806.53
1546148806.56
1546148806.6
1546148806.63
1546148806.66
1546148806.7
1546148806.73
1546148806.76
1546148806.8
1546148806.83
1546148806.86
1546148806.9
1546148806.93
1546148806.96
1546148807.0
1546148807.03
1546148807.06
1546148807.1
1546148807.13
1546148807.16
1546148807.2
1546148807.23
1546148807.26
1546148807.3
1546148807.33
1546148807.36
1546148807.4
1546148807.43
1546148807.46
1546148807.5
1546148807.53
1546148807.56
1546148807.6
1546148807.63
1546148807.66
1546148807.7
1546148807.73
1546148807.76
1546148807.8
1546148807.83
1546148807.86
1546148807.9
1546148807.93
1546148807.96
1546148808.0
1546148808.03
1546148808.06
1546148808.1
1546148808.13
1546148808.16
1546148808.2
1546148808.23
1546148808.26
1546148808.3
1546148808.33
1546148808.36
1546148808.4
1546148808.43
1546148808.46
1546148808.5
1546148808.53
1546148808.56
1546148808.6
1546148808.63
1546148808.66
1546148808.7
1546148808.73
1546148808.76
1546148808.8
1546148808.83
1546148808.86
1546148808.9
1546148808.93
1546148808.96
1546148809.0
1546148809.03
1546148809.06
1546148809.1
1546148809.13
1546148809.16
1546148809.2
1546148809.23
1546148809.26
1546148809.3
1546148809.33
1546148809.36
1546148809.4
1546148809.43
1546148809.46
1546148809.5
1546148809.53
1546148809.56
1546148809.6
1546148809.63
1546148809.66
1546148809.7
1546148809.73
1546148809.76
1546148809.8
1546148809.83
1546148809.86
1546148809.9
1546148809.93
1546148809.96
1546148810.0
1546148810.03
1546148810.06
1546148810.1
1546148810.13
1546148810.16
1546148810.19
1546148810.23
1546148810.26
1546148810.3
1546148810.33
1546148810.36
1546148810.39
1546148810.43
1546148810.46
1546148810.5
1546148810.53
1546148810.56
1546148810.6
1546148810.63
1546148810.66
1546148810.69
1546148810.73
1546148810.76
1546148810.8
1546148810.83
1546148810.86
1546148810.89
1546148810.93
1546148810.96
1546148810.99
1546148811.03
1546148811.06
1546148811.1
1546148811.13
1546148811.16
1546148811.19
1546148811.23
1546148811.26
1546148811.3
1546148811.33
1546148811.36
1546148811.39
1546148811.43
1546148811.46
1546148811.49
1546148811.53
1546148811.56
1546148811.59
1546148811.63
1546148811.66
1546148811.69
1546148811.73
1546148811.76
1546148811.79
1546148811.83
1546148811.86
1546148811.89
1546148811.93
1546148811.96
1546148811.99
1546148812.03
1546148812.06
1546148812.1
1546148812.13
1546148812.16
1546148812.19
1546148812.23
1546148812.26
1546148812.3
1546148812.33
1546148812.36
1546148812.4
1546148812.43
1546148812.46
1546148812.5
1546148812.53
1546148812.56
1546148812.6
1546148812.63
1546148812.66
1546148812.69
1546148812.73
1546148812.76
1546148812.8
1546148812.83
1546148812.86
1546148812.89
1546148812.93
1546148812.96
1546148812.99
1546148813.03
1546148813.06
1546148813.09
1546148813.13
1546148813.16
1546148813.19
1546148813.23
1546148813.26
1546148813.29
1546148813.33
1546148813.36
1546148813.39
1546148813.43
1546148813.46
1546148813.49
1546148813.53
1546148813.56
1546148813.59
1546148813.63
1546148813.66
1546148813.69
1546148813.73
1546148813.76
1546148813.79
1546148813.83
1546148813.86
1546148813.89
1546148813.93
1546148813.96
1546148813.99
1546148814.03
1546148814.06
1546148814.09
1546148814.13
1546148814.16
1546148814.19
1546148814.23
1546148814.26
1546148814.29
1546148814.33
1546148814.36
1546148814.39
1546148814.43
1546148814.46
1546148814.49
1546148814.53
1546148814.56
1546148814.59
1546148814.63
1546148814.66
1546148814.69
1546148814.73
1546148814.76
1546148814.79
1546148814.83
1546148814.86
1546148814.89
1546148814.93
1546148814.96
1546148814.99
1546148815.03
1546148815.06
1546148815.09
1546148815.13
1546148815.16
1546148815.19
1546148815.23
1546148815.26
1546148815.29
1546148815.33
1546148815.36
1546148815.39
1546148815.43
1546148815.46
1546148815.49
1546148815.53
1546148815.56
1546148815.59
1546148815.63
1546148815.66
1546148815.69
1546148815.73
1546148815.76
1546148815.79
1546148815.83
1546148815.86
1546148815.89
1546148815.93
1546148815.96
1546148815.99
1546148816.03
1546148816.06
1546148816.09
1546148816.13
1546148816.16
1546148816.19
1546148816.23
1546148816.26
1546148816.29
1546148816.33
1546148816.36
1546148816.39
1546148816.43
1546148816.46
1546148816.49
1546148816.53
1546148816.56
1546148816.59
1546148816.63
1546148816.66
1546148816.69
1546148816.73
1546148816.76
1546148816.79
1546148816.83
1546148816.86
1546148816.89
1546148816.93
1546148816.96
1546148816.99
1546148817.03
1546148817.06
1546148817.09
1546148817.13
1546148817.16
1546148817.19
1546148817.23
1546148817.26
1546148817.29
1546148817.33
1546148817.36
1546148817.39
1546148817.43
1546148817.46
1546148817.49
1546148817.53
1546148817.56
1546148817.59
1546148817.63
1546148817.66
1546148817.69
1546148817.72
1546148817.76
1546148817.79
1546148817.83
1546148817.86
1546148817.89
1546148817.93
1546148817.96
1546148817.99
1546148818.03
1546148818.06
1546148818.09
1546148818.13
1546148818.16
1546148818.19
1546148818.23
1546148818.26
1546148818.29
1546148818.33
1546148818.36
1546148818.39
1546148818.43
1546148818.46
1546148818.49
1546148818.53
1546148818.56
1546148818.59
1546148818.63
1546148818.66
1546148818.69
1546148818.73
1546148818.76
1546148818.79
1546148818.83
1546148818.86
1546148818.89
1546148818.93
1546148818.96
1546148818.99
1546148819.03
1546148819.06
1546148819.1
1546148819.13
1546148819.16
1546148819.19
1546148819.23
1546148819.26
1546148819.3
1546148819.33
1546148819.36
1546148819.39
1546148819.43
1546148819.46
1546148819.49
1546148819.53
1546148819.56
1546148819.59
1546148819.63
1546148819.66
1546148819.69
1546148819.73
1546148819.76
1546148819.79
1546148819.83
1546148819.86
1546148819.89
1546148819.93
1546148819.96
1546148819.99
1546148820.03
1546148820.06
1546148820.09
1546148820.13
1546148820.16
1546148820.19
1546148820.23
1546148820.26
1546148820.29
1546148820.33
1546148820.36
1546148820.39
1546148820.43
1546148820.46
1546148820.49
1546148820.53
1546148820.56
1546148820.59
1546148820.63
1546148820.66
1546148820.69
1546148820.73
1546148820.76
1546148820.79
1546148820.83
1546148820.86
1546148820.89
1546148820.93
1546148820.96
1546148820.99
1546148821.03
1546148821.06
1546148821.09
1546148821.13
1546148821.16
1546148821.19
1546148821.23
1546148821.26
1546148821.29
1546148821.33
1546148821.36
1546148821.39
1546148821.43
1546148821.46
1546148821.49
1546148821.53
1546148821.56
1546148821.59
1546148821.63
1546148821.66
1546148821.69
1546148821.73
1546148821.76
1546148821.79
1546148821.83
1546148821.86
1546148821.89
1546148821.93
1546148821.96
1546148821.99
1546148822.03
1546148822.06
1546148822.1
1546148822.13
1546148822.16
1546148822.19
1546148822.23
1546148822.26
1546148822.3
1546148822.33
1546148822.36
1546148822.39
1546148822.43
1546148822.46
1546148822.5
1546148822.53
1546148822.56
1546148822.6
1546148822.63
1546148822.66
1546148822.69
1546148822.73
1546148822.76
1546148822.8
1546148822.83
1546148822.86
1546148822.9
1546148822.93
1546148822.96
1546148823.0
1546148823.03
1546148823.06
1546148823.1
1546148823.13
1546148823.16
1546148823.2
1546148823.23
1546148823.26
1546148823.3
1546148823.33
1546148823.36
1546148823.4
1546148823.43
1546148823.46
1546148823.5
1546148823.53
1546148823.57
1546148823.6
1546148823.63
1546148823.66
1546148823.7
1546148823.73
1546148823.76
1546148823.8
1546148823.83
1546148823.86
1546148823.9
1546148823.93
1546148823.96
1546148824.0
1546148824.03
1546148824.06
1546148824.1
1546148824.13
1546148824.16
1546148824.2
1546148824.23
1546148824.26
1546148824.3
1546148824.33
1546148824.37
1546148824.4
1546148824.43
1546148824.46
1546148824.5
1546148824.53
1546148824.57
1546148824.6
1546148824.63
1546148824.66
1546148824.7
1546148824.73
1546148824.77
1546148824.8
1546148824.83
1546148824.87
1546148824.9
1546148824.93
1546148824.97
1546148825.0
1546148825.03
1546148825.07
1546148825.1
1546148825.13
1546148825.17
1546148825.2
1546148825.23
1546148825.27
1546148825.3
1546148825.33
1546148825.37
1546148825.39
1546148825.42
1546148825.46
1546148825.49
1546148825.53
1546148825.56
1546148825.59
1546148825.63
1546148825.66
1546148825.69
1546148825.72
1546148825.76
1546148825.79
1546148825.83
1546148825.86
1546148825.89
1546148825.92
1546148825.96
1546148825.99
1546148826.03
1546148826.06
1546148826.09
1546148826.12
1546148826.16
1546148826.19
1546148826.22
1546148826.26
1546148826.29
1546148826.32
1546148826.36
1546148826.39
1546148826.42
1546148826.46
1546148826.49
1546148826.53
1546148826.56
1546148826.59
1546148826.62
1546148826.66
1546148826.69
1546148826.72
1546148826.76
1546148826.79
1546148826.82
1546148826.86
1546148826.89
1546148826.92
1546148826.96
1546148826.99
1546148827.02
1546148827.06
1546148827.09
1546148827.12
1546148827.16
1546148827.19
1546148827.22
1546148827.26
1546148827.29
1546148827.32
1546148827.36
1546148827.39
1546148827.42
1546148827.46
1546148827.49
1546148827.53
1546148827.56
1546148827.59
1546148827.62
1546148827.66
1546148827.69
1546148827.72
1546148827.76
1546148827.79
1546148827.82
1546148827.86
1546148827.89
1546148827.92
1546148827.96
1546148827.99
1546148828.02
1546148828.06
1546148828.09
1546148828.12
1546148828.16
1546148828.19
1546148828.22
1546148828.26
1546148828.29
1546148828.33
1546148828.36
1546148828.39
1546148828.42
1546148828.46
1546148828.49
1546148828.52
1546148828.56
1546148828.59
1546148828.62
1546148828.66
1546148828.69
1546148828.72
1546148828.76
1546148828.79
1546148828.82
1546148828.86
1546148828.89
1546148828.92
1546148828.96
1546148828.99
1546148829.02
1546148829.06
1546148829.09
1546148829.12
1546148829.16
1546148829.19
1546148829.22
1546148829.26
1546148829.29
1546148829.32
1546148829.36
1546148829.39
1546148829.42
1546148829.46
1546148829.49
1546148829.52
1546148829.56
1546148829.59
1546148829.62
1546148829.66
1546148829.69
1546148829.72
1546148829.76
1546148829.79
1546148829.82
1546148829.86
1546148829.89
1546148829.92
1546148829.96
1546148829.99
1546148830.02
1546148830.06
1546148830.09
1546148830.12
1546148830.16
1546148830.19
1546148830.22
1546148830.26
1546148830.29
1546148830.32
1546148830.36
1546148830.39
1546148830.42
1546148830.46
1546148830.49
1546148830.52
1546148830.56
1546148830.59
1546148830.62
1546148830.66
1546148830.69
1546148830.72
1546148830.76
1546148830.79
1546148830.82
1546148830.86
1546148830.89
1546148830.92
1546148830.96
1546148830.99
1546148831.02
1546148831.06
1546148831.09
1546148831.12
1546148831.16
1546148831.19
1546148831.22
1546148831.26
1546148831.29
1546148831.32
1546148831.36
1546148831.39
1546148831.42
1546148831.45
1546148831.49
1546148831.52
1546148831.56
1546148831.59
1546148831.62
1546148831.65
1546148831.69
1546148831.72
1546148831.76
1546148831.79
1546148831.82
1546148831.86
1546148831.89
1546148831.92
1546148831.95
1546148831.99
1546148832.02
1546148832.06
1546148832.09
1546148832.12
1546148832.16
1546148832.19
1546148832.22
1546148832.26
1546148832.29
1546148832.32
1546148832.36
1546148832.39
1546148832.42
1546148832.46
1546148832.49
1546148832.52
1546148832.56
1546148832.59
1546148832.62
1546148832.66
1546148832.69
1546148832.72
1546148832.76
1546148832.79
1546148832.82
1546148832.86
1546148832.89
1546148832.92
1546148832.96
1546148832.99
1546148833.02
1546148833.06
1546148833.09
1546148833.12
1546148833.16
1546148833.19
1546148833.22
1546148833.26
1546148833.29
1546148833.32
1546148833.36
1546148833.39
1546148833.42
1546148833.46
1546148833.49
1546148833.52
1546148833.56
1546148833.59
1546148833.62
1546148833.66
1546148833.69
1546148833.72
1546148833.76
1546148833.79
1546148833.82
1546148833.86
1546148833.89
1546148833.92
1546148833.96
1546148833.99
1546148834.02
1546148834.06
1546148834.09
1546148834.12
1546148834.16
1546148834.19
1546148834.22
1546148834.26
1546148834.29
1546148834.32
1546148834.36
1546148834.39
1546148834.42
1546148834.46
1546148834.49
1546148834.52
1546148834.56
1546148834.59
1546148834.62
1546148834.66
1546148834.69
1546148834.72
1546148834.76
1546148834.79
1546148834.82
1546148834.86
1546148834.89
1546148834.92
1546148834.96
1546148834.99
1546148835.02
1546148835.06
1546148835.09
1546148835.12
1546148835.16
1546148835.19
1546148835.22
1546148835.26
1546148835.29
1546148835.33
1546148835.36
1546148835.39
1546148835.42
1546148835.46
1546148835.49
1546148835.52
1546148835.56
1546148835.59
1546148835.62
1546148835.66
1546148835.69
1546148835.72
1546148835.76
1546148835.79
1546148835.83
1546148835.86
1546148835.89
1546148835.92
1546148835.96
1546148835.99
1546148836.03
1546148836.06
1546148836.09
1546148836.12
1546148836.16
1546148836.19
1546148836.22
1546148836.26
1546148836.29
1546148836.32
1546148836.36
1546148836.39
1546148836.42
1546148836.46
1546148836.49
1546148836.52
1546148836.56
1546148836.59
1546148836.62
1546148836.66
1546148836.69
1546148836.72
1546148836.76
1546148836.79
1546148836.82
1546148836.86
1546148836.89
1546148836.92
1546148836.96
1546148836.99
1546148837.02
1546148837.06
1546148837.09
1546148837.12
1546148837.16
1546148837.19
1546148837.22
1546148837.26
1546148837.29
1546148837.32
1546148837.36
1546148837.39
1546148837.42
1546148837.46
1546148837.49
1546148837.52
1546148837.56
1546148837.59
1546148837.62
1546148837.66
1546148837.69
1546148837.72
1546148837.76
1546148837.79
1546148837.82
1546148837.86
1546148837.89
1546148837.92
1546148837.95
1546148837.99
1546148838.02
1546148838.06
1546148838.09
1546148838.12
1546148838.16
1546148838.19
1546148838.22
1546148838.26
1546148838.29
1546148838.32
1546148838.36
1546148838.39
1546148838.42
1546148838.45
1546148838.49
1546148838.52
1546148838.56
1546148838.59
1546148838.62
1546148838.65
1546148838.69
1546148838.72
1546148838.76
1546148838.79
1546148838.82
1546148838.85
1546148838.89
1546148838.92
1546148838.95
1546148838.99
1546148839.02
1546148839.05
1546148839.09
1546148839.12
1546148839.16
1546148839.19
1546148839.22
1546148839.26
1546148839.29
1546148839.32
1546148839.36
1546148839.39
1546148839.42
1546148839.45
1546148839.49
1546148839.52
1546148839.56
1546148839.59
1546148839.62
1546148839.65
1546148839.69
1546148839.72
1546148839.76
1546148839.79
1546148839.82
1546148839.85
1546148839.89
1546148839.92
1546148839.95
1546148839.99
1546148840.02
1546148840.05
1546148840.09
1546148840.12
1546148840.15
1546148840.19
1546148840.22
1546148840.25
1546148840.29
1546148840.32
1546148840.35
1546148840.39
1546148840.42
1546148840.45
1546148840.49
1546148840.52
1546148840.55
1546148840.59
1546148840.62
1546148840.65
1546148840.69
1546148840.72
1546148840.76
1546148840.79
1546148840.82
1546148840.86
1546148840.89
1546148840.92
1546148840.95
1546148840.99
1546148841.02
1546148841.05
1546148841.09
1546148841.12
1546148841.15
1546148841.19
1546148841.22
1546148841.25
1546148841.29
1546148841.32
1546148841.36
1546148841.39
1546148841.42
1546148841.45
1546148841.49
1546148841.52
1546148841.56
1546148841.59
1546148841.62
1546148841.65
1546148841.69
1546148841.72
1546148841.76
1546148841.79
1546148841.82
1546148841.85
1546148841.89
1546148841.92
1546148841.95
1546148841.99
1546148842.02
1546148842.05
1546148842.09
1546148842.12
1546148842.15
1546148842.19
1546148842.22
1546148842.25
1546148842.29
1546148842.32
1546148842.35
1546148842.39
1546148842.42
1546148842.45
1546148842.49
1546148842.52
1546148842.55
1546148842.59
1546148842.62
1546148842.65
1546148842.69
1546148842.72
1546148842.75
1546148842.79
1546148842.82
1546148842.85
1546148842.89
1546148842.92
1546148842.95
1546148842.99
1546148843.02
1546148843.05
1546148843.09
1546148843.12
1546148843.15
1546148843.19
1546148843.22
1546148843.25
1546148843.29
1546148843.32
1546148843.35
1546148843.39
1546148843.42
1546148843.45
1546148843.49
1546148843.52
1546148843.55
1546148843.59
1546148843.62
1546148843.65
1546148843.69
1546148843.72
1546148843.75
1546148843.79
1546148843.82
1546148843.85
1546148843.89
1546148843.92
1546148843.95
1546148843.99
1546148844.02
1546148844.05
1546148844.09
1546148844.12
1546148844.15
1546148844.19
1546148844.22
1546148844.25
1546148844.29
1546148844.32
1546148844.36
1546148844.39
1546148844.42
1546148844.45
1546148844.49
1546148844.52
1546148844.55
1546148844.59
1546148844.62
1546148844.65
1546148844.69
1546148844.72
1546148844.76
1546148844.79
1546148844.82
1546148844.85
1546148844.89
1546148844.92
1546148844.95
1546148844.99
1546148845.02
1546148845.05
1546148845.09
1546148845.12
1546148845.15
1546148845.19
1546148845.22
1546148845.25
1546148845.29
1546148845.32
1546148845.36
1546148845.39
1546148845.42
1546148845.45
1546148845.49
1546148845.52
1546148845.56
1546148845.59
1546148845.62
1546148845.65
1546148845.69
1546148845.72
1546148845.76
1546148845.79
1546148845.82
1546148845.86
1546148845.89
1546148845.92
1546148845.95
1546148845.99
1546148846.02
1546148846.06
1546148846.09
1546148846.12
1546148846.16
1546148846.19
1546148846.22
1546148846.26
1546148846.29
1546148846.32
1546148846.36
1546148846.39
1546148846.42
1546148846.46
1546148846.49
1546148846.52
1546148846.56
1546148846.59
1546148846.62
1546148846.66
1546148846.69
1546148846.72
1546148846.76
1546148846.79
1546148846.82
1546148846.86
1546148846.89
1546148846.92
1546148846.96
1546148846.99
1546148847.02
1546148847.06
1546148847.09
1546148847.12
1546148847.16
1546148847.19
1546148847.22
1546148847.26
1546148847.29
1546148847.32
1546148847.36
1546148847.39
1546148847.42
1546148847.46
1546148847.49
1546148847.52
1546148847.56
1546148847.59
1546148847.62
1546148847.66
1546148847.69
1546148847.72
1546148847.76
1546148847.79
1546148847.82
1546148847.86
1546148847.89
1546148847.92
1546148847.96
1546148847.99
1546148848.02
1546148848.06
1546148848.09
1546148848.12
1546148848.16
1546148848.19
1546148848.22
1546148848.26
1546148848.29
1546148848.32
1546148848.36
1546148848.39
1546148848.42
1546148848.46
1546148848.49
1546148848.52
1546148848.56
1546148848.59
1546148848.62
1546148848.66
1546148848.69
1546148848.72
1546148848.76
1546148848.79
1546148848.82
1546148848.85
1546148848.88
1546148848.92
1546148848.95
1546148848.98
1546148849.02
1546148849.05
1546148849.08
1546148849.12
1546148849.15
1546148849.18
1546148849.22
1546148849.25
1546148849.29
1546148849.32
1546148849.35
1546148849.38
1546148849.42
1546148849.45
1546148849.48
1546148849.52
1546148849.55
1546148849.58
1546148849.62
1546148849.65
1546148849.68
1546148849.72
1546148849.75
