1546149017.55
1546149017.7
1546149017.73
1546149017.76
1546149017.8
1546149017.82
1546149017.86
1546149017.88
1546149017.92
1546149017.95
1546149017.98
1546149018.01
1546149018.05
1546149018.08
1546149018.11
1546149018.15
1546149018.18
1546149018.21
1546149018.24
1546149018.28
1546149018.31
1546149018.35
1546149018.38
1546149018.41
1546149018.44
1546149018.48
1546149018.51
1546149018.55
1546149018.58
1546149018.61
1546149018.64
1546149018.68
1546149018.71
1546149018.74
1546149018.78
1546149018.81
1546149018.84
1546149018.88
1546149018.91
1546149018.94
1546149018.98
1546149019.01
1546149019.05
1546149019.08
1546149019.11
1546149019.14
1546149019.18
1546149019.21
1546149019.24
1546149019.28
1546149019.31
1546149019.35
1546149019.38
1546149019.41
1546149019.44
1546149019.48
1546149019.51
1546149019.55
1546149019.58
1546149019.61
1546149019.65
1546149019.68
1546149019.71
1546149019.75
1546149019.78
1546149019.81
1546149019.85
1546149019.88
1546149019.91
1546149019.95
1546149019.98
1546149020.01
1546149020.04
1546149020.08
1546149020.11
1546149020.14
1546149020.18
1546149020.21
1546149020.24
1546149020.28
1546149020.31
1546149020.35
1546149020.38
1546149020.41
1546149020.44
1546149020.48
1546149020.51
1546149020.54
1546149020.58
1546149020.61
1546149020.64
1546149020.68
1546149020.71
1546149020.74
1546149020.78
1546149020.81
1546149020.84
1546149020.88
1546149020.91
1546149020.94
1546149020.98
1546149021.01
1546149021.04
1546149021.08
1546149021.11
1546149021.14
1546149021.18
1546149021.21
1546149021.24
1546149021.28
1546149021.31
1546149021.34
1546149021.38
1546149021.41
1546149021.44
1546149021.48
1546149021.51
1546149021.54
1546149021.58
1546149021.61
1546149021.64
1546149021.68
1546149021.71
1546149021.74
1546149021.78
1546149021.81
1546149021.85
1546149021.88
1546149021.91
1546149021.94
1546149021.98
1546149022.01
1546149022.05
1546149022.08
1546149022.11
1546149022.14
1546149022.18
1546149022.21
1546149022.24
1546149022.28
1546149022.31
1546149022.35
1546149022.38
1546149022.41
1546149022.45
1546149022.48
1546149022.51
1546149022.55
1546149022.58
1546149022.61
1546149022.65
1546149022.68
1546149022.71
1546149022.75
1546149022.78
1546149022.81
1546149022.85
1546149022.88
1546149022.91
1546149022.95
1546149022.98
1546149023.01
1546149023.05
1546149023.08
1546149023.11
1546149023.15
1546149023.18
1546149023.21
1546149023.25
1546149023.28
1546149023.31
1546149023.35
1546149023.38
1546149023.41
1546149023.45
1546149023.48
1546149023.51
1546149023.55
1546149023.58
1546149023.61
1546149023.65
1546149023.68
1546149023.71
1546149023.75
1546149023.78
1546149023.81
1546149023.85
1546149023.88
1546149023.91
1546149023.95
1546149023.98
1546149024.01
1546149024.05
1546149024.08
1546149024.11
1546149024.15
1546149024.18
1546149024.21
1546149024.24
1546149024.28
1546149024.31
1546149024.35
1546149024.38
1546149024.41
1546149024.45
1546149024.48
1546149024.51
1546149024.55
1546149024.58
1546149024.61
1546149024.65
1546149024.68
1546149024.71
1546149024.75
1546149024.78
1546149024.81
1546149024.85
1546149024.88
1546149024.91
1546149024.94
1546149024.98
1546149025.01
1546149025.05
1546149025.08
1546149025.11
1546149025.15
1546149025.18
1546149025.21
1546149025.24
1546149025.28
1546149025.31
1546149025.35
1546149025.38
1546149025.41
1546149025.45
1546149025.48
1546149025.51
1546149025.55
1546149025.58
1546149025.61
1546149025.65
1546149025.68
1546149025.71
1546149025.75
1546149025.78
1546149025.81
1546149025.85
1546149025.88
1546149025.91
1546149025.95
1546149025.98
1546149026.01
1546149026.05
1546149026.08
1546149026.11
1546149026.15
1546149026.18
1546149026.21
1546149026.25
1546149026.28
1546149026.31
1546149026.35
1546149026.38
1546149026.41
1546149026.45
1546149026.48
1546149026.51
1546149026.55
1546149026.58
1546149026.61
1546149026.65
1546149026.68
1546149026.71
1546149026.75
1546149026.78
1546149026.81
1546149026.85
1546149026.88
1546149026.91
1546149026.95
1546149026.98
1546149027.02
1546149027.05
1546149027.08
1546149027.12
1546149027.15
1546149027.18
1546149027.22
1546149027.25
1546149027.28
1546149027.32
1546149027.35
1546149027.38
1546149027.42
1546149027.45
1546149027.48
1546149027.52
1546149027.55
1546149027.58
1546149027.62
1546149027.65
1546149027.68
1546149027.72
1546149027.75
1546149027.78
1546149027.82
1546149027.85
1546149027.88
1546149027.92
1546149027.95
1546149027.98
1546149028.02
1546149028.05
1546149028.08
1546149028.12
1546149028.15
1546149028.18
1546149028.22
1546149028.25
1546149028.28
1546149028.32
1546149028.35
1546149028.38
1546149028.42
1546149028.45
1546149028.48
1546149028.52
1546149028.55
1546149028.58
1546149028.62
1546149028.65
1546149028.68
1546149028.72
1546149028.75
1546149028.78
1546149028.82
1546149028.85
1546149028.88
1546149028.92
1546149028.95
1546149028.98
1546149029.02
1546149029.05
1546149029.08
1546149029.12
1546149029.15
1546149029.18
1546149029.22
1546149029.25
1546149029.28
1546149029.32
1546149029.35
1546149029.38
1546149029.42
1546149029.45
1546149029.48
1546149029.52
1546149029.55
1546149029.58
1546149029.62
1546149029.65
1546149029.68
1546149029.72
1546149029.75
1546149029.78
1546149029.82
1546149029.85
1546149029.88
1546149029.92
1546149029.95
1546149029.98
1546149030.02
1546149030.05
1546149030.09
1546149030.12
1546149030.15
1546149030.18
1546149030.22
1546149030.25
1546149030.29
1546149030.32
1546149030.35
1546149030.38
1546149030.41
1546149030.44
1546149030.48
1546149030.51
1546149030.55
1546149030.58
1546149030.61
1546149030.64
1546149030.68
1546149030.71
1546149030.75
1546149030.78
1546149030.81
1546149030.84
1546149030.88
1546149030.91
1546149030.94
1546149030.98
1546149031.01
1546149031.04
1546149031.08
1546149031.11
1546149031.14
1546149031.18
1546149031.21
1546149031.24
1546149031.28
1546149031.31
1546149031.34
1546149031.38
1546149031.41
1546149031.44
1546149031.48
1546149031.51
1546149031.54
1546149031.58
1546149031.61
1546149031.64
1546149031.68
1546149031.71
1546149031.74
1546149031.78
1546149031.81
1546149031.84
1546149031.88
1546149031.91
1546149031.94
1546149031.98
1546149032.01
1546149032.04
1546149032.08
1546149032.11
1546149032.14
1546149032.18
1546149032.21
1546149032.24
1546149032.28
1546149032.31
1546149032.34
1546149032.38
1546149032.41
1546149032.44
1546149032.48
1546149032.51
1546149032.54
1546149032.58
1546149032.61
1546149032.64
1546149032.68
1546149032.71
1546149032.74
1546149032.78
1546149032.81
1546149032.84
1546149032.88
1546149032.91
1546149032.94
1546149032.98
1546149033.01
1546149033.04
1546149033.08
1546149033.11
1546149033.14
1546149033.18
1546149033.21
1546149033.24
1546149033.28
1546149033.31
1546149033.34
1546149033.38
1546149033.41
1546149033.44
1546149033.48
1546149033.51
1546149033.54
1546149033.58
1546149033.61
1546149033.64
1546149033.68
1546149033.71
1546149033.74
1546149033.78
1546149033.81
1546149033.84
1546149033.88
1546149033.91
1546149033.94
1546149033.98
1546149034.01
1546149034.04
1546149034.08
1546149034.11
1546149034.14
1546149034.18
1546149034.21
1546149034.24
1546149034.28
1546149034.31
1546149034.34
1546149034.38
1546149034.41
1546149034.44
1546149034.48
1546149034.51
1546149034.54
1546149034.58
1546149034.61
1546149034.64
1546149034.68
1546149034.71
1546149034.74
1546149034.78
1546149034.81
1546149034.84
1546149034.88
1546149034.91
1546149034.94
1546149034.98
1546149035.01
1546149035.04
1546149035.08
1546149035.11
1546149035.14
1546149035.18
1546149035.21
1546149035.24
1546149035.28
1546149035.31
1546149035.34
1546149035.38
1546149035.41
1546149035.44
1546149035.48
1546149035.51
1546149035.54
1546149035.58
1546149035.61
1546149035.64
1546149035.68
1546149035.71
1546149035.74
1546149035.78
1546149035.81
1546149035.84
1546149035.88
1546149035.91
1546149035.94
1546149035.98
1546149036.01
1546149036.04
1546149036.08
1546149036.11
1546149036.14
1546149036.18
1546149036.21
1546149036.24
1546149036.28
1546149036.31
1546149036.34
1546149036.38
1546149036.41
1546149036.44
1546149036.48
1546149036.51
1546149036.54
1546149036.58
1546149036.61
1546149036.64
1546149036.68
1546149036.71
1546149036.74
1546149036.78
1546149036.81
1546149036.84
1546149036.88
1546149036.91
1546149036.94
1546149036.98
1546149037.01
1546149037.04
1546149037.08
1546149037.11
1546149037.14
1546149037.18
1546149037.21
1546149037.24
1546149037.28
1546149037.31
1546149037.34
1546149037.38
1546149037.41
1546149037.44
1546149037.47
1546149037.51
1546149037.54
1546149037.58
1546149037.61
1546149037.64
1546149037.67
1546149037.71
1546149037.74
1546149037.78
1546149037.81
1546149037.84
1546149037.88
1546149037.91
1546149037.94
1546149037.98
1546149038.01
1546149038.04
1546149038.08
1546149038.11
1546149038.14
1546149038.17
1546149038.21
1546149038.24
1546149038.28
1546149038.31
1546149038.34
1546149038.38
1546149038.41
1546149038.44
1546149038.47
1546149038.51
1546149038.54
1546149038.57
1546149038.61
1546149038.64
1546149038.67
1546149038.71
1546149038.74
1546149038.77
1546149038.81
1546149038.84
1546149038.88
1546149038.91
1546149038.94
1546149038.97
1546149039.01
1546149039.04
1546149039.08
1546149039.11
1546149039.14
1546149039.17
1546149039.21
1546149039.24
1546149039.28
1546149039.31
1546149039.34
1546149039.38
1546149039.41
1546149039.44
1546149039.47
1546149039.51
1546149039.54
1546149039.57
1546149039.61
1546149039.64
1546149039.67
1546149039.71
1546149039.74
1546149039.78
1546149039.81
1546149039.84
1546149039.87
1546149039.91
1546149039.94
1546149039.97
1546149040.01
1546149040.04
1546149040.07
1546149040.11
1546149040.14
1546149040.17
1546149040.21
1546149040.24
1546149040.27
1546149040.31
1546149040.34
1546149040.37
1546149040.41
1546149040.44
1546149040.47
1546149040.51
1546149040.54
1546149040.57
1546149040.61
1546149040.64
1546149040.67
1546149040.71
1546149040.74
1546149040.77
1546149040.81
1546149040.84
1546149040.87
1546149040.91
1546149040.94
1546149040.97
1546149041.01
1546149041.04
1546149041.07
1546149041.11
1546149041.14
1546149041.17
1546149041.21
1546149041.24
1546149041.27
1546149041.31
1546149041.34
1546149041.37
1546149041.41
1546149041.44
1546149041.47
1546149041.51
1546149041.54
1546149041.57
1546149041.61
1546149041.64
1546149041.67
1546149041.71
1546149041.74
1546149041.77
1546149041.81
1546149041.84
1546149041.87
1546149041.91
1546149041.94
1546149041.97
1546149042.01
1546149042.04
1546149042.07
1546149042.11
1546149042.14
1546149042.17
1546149042.2
1546149042.24
1546149042.27
1546149042.31
1546149042.34
1546149042.37
1546149042.41
1546149042.44
1546149042.47
1546149042.51
1546149042.54
1546149042.57
1546149042.6
1546149042.64
1546149042.67
1546149042.7
1546149042.74
1546149042.77
1546149042.8
1546149042.84
1546149042.87
1546149042.9
1546149042.94
1546149042.97
1546149043.0
1546149043.04
1546149043.07
1546149043.1
1546149043.14
1546149043.17
1546149043.2
1546149043.24
1546149043.27
1546149043.3
1546149043.34
1546149043.37
1546149043.4
1546149043.44
1546149043.47
1546149043.5
1546149043.54
1546149043.57
1546149043.6
1546149043.64
1546149043.67
1546149043.7
1546149043.74
1546149043.77
1546149043.8
1546149043.84
1546149043.87
1546149043.9
1546149043.94
1546149043.97
1546149044.0
1546149044.04
1546149044.07
1546149044.1
1546149044.14
1546149044.17
1546149044.2
1546149044.23
1546149044.27
1546149044.3
1546149044.34
1546149044.37
1546149044.4
1546149044.43
1546149044.47
1546149044.5
1546149044.54
1546149044.57
1546149044.6
1546149044.63
1546149044.67
1546149044.7
1546149044.74
1546149044.77
1546149044.8
1546149044.83
1546149044.87
1546149044.9
1546149044.93
1546149044.97
1546149045.0
1546149045.03
1546149045.07
1546149045.1
1546149045.13
1546149045.17
1546149045.2
1546149045.23
1546149045.27
1546149045.3
1546149045.33
1546149045.37
1546149045.4
1546149045.43
1546149045.47
1546149045.5
1546149045.54
1546149045.57
1546149045.6
1546149045.63
1546149045.67
1546149045.7
1546149045.73
1546149045.77
1546149045.8
1546149045.84
1546149045.87
1546149045.9
1546149045.93
1546149045.97
1546149046.0
1546149046.04
1546149046.07
1546149046.1
1546149046.13
1546149046.17
1546149046.2
1546149046.23
1546149046.27
1546149046.3
1546149046.33
1546149046.37
1546149046.4
1546149046.43
1546149046.47
1546149046.5
1546149046.53
1546149046.57
1546149046.6
1546149046.63
1546149046.67
1546149046.7
1546149046.73
1546149046.77
1546149046.8
1546149046.83
1546149046.87
1546149046.9
1546149046.93
1546149046.97
1546149047.0
1546149047.03
1546149047.07
1546149047.1
1546149047.13
1546149047.17
1546149047.2
1546149047.23
1546149047.27
1546149047.3
1546149047.33
1546149047.37
1546149047.4
1546149047.43
1546149047.47
1546149047.5
1546149047.53
1546149047.57
1546149047.6
1546149047.63
1546149047.67
1546149047.7
1546149047.73
1546149047.77
1546149047.8
1546149047.83
1546149047.87
1546149047.9
1546149047.93
1546149047.97
1546149048.0
1546149048.03
1546149048.07
1546149048.1
1546149048.13
1546149048.17
1546149048.2
1546149048.23
1546149048.27
1546149048.3
1546149048.33
1546149048.37
1546149048.4
1546149048.43
1546149048.47
1546149048.5
1546149048.53
1546149048.57
1546149048.6
1546149048.63
1546149048.66
1546149048.7
1546149048.73
1546149048.76
1546149048.8
1546149048.83
1546149048.87
1546149048.9
1546149048.93
1546149048.96
1546149049.0
1546149049.03
1546149049.07
1546149049.1
1546149049.13
1546149049.16
1546149049.2
1546149049.23
1546149049.26
1546149049.3
1546149049.33
1546149049.37
1546149049.4
1546149049.43
1546149049.46
1546149049.5
1546149049.53
1546149049.57
1546149049.6
1546149049.63
1546149049.66
1546149049.7
1546149049.73
1546149049.77
1546149049.8
1546149049.83
1546149049.87
1546149049.9
1546149049.93
1546149049.96
1546149050.0
1546149050.03
1546149050.07
1546149050.1
1546149050.13
1546149050.16
1546149050.2
1546149050.23
1546149050.27
1546149050.3
1546149050.33
1546149050.37
1546149050.4
1546149050.43
1546149050.47
1546149050.5
1546149050.53
1546149050.57
1546149050.6
1546149050.63
1546149050.67
1546149050.7
1546149050.73
1546149050.77
1546149050.8
1546149050.83
1546149050.87
1546149050.9
1546149050.93
1546149050.97
1546149051.0
1546149051.03
1546149051.07
1546149051.1
1546149051.13
1546149051.17
1546149051.2
1546149051.23
1546149051.27
1546149051.3
1546149051.33
1546149051.37
1546149051.4
1546149051.43
1546149051.47
1546149051.5
1546149051.53
1546149051.57
1546149051.6
1546149051.63
1546149051.67
1546149051.7
1546149051.73
1546149051.77
1546149051.8
1546149051.83
1546149051.87
1546149051.9
1546149051.93
1546149051.97
1546149052.0
1546149052.03
1546149052.07
1546149052.1
1546149052.13
1546149052.17
1546149052.2
1546149052.23
1546149052.27
1546149052.3
1546149052.34
1546149052.37
1546149052.4
1546149052.43
1546149052.47
1546149052.5
1546149052.53
1546149052.57
1546149052.6
1546149052.63
1546149052.67
1546149052.7
1546149052.73
1546149052.77
1546149052.8
1546149052.84
1546149052.87
1546149052.9
1546149052.93
1546149052.97
1546149053.0
1546149053.04
1546149053.07
1546149053.1
1546149053.14
1546149053.17
1546149053.2
1546149053.24
1546149053.27
1546149053.3
1546149053.34
1546149053.37
1546149053.4
1546149053.44
1546149053.47
1546149053.5
1546149053.54
1546149053.57
1546149053.6
1546149053.64
1546149053.67
1546149053.7
1546149053.74
1546149053.77
1546149053.8
1546149053.84
1546149053.87
1546149053.9
1546149053.94
1546149053.97
1546149054.01
1546149054.04
1546149054.07
1546149054.11
1546149054.14
1546149054.17
1546149054.2
1546149054.24
1546149054.27
1546149054.3
1546149054.33
1546149054.36
1546149054.4
1546149054.43
1546149054.46
1546149054.5
1546149054.53
1546149054.56
1546149054.6
1546149054.63
1546149054.66
1546149054.7
1546149054.73
1546149054.76
1546149054.8
1546149054.83
1546149054.86
1546149054.9
1546149054.93
1546149054.96
1546149055.0
1546149055.03
1546149055.06
1546149055.1
1546149055.13
1546149055.16
1546149055.2
1546149055.23
1546149055.26
1546149055.3
1546149055.33
1546149055.36
1546149055.4
1546149055.43
1546149055.46
1546149055.49
1546149055.53
1546149055.56
1546149055.6
1546149055.63
1546149055.66
1546149055.7
1546149055.73
1546149055.76
1546149055.8
1546149055.83
1546149055.86
1546149055.9
1546149055.93
1546149055.96
1546149056.0
1546149056.03
1546149056.06
1546149056.1
1546149056.13
1546149056.16
1546149056.19
1546149056.23
1546149056.26
1546149056.3
1546149056.33
1546149056.36
1546149056.39
1546149056.43
1546149056.46
1546149056.49
1546149056.53
1546149056.56
1546149056.6
1546149056.63
1546149056.66
1546149056.69
1546149056.73
1546149056.76
1546149056.8
1546149056.83
1546149056.86
1546149056.9
1546149056.93
1546149056.96
1546149056.99
1546149057.03
1546149057.06
1546149057.1
1546149057.13
1546149057.16
1546149057.19
1546149057.23
1546149057.26
1546149057.3
1546149057.33
1546149057.36
1546149057.39
1546149057.43
1546149057.46
1546149057.49
1546149057.53
1546149057.56
1546149057.59
1546149057.63
1546149057.66
1546149057.69
1546149057.73
1546149057.76
1546149057.8
1546149057.83
1546149057.86
1546149057.89
1546149057.93
1546149057.96
1546149057.99
1546149058.03
1546149058.06
1546149058.09
1546149058.13
1546149058.16
1546149058.19
1546149058.23
1546149058.26
1546149058.3
1546149058.33
1546149058.36
1546149058.39
1546149058.43
1546149058.46
1546149058.49
1546149058.53
1546149058.56
1546149058.59
1546149058.63
1546149058.66
1546149058.69
1546149058.73
1546149058.76
1546149058.79
1546149058.83
1546149058.86
1546149058.89
1546149058.93
1546149058.96
1546149058.99
1546149059.03
1546149059.06
1546149059.09
1546149059.13
1546149059.16
1546149059.19
1546149059.23
1546149059.26
1546149059.29
1546149059.33
1546149059.36
1546149059.39
1546149059.43
1546149059.46
1546149059.49
1546149059.53
1546149059.56
1546149059.59
1546149059.63
1546149059.66
1546149059.69
1546149059.73
1546149059.76
1546149059.79
1546149059.83
1546149059.86
1546149059.89
1546149059.93
1546149059.96
1546149059.99
1546149060.03
1546149060.06
1546149060.09
1546149060.13
1546149060.16
1546149060.19
1546149060.23
1546149060.26
1546149060.29
1546149060.33
1546149060.36
1546149060.39
1546149060.43
1546149060.46
1546149060.49
1546149060.53
1546149060.56
1546149060.59
1546149060.63
1546149060.66
1546149060.69
1546149060.73
1546149060.76
1546149060.79
1546149060.83
1546149060.86
1546149060.89
1546149060.93
1546149060.96
1546149060.99
1546149061.03
1546149061.06
1546149061.09
1546149061.12
1546149061.16
1546149061.19
1546149061.22
1546149061.26
1546149061.29
1546149061.33
1546149061.36
1546149061.39
1546149061.42
1546149061.46
1546149061.49
1546149061.53
1546149061.56
1546149061.59
1546149061.62
1546149061.66
1546149061.69
1546149061.73
1546149061.76
1546149061.79
1546149061.83
1546149061.86
1546149061.89
1546149061.93
1546149061.96
1546149061.99
1546149062.03
1546149062.06
1546149062.09
1546149062.12
1546149062.16
1546149062.19
1546149062.22
1546149062.26
1546149062.29
1546149062.32
1546149062.36
1546149062.39
1546149062.42
1546149062.46
1546149062.49
1546149062.53
1546149062.56
1546149062.59
1546149062.62
1546149062.66
1546149062.69
1546149062.72
1546149062.76
1546149062.79
1546149062.82
1546149062.86
1546149062.89
1546149062.92
1546149062.96
1546149062.99
1546149063.03
1546149063.06
1546149063.09
1546149063.12
1546149063.16
1546149063.19
1546149063.23
1546149063.26
1546149063.29
1546149063.33
1546149063.36
1546149063.39
1546149063.42
1546149063.46
1546149063.49
1546149063.53
1546149063.56
1546149063.59
1546149063.63
1546149063.66
1546149063.69
1546149063.73
1546149063.76
1546149063.79
1546149063.83
1546149063.86
1546149063.89
1546149063.93
1546149063.96
1546149063.99
1546149064.03
1546149064.06
1546149064.09
1546149064.13
1546149064.16
1546149064.19
1546149064.23
1546149064.26
1546149064.29
1546149064.33
1546149064.36
1546149064.39
1546149064.43
1546149064.46
1546149064.49
1546149064.53
1546149064.56
1546149064.59
1546149064.63
1546149064.66
1546149064.69
1546149064.73
1546149064.76
1546149064.79
1546149064.83
1546149064.86
1546149064.89
1546149064.93
1546149064.96
1546149064.99
1546149065.03
1546149065.06
1546149065.09
1546149065.13
1546149065.16
1546149065.19
1546149065.23
1546149065.26
1546149065.29
1546149065.33
1546149065.36
1546149065.39
1546149065.43
1546149065.46
1546149065.49
1546149065.53
1546149065.56
1546149065.59
1546149065.63
1546149065.66
1546149065.69
1546149065.72
1546149065.76
1546149065.79
1546149065.83
1546149065.86
1546149065.89
1546149065.92
1546149065.96
1546149065.99
1546149066.03
1546149066.06
1546149066.09
1546149066.13
1546149066.16
1546149066.19
1546149066.23
1546149066.26
1546149066.29
1546149066.33
1546149066.36
1546149066.39
1546149066.43
1546149066.46
1546149066.49
1546149066.53
1546149066.56
1546149066.59
1546149066.62
1546149066.66
1546149066.69
1546149066.73
1546149066.76
1546149066.79
1546149066.83
1546149066.86
1546149066.89
1546149066.93
1546149066.96
1546149066.99
1546149067.02
1546149067.06
1546149067.09
1546149067.12
1546149067.16
1546149067.19
1546149067.22
1546149067.26
1546149067.29
1546149067.33
1546149067.36
1546149067.39
1546149067.42
1546149067.46
1546149067.49
1546149067.52
1546149067.56
1546149067.59
1546149067.62
1546149067.66
1546149067.69
1546149067.72
1546149067.76
1546149067.79
1546149067.83
1546149067.86
1546149067.89
1546149067.92
1546149067.96
1546149067.99
1546149068.03
1546149068.06
1546149068.09
1546149068.12
1546149068.16
1546149068.19
1546149068.22
1546149068.26
1546149068.29
1546149068.33
1546149068.36
1546149068.39
1546149068.42
1546149068.46
1546149068.49
1546149068.53
1546149068.56
1546149068.59
1546149068.62
1546149068.66
1546149068.69
1546149068.72
1546149068.76
1546149068.79
1546149068.83
1546149068.86
1546149068.89
1546149068.92
1546149068.96
1546149068.99
1546149069.03
1546149069.06
1546149069.09
1546149069.13
1546149069.16
1546149069.19
1546149069.22
1546149069.26
1546149069.29
1546149069.33
1546149069.36
1546149069.39
1546149069.42
1546149069.46
1546149069.49
1546149069.53
1546149069.56
1546149069.59
1546149069.63
1546149069.66
1546149069.69
1546149069.73
1546149069.76
1546149069.79
1546149069.83
1546149069.86
1546149069.89
1546149069.92
1546149069.96
1546149069.99
1546149070.03
1546149070.06
1546149070.09
1546149070.12
1546149070.16
1546149070.19
1546149070.22
1546149070.26
1546149070.29
1546149070.33
1546149070.36
1546149070.39
1546149070.42
1546149070.46
1546149070.49
1546149070.53
1546149070.56
1546149070.59
1546149070.62
1546149070.66
1546149070.69
1546149070.72
1546149070.76
1546149070.79
1546149070.83
1546149070.86
1546149070.89
1546149070.92
1546149070.96
1546149070.99
1546149071.02
1546149071.06
1546149071.09
1546149071.12
1546149071.16
1546149071.19
1546149071.22
1546149071.26
1546149071.29
1546149071.33
1546149071.36
1546149071.39
1546149071.42
1546149071.46
1546149071.49
1546149071.53
1546149071.56
1546149071.59
1546149071.62
1546149071.66
1546149071.69
1546149071.72
1546149071.76
1546149071.79
1546149071.82
1546149071.86
1546149071.89
1546149071.92
1546149071.96
1546149071.99
1546149072.02
1546149072.06
1546149072.09
1546149072.12
1546149072.16
1546149072.19
1546149072.22
1546149072.26
1546149072.29
1546149072.32
1546149072.36
1546149072.39
1546149072.42
1546149072.46
1546149072.49
1546149072.53
1546149072.56
1546149072.59
1546149072.62
1546149072.66
1546149072.69
1546149072.72
1546149072.76
1546149072.79
1546149072.82
1546149072.86
1546149072.89
1546149072.92
1546149072.96
1546149072.99
1546149073.02
1546149073.06
1546149073.09
1546149073.12
1546149073.16
1546149073.19
1546149073.22
1546149073.26
1546149073.29
1546149073.33
1546149073.36
1546149073.39
1546149073.42
1546149073.46
1546149073.49
1546149073.52
1546149073.56
1546149073.59
1546149073.62
1546149073.66
1546149073.69
1546149073.72
1546149073.76
1546149073.79
1546149073.83
1546149073.86
1546149073.89
1546149073.92
1546149073.96
1546149073.99
1546149074.03
1546149074.06
1546149074.09
1546149074.13
1546149074.16
1546149074.19
1546149074.23
1546149074.26
1546149074.29
1546149074.33
1546149074.36
1546149074.39
1546149074.43
1546149074.46
1546149074.49
1546149074.53
1546149074.56
1546149074.59
1546149074.63
1546149074.66
1546149074.69
1546149074.72
1546149074.76
1546149074.79
1546149074.83
1546149074.86
1546149074.89
1546149074.93
1546149074.96
1546149074.99
1546149075.03
1546149075.06
1546149075.09
1546149075.13
1546149075.16
1546149075.19
1546149075.22
1546149075.26
1546149075.29
1546149075.33
1546149075.36
1546149075.39
1546149075.43
1546149075.46
1546149075.49
1546149075.53
1546149075.56
1546149075.59
1546149075.63
1546149075.66
1546149075.69
1546149075.73
1546149075.76
1546149075.79
1546149075.83
1546149075.86
1546149075.89
1546149075.93
1546149075.96
1546149075.99
1546149076.03
1546149076.06
1546149076.09
1546149076.13
1546149076.16
1546149076.19
1546149076.23
1546149076.26
1546149076.29
1546149076.33
1546149076.36
1546149076.39
1546149076.43
1546149076.46
1546149076.49
1546149076.53
1546149076.56
1546149076.59
1546149076.63
1546149076.66
1546149076.69
1546149076.73
1546149076.76
1546149076.8
1546149076.83
1546149076.86
1546149076.89
1546149076.93
1546149076.96
1546149076.99
1546149077.03
1546149077.06
1546149077.09
1546149077.13
1546149077.16
1546149077.19
1546149077.23
1546149077.26
1546149077.3
1546149077.33
1546149077.36
1546149077.39
1546149077.43
1546149077.46
1546149077.49
1546149077.53
1546149077.56
1546149077.6
1546149077.63
1546149077.66
1546149077.69
1546149077.73
1546149077.76
1546149077.8
1546149077.83
1546149077.86
1546149077.89
1546149077.93
1546149077.96
1546149077.99
1546149078.03
1546149078.06
1546149078.09
1546149078.12
1546149078.15
1546149078.19
1546149078.22
1546149078.25
1546149078.29
1546149078.32
1546149078.35
1546149078.39
1546149078.42
1546149078.45
1546149078.49
1546149078.52
1546149078.55
1546149078.59
1546149078.62
1546149078.65
1546149078.69
1546149078.72
1546149078.75
1546149078.79
1546149078.82
1546149078.85
1546149078.89
1546149078.92
1546149078.95
1546149078.99
1546149079.02
1546149079.05
1546149079.09
1546149079.12
1546149079.15
1546149079.19
1546149079.22
1546149079.25
1546149079.29
1546149079.32
1546149079.35
1546149079.39
1546149079.42
1546149079.45
1546149079.49
1546149079.52
1546149079.55
1546149079.59
1546149079.62
1546149079.65
1546149079.69
1546149079.72
1546149079.75
1546149079.79
1546149079.82
1546149079.85
1546149079.89
1546149079.92
1546149079.95
1546149079.99
1546149080.02
1546149080.05
1546149080.09
1546149080.12
1546149080.15
1546149080.19
1546149080.22
1546149080.25
1546149080.29
1546149080.32
1546149080.35
1546149080.39
1546149080.42
1546149080.45
1546149080.49
1546149080.52
1546149080.55
1546149080.59
1546149080.62
1546149080.65
1546149080.69
1546149080.72
1546149080.75
1546149080.79
1546149080.82
1546149080.85
1546149080.89
1546149080.92
1546149080.95
1546149080.99
1546149081.02
1546149081.05
1546149081.09
1546149081.12
1546149081.15
1546149081.19
1546149081.22
1546149081.25
1546149081.29
1546149081.32
1546149081.35
1546149081.39
1546149081.42
1546149081.45
1546149081.49
1546149081.52
1546149081.55
1546149081.59
1546149081.62
1546149081.65
1546149081.68
1546149081.72
1546149081.75
1546149081.79
1546149081.82
1546149081.85
1546149081.88
1546149081.92
1546149081.95
1546149081.98
1546149082.02
1546149082.05
1546149082.09
1546149082.12
1546149082.15
1546149082.18
1546149082.22
1546149082.25
1546149082.28
1546149082.32
1546149082.35
1546149082.38
1546149082.42
1546149082.45
1546149082.49
1546149082.52
1546149082.55
1546149082.59
1546149082.62
1546149082.65
1546149082.68
1546149082.72
1546149082.75
1546149082.79
1546149082.82
1546149082.85
1546149082.88
1546149082.92
1546149082.95
1546149082.98
1546149083.02
1546149083.05
1546149083.08
1546149083.12
1546149083.15
1546149083.18
1546149083.22
1546149083.25
1546149083.29
1546149083.32
1546149083.35
1546149083.38
1546149083.42
1546149083.45
1546149083.48
1546149083.52
1546149083.55
1546149083.58
1546149083.62
1546149083.65
1546149083.68
1546149083.72
1546149083.75
1546149083.78
1546149083.82
1546149083.85
1546149083.88
1546149083.92
1546149083.95
1546149083.98
1546149084.02
1546149084.05
1546149084.09
1546149084.12
1546149084.15
1546149084.18
1546149084.22
1546149084.25
1546149084.28
1546149084.32
1546149084.35
1546149084.38
1546149084.42
1546149084.45
1546149084.48
1546149084.52
1546149084.55
1546149084.58
1546149084.62
1546149084.65
1546149084.68
1546149084.72
1546149084.75
1546149084.78
1546149084.82
1546149084.85
1546149084.88
1546149084.92
1546149084.95
1546149084.99
1546149085.02
1546149085.05
1546149085.09
1546149085.12
1546149085.15
1546149085.18
1546149085.22
1546149085.25
1546149085.28
1546149085.32
1546149085.35
1546149085.38
1546149085.42
1546149085.45
1546149085.48
1546149085.52
1546149085.55
1546149085.58
1546149085.62
1546149085.65
1546149085.68
1546149085.72
1546149085.75
1546149085.78
1546149085.82
1546149085.85
1546149085.88
1546149085.92
1546149085.95
1546149085.98
1546149086.02
1546149086.05
1546149086.08
1546149086.12
1546149086.15
1546149086.18
1546149086.22
1546149086.25
1546149086.28
1546149086.32
1546149086.35
1546149086.38
1546149086.42
1546149086.45
1546149086.48
1546149086.52
1546149086.55
1546149086.58
1546149086.62
1546149086.65
1546149086.68
1546149086.72
1546149086.75
1546149086.78
1546149086.82
1546149086.85
1546149086.88
1546149086.92
1546149086.95
1546149086.98
1546149087.02
1546149087.05
1546149087.08
1546149087.12
1546149087.15
1546149087.18
1546149087.22
1546149087.25
1546149087.28
1546149087.32
1546149087.35
1546149087.38
1546149087.42
1546149087.45
1546149087.48
1546149087.52
1546149087.55
1546149087.58
1546149087.62
1546149087.65
1546149087.68
1546149087.72
1546149087.75
1546149087.78
1546149087.82
1546149087.85
1546149087.88
1546149087.91
1546149087.95
1546149087.98
1546149088.02
1546149088.05
1546149088.08
1546149088.12
1546149088.15
1546149088.18
1546149088.22
1546149088.25
1546149088.28
1546149088.32
1546149088.35
1546149088.38
1546149088.41
1546149088.45
1546149088.48
1546149088.52
1546149088.55
1546149088.58
1546149088.62
1546149088.65
1546149088.68
1546149088.72
1546149088.75
1546149088.78
1546149088.82
1546149088.85
1546149088.88
1546149088.91
1546149088.95
1546149088.98
1546149089.02
1546149089.05
1546149089.08
1546149089.12
1546149089.15
1546149089.18
1546149089.21
1546149089.25
1546149089.28
1546149089.31
1546149089.35
1546149089.38
1546149089.41
1546149089.45
1546149089.48
1546149089.51
1546149089.55
1546149089.58
1546149089.62
1546149089.65
1546149089.68
1546149089.71
1546149089.75
1546149089.78
1546149089.82
1546149089.85
1546149089.88
1546149089.91
1546149089.95
1546149089.98
1546149090.01
1546149090.05
1546149090.08
1546149090.11
1546149090.15
1546149090.18
1546149090.21
1546149090.25
1546149090.28
1546149090.31
1546149090.35
1546149090.38
1546149090.42
1546149090.45
1546149090.48
1546149090.51
1546149090.55
1546149090.58
1546149090.61
1546149090.65
1546149090.68
1546149090.71
1546149090.75
1546149090.78
1546149090.81
1546149090.85
1546149090.88
1546149090.91
1546149090.95
1546149090.98
1546149091.01
1546149091.05
1546149091.08
1546149091.11
1546149091.15
1546149091.18
1546149091.21
1546149091.24
1546149091.28
1546149091.31
1546149091.35
1546149091.38
1546149091.41
1546149091.44
1546149091.48
1546149091.51
1546149091.55
1546149091.58
1546149091.61
1546149091.64
1546149091.68
1546149091.71
1546149091.74
1546149091.78
1546149091.81
1546149091.85
1546149091.88
1546149091.91
1546149091.94
1546149091.98
1546149092.01
1546149092.05
1546149092.08
1546149092.11
1546149092.15
1546149092.18
1546149092.21
1546149092.24
1546149092.28
1546149092.31
1546149092.35
1546149092.38
1546149092.41
1546149092.45
1546149092.48
1546149092.51
1546149092.55
1546149092.58
1546149092.61
1546149092.65
1546149092.68
1546149092.71
1546149092.75
1546149092.78
1546149092.81
1546149092.85
1546149092.88
1546149092.91
1546149092.95
1546149092.98
1546149093.01
1546149093.05
1546149093.08
1546149093.11
1546149093.15
1546149093.18
1546149093.21
1546149093.25
1546149093.28
1546149093.31
1546149093.35
1546149093.38
1546149093.41
1546149093.44
1546149093.48
1546149093.51
1546149093.55
1546149093.58
1546149093.61
1546149093.65
1546149093.68
1546149093.71
1546149093.75
1546149093.78
1546149093.81
1546149093.85
1546149093.88
1546149093.91
1546149093.94
1546149093.98
1546149094.01
1546149094.05
1546149094.08
1546149094.11
1546149094.15
1546149094.18
1546149094.21
1546149094.25
1546149094.28
1546149094.31
1546149094.35
1546149094.38
1546149094.41
1546149094.45
1546149094.48
1546149094.51
1546149094.55
1546149094.58
1546149094.61
1546149094.65
1546149094.68
1546149094.71
1546149094.75
1546149094.78
1546149094.81
1546149094.85
1546149094.88
1546149094.91
1546149094.95
1546149094.98
1546149095.01
1546149095.05
1546149095.08
1546149095.11
1546149095.15
1546149095.18
1546149095.21
1546149095.25
1546149095.28
1546149095.31
1546149095.35
1546149095.38
1546149095.41
1546149095.45
1546149095.48
1546149095.51
1546149095.55
1546149095.58
1546149095.61
1546149095.65
1546149095.68
1546149095.71
1546149095.75
1546149095.78
1546149095.81
1546149095.85
1546149095.88
1546149095.91
1546149095.95
1546149095.98
1546149096.01
1546149096.05
1546149096.08
1546149096.11
1546149096.15
1546149096.18
1546149096.21
1546149096.25
1546149096.28
1546149096.31
1546149096.35
1546149096.38
1546149096.41
1546149096.45
1546149096.48
1546149096.52
1546149096.55
1546149096.58
1546149096.61
1546149096.65
1546149096.68
1546149096.71
1546149096.75
1546149096.78
1546149096.81
1546149096.85
1546149096.88
1546149096.91
1546149096.95
1546149096.98
1546149097.01
1546149097.05
1546149097.08
1546149097.11
1546149097.15
1546149097.18
1546149097.21
1546149097.25
1546149097.28
1546149097.31
1546149097.35
1546149097.38
1546149097.41
1546149097.45
1546149097.48
1546149097.51
1546149097.55
1546149097.58
1546149097.61
1546149097.65
1546149097.68
1546149097.71
1546149097.75
1546149097.78
1546149097.82
1546149097.85
1546149097.88
1546149097.91
1546149097.95
1546149097.98
1546149098.02
1546149098.05
1546149098.08
1546149098.12
1546149098.15
1546149098.18
1546149098.22
1546149098.25
1546149098.28
1546149098.32
1546149098.35
1546149098.38
1546149098.42
1546149098.45
1546149098.48
1546149098.52
1546149098.55
1546149098.58
1546149098.62
1546149098.65
1546149098.68
1546149098.71
1546149098.75
1546149098.78
1546149098.82
1546149098.85
1546149098.88
1546149098.92
1546149098.95
1546149098.98
1546149099.02
1546149099.05
1546149099.08
1546149099.12
1546149099.15
1546149099.18
1546149099.22
1546149099.25
1546149099.28
1546149099.32
1546149099.35
1546149099.38
1546149099.42
1546149099.45
1546149099.48
1546149099.52
1546149099.55
1546149099.58
1546149099.62
1546149099.65
1546149099.68
1546149099.72
1546149099.75
1546149099.78
1546149099.82
1546149099.85
1546149099.88
1546149099.92
1546149099.95
1546149099.98
1546149100.02
1546149100.05
1546149100.08
1546149100.12
1546149100.15
1546149100.18
1546149100.22
1546149100.25
1546149100.28
1546149100.32
1546149100.35
1546149100.38
1546149100.42
1546149100.45
1546149100.48
1546149100.52
1546149100.55
1546149100.58
1546149100.62
1546149100.65
1546149100.68
1546149100.72
1546149100.75
1546149100.78
1546149100.82
1546149100.85
1546149100.88
1546149100.92
1546149100.95
1546149100.98
1546149101.02
1546149101.05
1546149101.08
1546149101.12
1546149101.15
1546149101.18
1546149101.22
1546149101.25
1546149101.28
1546149101.32
1546149101.35
1546149101.38
1546149101.42
1546149101.45
1546149101.48
1546149101.52
1546149101.55
1546149101.58
1546149101.62
1546149101.65
1546149101.68
1546149101.71
1546149101.74
1546149101.78
1546149101.81
1546149101.84
1546149101.88
1546149101.91
1546149101.94
1546149101.98
1546149102.01
1546149102.04
1546149102.08
1546149102.11
1546149102.14
1546149102.18
1546149102.21
1546149102.24
1546149102.28
1546149102.31
1546149102.34
1546149102.38
1546149102.41
1546149102.44
1546149102.48
1546149102.51
1546149102.54
1546149102.58
1546149102.61
1546149102.64
1546149102.68
1546149102.71
1546149102.74
1546149102.78
1546149102.81
1546149102.84
1546149102.88
1546149102.91
1546149102.94
1546149102.97
1546149103.01
1546149103.04
1546149103.08
1546149103.11
1546149103.14
1546149103.18
1546149103.21
1546149103.24
1546149103.28
1546149103.31
1546149103.34
1546149103.38
1546149103.41
1546149103.44
1546149103.48
1546149103.51
1546149103.54
1546149103.58
1546149103.61
1546149103.64
1546149103.67
1546149103.71
1546149103.74
1546149103.77
1546149103.81
1546149103.84
1546149103.87
1546149103.91
1546149103.94
1546149103.97
1546149104.01
1546149104.04
1546149104.07
1546149104.11
1546149104.14
1546149104.17
1546149104.21
1546149104.24
1546149104.27
1546149104.31
1546149104.34
1546149104.37
1546149104.41
1546149104.44
1546149104.47
1546149104.51
1546149104.54
1546149104.57
1546149104.61
1546149104.64
1546149104.67
1546149104.71
1546149104.74
1546149104.77
1546149104.81
1546149104.84
1546149104.87
1546149104.91
1546149104.94
1546149104.97
1546149105.01
1546149105.04
1546149105.07
1546149105.11
1546149105.14
1546149105.17
1546149105.21
1546149105.24
1546149105.27
1546149105.31
1546149105.34
1546149105.37
1546149105.41
1546149105.44
1546149105.47
1546149105.51
1546149105.54
1546149105.57
1546149105.61
1546149105.64
1546149105.67
1546149105.7
1546149105.74
1546149105.77
1546149105.81
1546149105.84
1546149105.87
1546149105.9
1546149105.94
1546149105.97
1546149106.01
1546149106.04
1546149106.07
1546149106.11
1546149106.14
1546149106.17
1546149106.21
1546149106.24
1546149106.27
1546149106.3
1546149106.34
1546149106.37
1546149106.4
1546149106.44
1546149106.47
1546149106.51
1546149106.54
1546149106.57
1546149106.61
1546149106.64
1546149106.67
1546149106.7
1546149106.74
1546149106.77
1546149106.81
1546149106.84
1546149106.87
1546149106.9
1546149106.94
1546149106.97
1546149107.01
1546149107.04
1546149107.07
1546149107.1
1546149107.14
1546149107.17
1546149107.2
1546149107.24
1546149107.27
1546149107.31
1546149107.34
1546149107.37
1546149107.4
1546149107.44
1546149107.47
1546149107.51
1546149107.54
1546149107.57
1546149107.61
1546149107.64
1546149107.67
1546149107.7
1546149107.74
1546149107.77
1546149107.81
1546149107.84
1546149107.87
1546149107.9
1546149107.94
1546149107.97
1546149108.0
1546149108.04
1546149108.07
1546149108.11
1546149108.14
1546149108.17
1546149108.2
1546149108.24
1546149108.27
1546149108.3
1546149108.34
1546149108.37
1546149108.4
1546149108.44
1546149108.47
1546149108.5
1546149108.54
1546149108.57
1546149108.6
1546149108.64
1546149108.67
1546149108.7
1546149108.74
1546149108.77
1546149108.8
1546149108.84
1546149108.87
1546149108.9
1546149108.94
1546149108.97
1546149109.0
1546149109.04
1546149109.07
1546149109.1
1546149109.14
1546149109.17
1546149109.2
1546149109.24
1546149109.27
1546149109.3
1546149109.34
1546149109.37
1546149109.4
1546149109.44
1546149109.47
1546149109.5
1546149109.54
1546149109.57
1546149109.6
1546149109.64
1546149109.67
1546149109.7
1546149109.74
1546149109.77
1546149109.8
1546149109.84
1546149109.87
1546149109.9
1546149109.94
1546149109.97
1546149110.0
1546149110.04
1546149110.07
1546149110.1
1546149110.14
1546149110.17
1546149110.2
1546149110.24
1546149110.27
1546149110.3
1546149110.34
1546149110.37
1546149110.4
1546149110.44
1546149110.47
1546149110.5
1546149110.54
1546149110.57
1546149110.6
1546149110.64
1546149110.67
1546149110.7
1546149110.74
1546149110.77
1546149110.8
1546149110.84
1546149110.87
1546149110.9
1546149110.94
1546149110.97
1546149111.0
1546149111.04
1546149111.07
1546149111.1
1546149111.14
1546149111.17
1546149111.2
1546149111.24
1546149111.27
1546149111.31
1546149111.34
1546149111.37
1546149111.4
1546149111.44
1546149111.47
1546149111.5
1546149111.54
1546149111.57
1546149111.6
1546149111.64
1546149111.67
1546149111.7
1546149111.74
1546149111.77
1546149111.8
1546149111.84
1546149111.87
1546149111.9
1546149111.94
1546149111.97
1546149112.0
1546149112.04
1546149112.07
1546149112.1
1546149112.14
1546149112.17
1546149112.2
1546149112.24
1546149112.27
1546149112.3
1546149112.34
1546149112.37
1546149112.4
1546149112.44
1546149112.47
1546149112.51
1546149112.54
1546149112.57
1546149112.61
1546149112.64
1546149112.67
1546149112.7
1546149112.74
1546149112.77
1546149112.8
1546149112.84
1546149112.87
1546149112.9
1546149112.94
1546149112.97
1546149113.0
1546149113.04
1546149113.07
1546149113.1
1546149113.14
1546149113.17
1546149113.2
1546149113.24
1546149113.27
1546149113.3
1546149113.34
1546149113.37
1546149113.4
1546149113.44
1546149113.47
1546149113.5
1546149113.54
1546149113.57
1546149113.6
1546149113.64
1546149113.67
1546149113.7
1546149113.74
1546149113.77
1546149113.8
1546149113.84
1546149113.87
1546149113.9
1546149113.94
1546149113.97
1546149114.0
1546149114.04
1546149114.07
1546149114.1
1546149114.14
1546149114.17
1546149114.2
1546149114.24
1546149114.27
1546149114.31
1546149114.34
1546149114.37
1546149114.4
1546149114.44
1546149114.47
1546149114.51
1546149114.54
1546149114.57
1546149114.6
1546149114.64
1546149114.67
1546149114.7
1546149114.74
1546149114.77
1546149114.81
1546149114.84
1546149114.87
1546149114.9
1546149114.94
1546149114.97
1546149115.0
1546149115.04
1546149115.07
1546149115.1
1546149115.14
1546149115.17
1546149115.2
1546149115.24
1546149115.27
1546149115.3
1546149115.34
1546149115.37
1546149115.4
1546149115.44
1546149115.47
1546149115.5
1546149115.54
1546149115.57
1546149115.6
1546149115.64
1546149115.67
1546149115.7
1546149115.74
1546149115.77
1546149115.81
1546149115.84
1546149115.87
1546149115.9
1546149115.94
1546149115.97
1546149116.01
1546149116.04
1546149116.07
1546149116.11
1546149116.14
1546149116.17
1546149116.2
1546149116.24
1546149116.27
1546149116.3
1546149116.34
1546149116.37
1546149116.4
1546149116.44
1546149116.47
1546149116.5
1546149116.54
1546149116.57
1546149116.6
1546149116.64
1546149116.67
1546149116.7
1546149116.74
1546149116.77
1546149116.8
1546149116.84
1546149116.87
1546149116.9
1546149116.94
1546149116.97
1546149117.0
1546149117.04
1546149117.07
1546149117.1
1546149117.14
1546149117.17
1546149117.2
1546149117.24
1546149117.27
1546149117.3
1546149117.34
1546149117.37
1546149117.4
1546149117.44
1546149117.47
1546149117.5
1546149117.54
1546149117.57
1546149117.6
1546149117.64
1546149117.67
1546149117.7
1546149117.74
1546149117.77
1546149117.8
1546149117.84
1546149117.87
1546149117.9
1546149117.94
1546149117.97
1546149118.0
1546149118.04
1546149118.07
1546149118.1
1546149118.14
1546149118.17
1546149118.2
1546149118.24
1546149118.27
1546149118.3
1546149118.34
1546149118.37
1546149118.4
1546149118.44
1546149118.47
1546149118.5
1546149118.54
1546149118.57
1546149118.6
1546149118.63
1546149118.67
1546149118.7
1546149118.74
1546149118.77
1546149118.8
1546149118.84
1546149118.87
1546149118.9
1546149118.93
1546149118.97
1546149119.0
1546149119.03
1546149119.07
1546149119.1
1546149119.13
1546149119.17
1546149119.2
1546149119.23
1546149119.27
1546149119.3
1546149119.34
1546149119.37
1546149119.4
1546149119.43
1546149119.47
1546149119.5
1546149119.54
1546149119.57
1546149119.6
1546149119.64
1546149119.67
1546149119.7
1546149119.73
1546149119.77
1546149119.8
1546149119.84
1546149119.87
1546149119.9
1546149119.93
1546149119.97
1546149120.0
1546149120.04
1546149120.07
1546149120.1
1546149120.13
1546149120.17
1546149120.2
1546149120.23
1546149120.27
1546149120.3
1546149120.33
1546149120.37
1546149120.4
1546149120.43
1546149120.47
1546149120.5
1546149120.54
1546149120.57
1546149120.6
1546149120.64
1546149120.67
1546149120.7
1546149120.73
1546149120.77
1546149120.8
1546149120.83
1546149120.87
1546149120.9
1546149120.93
1546149120.97
1546149121.0
1546149121.03
1546149121.07
1546149121.1
1546149121.13
1546149121.17
1546149121.2
1546149121.23
1546149121.27
1546149121.3
1546149121.33
1546149121.37
1546149121.4
1546149121.43
1546149121.47
1546149121.5
1546149121.54
1546149121.57
1546149121.6
1546149121.63
1546149121.67
1546149121.7
1546149121.74
1546149121.77
1546149121.8
1546149121.84
1546149121.87
1546149121.9
1546149121.94
1546149121.97
1546149122.0
1546149122.04
1546149122.07
1546149122.1
1546149122.14
1546149122.17
1546149122.2
1546149122.23
1546149122.27
1546149122.3
1546149122.34
1546149122.37
1546149122.4
1546149122.44
1546149122.47
1546149122.5
1546149122.54
1546149122.57
1546149122.6
1546149122.64
1546149122.67
1546149122.7
1546149122.74
1546149122.77
1546149122.8
1546149122.84
1546149122.87
1546149122.9
1546149122.94
1546149122.97
1546149123.0
1546149123.04
1546149123.07
1546149123.1
1546149123.14
1546149123.17
1546149123.2
1546149123.24
1546149123.27
1546149123.3
1546149123.34
1546149123.37
1546149123.4
1546149123.44
1546149123.47
1546149123.5
1546149123.54
1546149123.57
1546149123.6
1546149123.64
1546149123.67
1546149123.7
1546149123.74
1546149123.77
1546149123.8
1546149123.84
1546149123.87
1546149123.9
1546149123.94
1546149123.97
1546149124.0
1546149124.04
1546149124.07
1546149124.11
1546149124.14
1546149124.17
1546149124.2
1546149124.24
1546149124.27
1546149124.3
1546149124.34
1546149124.37
1546149124.4
1546149124.44
1546149124.47
1546149124.5
1546149124.54
1546149124.57
1546149124.6
1546149124.64
1546149124.67
1546149124.7
1546149124.74
1546149124.77
1546149124.8
1546149124.84
1546149124.87
1546149124.9
1546149124.94
1546149124.97
1546149125.0
1546149125.04
1546149125.07
1546149125.1
1546149125.14
1546149125.17
1546149125.2
1546149125.23
1546149125.26
1546149125.3
1546149125.33
1546149125.37
1546149125.4
1546149125.43
1546149125.46
1546149125.5
1546149125.53
1546149125.56
1546149125.6
1546149125.63
1546149125.66
1546149125.7
1546149125.73
1546149125.76
1546149125.8
1546149125.83
1546149125.86
1546149125.9
1546149125.93
1546149125.96
1546149126.0
1546149126.03
1546149126.06
1546149126.1
1546149126.13
1546149126.16
1546149126.2
1546149126.23
1546149126.27
1546149126.3
1546149126.33
1546149126.36
1546149126.4
1546149126.43
1546149126.46
1546149126.5
1546149126.53
1546149126.56
1546149126.6
1546149126.63
1546149126.66
1546149126.7
1546149126.73
1546149126.77
1546149126.8
1546149126.83
1546149126.86
1546149126.9
1546149126.93
1546149126.96
1546149127.0
1546149127.03
1546149127.07
1546149127.1
1546149127.13
1546149127.16
1546149127.2
1546149127.23
1546149127.27
1546149127.3
1546149127.33
1546149127.36
1546149127.4
1546149127.43
1546149127.46
1546149127.5
1546149127.53
1546149127.56
1546149127.6
1546149127.63
1546149127.66
1546149127.7
1546149127.73
1546149127.76
1546149127.8
1546149127.83
1546149127.87
1546149127.9
1546149127.93
1546149127.96
1546149128.0
1546149128.03
1546149128.06
1546149128.1
1546149128.13
1546149128.16
1546149128.2
1546149128.23
1546149128.26
1546149128.3
1546149128.33
1546149128.37
1546149128.4
1546149128.43
1546149128.46
1546149128.5
1546149128.53
1546149128.57
1546149128.6
1546149128.63
1546149128.66
1546149128.7
1546149128.73
1546149128.77
1546149128.8
1546149128.83
1546149128.87
1546149128.9
1546149128.93
1546149128.96
1546149129.0
1546149129.03
1546149129.07
1546149129.1
1546149129.13
1546149129.16
1546149129.2
1546149129.23
1546149129.27
1546149129.3
1546149129.33
1546149129.37
1546149129.4
1546149129.43
1546149129.46
1546149129.5
1546149129.53
1546149129.57
1546149129.6
1546149129.63
1546149129.67
1546149129.7
1546149129.73
1546149129.77
1546149129.8
1546149129.83
1546149129.87
1546149129.9
1546149129.93
1546149129.97
1546149130.0
1546149130.03
1546149130.07
1546149130.1
1546149130.13
1546149130.17
1546149130.2
1546149130.23
1546149130.27
1546149130.3
1546149130.33
1546149130.37
1546149130.4
1546149130.43
1546149130.47
1546149130.5
1546149130.53
1546149130.57
1546149130.6
1546149130.63
1546149130.66
1546149130.7
1546149130.73
1546149130.77
1546149130.8
1546149130.83
1546149130.87
1546149130.9
1546149130.93
1546149130.97
1546149131.0
1546149131.03
1546149131.07
1546149131.1
1546149131.13
1546149131.17
1546149131.2
1546149131.23
1546149131.27
1546149131.3
1546149131.33
1546149131.37
1546149131.4
1546149131.43
1546149131.47
1546149131.5
1546149131.53
1546149131.57
1546149131.6
1546149131.63
1546149131.66
1546149131.7
1546149131.73
1546149131.76
1546149131.8
1546149131.83
1546149131.87
1546149131.9
1546149131.93
1546149131.96
1546149132.0
1546149132.03
1546149132.06
1546149132.1
1546149132.13
1546149132.16
1546149132.2
1546149132.23
1546149132.26
1546149132.3
1546149132.33
1546149132.36
1546149132.4
1546149132.43
1546149132.46
1546149132.5
1546149132.53
1546149132.56
1546149132.6
1546149132.63
1546149132.66
1546149132.7
1546149132.73
1546149132.76
1546149132.8
1546149132.83
1546149132.87
1546149132.9
1546149132.93
1546149132.97
1546149133.0
1546149133.03
1546149133.07
1546149133.1
1546149133.13
1546149133.16
1546149133.2
1546149133.23
1546149133.27
1546149133.3
1546149133.33
1546149133.37
1546149133.4
1546149133.43
1546149133.46
1546149133.5
1546149133.53
1546149133.57
1546149133.6
1546149133.63
1546149133.66
1546149133.7
1546149133.73
1546149133.77
1546149133.8
1546149133.83
1546149133.86
1546149133.9
1546149133.93
1546149133.96
1546149134.0
1546149134.03
1546149134.06
1546149134.1
1546149134.13
1546149134.16
1546149134.2
1546149134.23
1546149134.26
1546149134.3
1546149134.33
1546149134.36
1546149134.4
1546149134.43
1546149134.46
1546149134.5
1546149134.53
1546149134.56
1546149134.6
1546149134.63
1546149134.66
1546149134.7
1546149134.73
1546149134.76
1546149134.8
1546149134.83
1546149134.86
1546149134.9
1546149134.93
1546149134.96
1546149135.0
1546149135.03
1546149135.06
1546149135.1
1546149135.13
1546149135.16
1546149135.2
1546149135.23
1546149135.26
1546149135.3
1546149135.33
1546149135.36
1546149135.4
1546149135.43
1546149135.46
1546149135.5
1546149135.53
1546149135.56
1546149135.6
1546149135.63
1546149135.66
1546149135.7
1546149135.73
1546149135.76
1546149135.8
1546149135.83
1546149135.86
1546149135.9
1546149135.93
1546149135.96
1546149136.0
1546149136.03
1546149136.06
1546149136.1
1546149136.13
1546149136.16
1546149136.2
1546149136.23
1546149136.26
1546149136.3
1546149136.33
1546149136.36
1546149136.4
1546149136.43
1546149136.46
1546149136.5
1546149136.53
1546149136.56
1546149136.6
1546149136.63
1546149136.66
1546149136.7
1546149136.73
1546149136.76
1546149136.8
1546149136.83
1546149136.86
1546149136.9
1546149136.93
1546149136.96
1546149137.0
1546149137.03
1546149137.06
1546149137.1
1546149137.13
1546149137.16
1546149137.2
1546149137.23
1546149137.26
1546149137.3
1546149137.33
1546149137.36
1546149137.4
1546149137.43
1546149137.46
1546149137.5
1546149137.53
1546149137.56
1546149137.6
1546149137.63
1546149137.66
1546149137.7
1546149137.73
1546149137.76
1546149137.8
1546149137.83
1546149137.86
1546149137.9
1546149137.93
1546149137.96
1546149138.0
1546149138.03
1546149138.06
1546149138.1
1546149138.13
1546149138.16
1546149138.2
1546149138.23
1546149138.26
1546149138.3
1546149138.33
1546149138.36
1546149138.39
1546149138.43
1546149138.46
1546149138.5
1546149138.53
1546149138.56
1546149138.59
1546149138.63
1546149138.66
1546149138.69
1546149138.73
1546149138.76
1546149138.79
1546149138.83
1546149138.86
1546149138.89
1546149138.93
1546149138.96
1546149138.99
1546149139.03
1546149139.06
1546149139.09
1546149139.13
1546149139.16
1546149139.19
1546149139.23
1546149139.26
1546149139.29
1546149139.33
1546149139.36
1546149139.39
1546149139.43
1546149139.46
1546149139.49
1546149139.53
1546149139.56
1546149139.6
1546149139.63
1546149139.66
1546149139.69
1546149139.73
1546149139.76
1546149139.79
1546149139.83
1546149139.86
1546149139.89
1546149139.93
1546149139.96
1546149139.99
1546149140.03
1546149140.06
1546149140.1
1546149140.13
1546149140.16
1546149140.19
1546149140.23
1546149140.26
1546149140.3
1546149140.33
1546149140.36
1546149140.39
1546149140.43
1546149140.46
1546149140.49
1546149140.53
1546149140.56
1546149140.59
1546149140.63
1546149140.66
1546149140.69
1546149140.73
1546149140.76
1546149140.79
1546149140.83
1546149140.86
1546149140.89
1546149140.93
1546149140.96
1546149140.99
1546149141.03
1546149141.06
1546149141.09
1546149141.13
1546149141.16
1546149141.19
1546149141.23
1546149141.26
1546149141.29
1546149141.33
1546149141.36
1546149141.39
1546149141.43
1546149141.46
1546149141.49
1546149141.53
1546149141.56
1546149141.59
1546149141.62
1546149141.66
1546149141.69
1546149141.72
1546149141.76
1546149141.79
1546149141.83
1546149141.86
1546149141.89
1546149141.93
1546149141.96
1546149141.99
1546149142.03
1546149142.06
1546149142.09
1546149142.13
1546149142.16
1546149142.19
1546149142.23
1546149142.26
1546149142.29
1546149142.33
1546149142.36
1546149142.39
1546149142.43
1546149142.46
1546149142.49
1546149142.53
1546149142.56
1546149142.59
1546149142.62
1546149142.66
1546149142.69
1546149142.73
1546149142.76
1546149142.79
1546149142.83
1546149142.86
1546149142.89
1546149142.92
1546149142.96
1546149142.99
1546149143.03
1546149143.06
1546149143.09
1546149143.13
1546149143.16
1546149143.19
1546149143.23
1546149143.26
1546149143.29
1546149143.33
1546149143.36
1546149143.39
1546149143.43
1546149143.46
1546149143.49
1546149143.53
1546149143.56
1546149143.59
1546149143.63
1546149143.66
1546149143.69
1546149143.73
1546149143.76
1546149143.79
1546149143.83
1546149143.86
1546149143.89
1546149143.93
1546149143.96
1546149143.99
1546149144.03
1546149144.06
1546149144.09
1546149144.13
1546149144.16
1546149144.19
1546149144.23
1546149144.26
1546149144.29
1546149144.33
1546149144.36
1546149144.39
1546149144.43
1546149144.46
1546149144.49
1546149144.53
1546149144.56
1546149144.59
1546149144.63
1546149144.66
1546149144.69
1546149144.73
1546149144.76
1546149144.8
1546149144.83
1546149144.86
1546149144.89
1546149144.93
1546149144.96
1546149144.99
1546149145.03
1546149145.06
1546149145.09
1546149145.13
1546149145.16
1546149145.19
1546149145.23
1546149145.26
1546149145.3
1546149145.33
1546149145.36
1546149145.4
1546149145.43
1546149145.46
1546149145.5
1546149145.53
1546149145.56
1546149145.6
1546149145.63
1546149145.66
1546149145.69
1546149145.73
1546149145.76
1546149145.8
1546149145.83
1546149145.86
1546149145.89
1546149145.93
1546149145.96
1546149145.99
1546149146.03
1546149146.06
1546149146.1
1546149146.13
1546149146.16
1546149146.19
1546149146.23
1546149146.26
1546149146.3
1546149146.33
1546149146.36
1546149146.39
1546149146.43
1546149146.46
1546149146.5
1546149146.53
1546149146.56
1546149146.6
1546149146.63
1546149146.66
1546149146.69
1546149146.73
1546149146.76
1546149146.8
1546149146.83
1546149146.86
1546149146.89
1546149146.93
1546149146.96
1546149147.0
1546149147.03
1546149147.06
1546149147.1
1546149147.13
1546149147.16
1546149147.2
1546149147.23
1546149147.26
1546149147.3
1546149147.33
1546149147.36
1546149147.4
1546149147.43
1546149147.46
1546149147.5
1546149147.53
1546149147.56
1546149147.6
1546149147.63
1546149147.66
1546149147.7
1546149147.73
1546149147.76
1546149147.8
1546149147.83
1546149147.86
1546149147.9
1546149147.93
1546149147.96
1546149148.0
1546149148.03
1546149148.06
1546149148.1
1546149148.13
1546149148.16
1546149148.2
1546149148.23
1546149148.26
1546149148.3
1546149148.33
1546149148.36
1546149148.4
1546149148.43
1546149148.46
1546149148.5
1546149148.53
1546149148.56
1546149148.59
1546149148.62
1546149148.66
1546149148.69
1546149148.72
1546149148.76
1546149148.79
1546149148.82
1546149148.86
1546149148.89
1546149148.92
1546149148.96
1546149148.99
1546149149.02
1546149149.06
1546149149.09
1546149149.12
1546149149.16
1546149149.19
1546149149.22
1546149149.26
1546149149.29
1546149149.32
1546149149.36
1546149149.39
1546149149.42
1546149149.46
1546149149.49
1546149149.52
1546149149.56
1546149149.59
1546149149.62
1546149149.66
1546149149.69
1546149149.72
1546149149.76
1546149149.79
1546149149.82
1546149149.86
1546149149.89
1546149149.92
1546149149.96
1546149149.99
1546149150.03
1546149150.06
1546149150.09
1546149150.12
1546149150.16
1546149150.19
1546149150.22
1546149150.26
1546149150.29
1546149150.33
1546149150.36
1546149150.39
1546149150.43
1546149150.46
1546149150.49
1546149150.53
1546149150.56
1546149150.59
1546149150.62
1546149150.66
1546149150.69
1546149150.73
1546149150.76
1546149150.79
1546149150.83
1546149150.86
1546149150.89
1546149150.93
1546149150.96
1546149150.99
1546149151.03
1546149151.06
1546149151.09
1546149151.13
1546149151.16
1546149151.19
1546149151.23
1546149151.26
1546149151.29
1546149151.33
1546149151.36
1546149151.39
1546149151.43
1546149151.46
1546149151.49
1546149151.53
1546149151.56
1546149151.59
1546149151.63
1546149151.66
1546149151.69
1546149151.73
1546149151.76
1546149151.79
1546149151.83
1546149151.86
1546149151.89
1546149151.92
1546149151.96
1546149151.99
1546149152.03
1546149152.06
1546149152.09
1546149152.12
1546149152.16
1546149152.19
1546149152.22
1546149152.26
1546149152.29
1546149152.33
1546149152.36
1546149152.39
1546149152.42
1546149152.46
1546149152.49
1546149152.53
1546149152.56
1546149152.59
1546149152.62
1546149152.66
1546149152.69
1546149152.72
1546149152.76
1546149152.79
1546149152.82
1546149152.86
1546149152.89
1546149152.92
1546149152.96
1546149152.99
1546149153.03
1546149153.06
1546149153.09
1546149153.12
1546149153.16
1546149153.19
1546149153.23
1546149153.26
1546149153.29
1546149153.33
1546149153.36
1546149153.39
1546149153.42
1546149153.46
1546149153.49
1546149153.52
1546149153.56
1546149153.59
1546149153.62
1546149153.66
1546149153.69
1546149153.72
1546149153.76
1546149153.79
1546149153.82
1546149153.86
1546149153.89
1546149153.92
1546149153.96
1546149153.99
1546149154.02
1546149154.06
1546149154.09
1546149154.12
1546149154.16
1546149154.19
1546149154.22
1546149154.26
1546149154.29
1546149154.32
1546149154.36
1546149154.39
1546149154.42
1546149154.46
1546149154.49
1546149154.52
1546149154.56
1546149154.59
1546149154.62
1546149154.66
1546149154.69
1546149154.72
1546149154.76
1546149154.79
1546149154.82
1546149154.86
1546149154.89
1546149154.92
1546149154.96
1546149154.99
1546149155.02
1546149155.06
1546149155.09
1546149155.12
1546149155.15
1546149155.19
1546149155.22
1546149155.26
1546149155.29
1546149155.32
1546149155.36
1546149155.39
1546149155.42
1546149155.46
1546149155.49
1546149155.52
1546149155.56
1546149155.59
1546149155.62
1546149155.66
1546149155.69
1546149155.72
1546149155.76
1546149155.79
1546149155.82
1546149155.86
1546149155.89
1546149155.92
1546149155.96
1546149155.99
1546149156.02
1546149156.06
1546149156.09
1546149156.12
1546149156.16
1546149156.19
1546149156.22
1546149156.26
1546149156.29
1546149156.32
1546149156.36
1546149156.39
1546149156.42
1546149156.46
1546149156.49
1546149156.52
1546149156.56
1546149156.59
1546149156.62
1546149156.66
1546149156.69
1546149156.72
1546149156.76
1546149156.79
1546149156.82
1546149156.86
1546149156.89
1546149156.92
1546149156.96
1546149156.99
1546149157.02
1546149157.06
1546149157.09
1546149157.12
1546149157.15
1546149157.19
1546149157.22
1546149157.26
1546149157.29
1546149157.32
1546149157.36
1546149157.39
1546149157.42
1546149157.45
1546149157.49
1546149157.52
1546149157.56
1546149157.59
1546149157.62
1546149157.65
1546149157.69
1546149157.72
1546149157.76
1546149157.79
1546149157.82
1546149157.86
1546149157.89
1546149157.92
1546149157.95
1546149157.99
1546149158.02
1546149158.06
1546149158.09
1546149158.12
1546149158.15
1546149158.19
1546149158.22
1546149158.26
1546149158.29
1546149158.32
1546149158.36
1546149158.39
1546149158.42
1546149158.46
1546149158.49
1546149158.52
1546149158.56
1546149158.59
1546149158.62
1546149158.65
1546149158.69
1546149158.72
1546149158.76
1546149158.79
1546149158.82
1546149158.86
1546149158.89
1546149158.92
1546149158.95
1546149158.99
1546149159.02
1546149159.06
1546149159.09
1546149159.12
1546149159.15
1546149159.19
1546149159.22
1546149159.25
1546149159.29
1546149159.32
1546149159.35
1546149159.39
1546149159.42
1546149159.45
1546149159.49
1546149159.52
1546149159.55
1546149159.59
1546149159.62
1546149159.65
1546149159.69
1546149159.72
1546149159.75
1546149159.79
1546149159.82
1546149159.85
1546149159.89
1546149159.92
1546149159.95
1546149159.99
1546149160.02
1546149160.05
1546149160.09
1546149160.12
1546149160.15
1546149160.19
1546149160.22
1546149160.25
1546149160.29
1546149160.32
1546149160.35
1546149160.39
1546149160.42
1546149160.45
1546149160.48
1546149160.52
1546149160.55
1546149160.59
1546149160.62
1546149160.65
1546149160.68
1546149160.72
1546149160.75
1546149160.79
1546149160.82
1546149160.85
1546149160.89
1546149160.92
1546149160.95
1546149160.99
1546149161.02
1546149161.05
1546149161.09
1546149161.12
1546149161.15
1546149161.19
1546149161.22
1546149161.25
1546149161.29
1546149161.32
1546149161.35
1546149161.39
1546149161.42
1546149161.45
1546149161.49
1546149161.52
1546149161.55
1546149161.59
1546149161.62
1546149161.65
1546149161.69
1546149161.72
1546149161.75
1546149161.79
1546149161.82
1546149161.85
1546149161.89
1546149161.92
1546149161.95
1546149161.99
1546149162.02
1546149162.05
1546149162.09
1546149162.12
1546149162.15
1546149162.19
1546149162.22
1546149162.25
1546149162.29
1546149162.32
1546149162.35
1546149162.39
1546149162.42
1546149162.45
1546149162.49
1546149162.52
1546149162.55
1546149162.59
1546149162.62
1546149162.65
1546149162.69
1546149162.72
1546149162.75
1546149162.79
1546149162.82
1546149162.85
1546149162.89
