1546222468.81
1546222468.95
1546222468.98
1546222469.02
1546222469.05
1546222469.08
1546222469.11
1546222469.14
1546222469.17
1546222469.2
1546222469.24
1546222469.27
1546222469.3
1546222469.34
1546222469.37
1546222469.4
1546222469.44
1546222469.47
1546222469.5
1546222469.54
1546222469.57
1546222469.6
1546222469.63
1546222469.67
1546222469.7
1546222469.74
1546222469.77
1546222469.8
1546222469.84
1546222469.87
1546222469.9
1546222469.94
1546222469.97
1546222470.0
1546222470.03
1546222470.07
1546222470.1
1546222470.13
1546222470.17
1546222470.2
1546222470.23
1546222470.27
1546222470.3
1546222470.34
1546222470.37
1546222470.4
1546222470.43
1546222470.47
1546222470.5
1546222470.54
1546222470.57
1546222470.6
1546222470.63
1546222470.67
1546222470.7
1546222470.73
1546222470.77
1546222470.8
1546222470.84
1546222470.87
1546222470.9
1546222470.93
1546222470.97
1546222471.0
1546222471.04
1546222471.07
1546222471.1
1546222471.14
1546222471.17
1546222471.2
1546222471.24
1546222471.27
1546222471.3
1546222471.34
1546222471.37
1546222471.4
1546222471.43
1546222471.47
1546222471.5
1546222471.54
1546222471.57
1546222471.6
1546222471.63
1546222471.67
1546222471.7
1546222471.73
1546222471.77
1546222471.8
1546222471.84
1546222471.87
1546222471.9
1546222471.93
1546222471.97
1546222472.0
1546222472.03
1546222472.07
1546222472.1
1546222472.13
1546222472.17
1546222472.2
1546222472.23
1546222472.27
1546222472.3
1546222472.33
1546222472.37
1546222472.4
1546222472.43
1546222472.47
1546222472.5
1546222472.53
1546222472.57
1546222472.6
1546222472.63
1546222472.67
1546222472.7
1546222472.73
1546222472.77
1546222472.8
1546222472.83
1546222472.87
1546222472.9
1546222472.93
1546222472.97
1546222473.0
1546222473.03
1546222473.07
1546222473.1
1546222473.13
1546222473.17
1546222473.2
1546222473.23
1546222473.27
1546222473.3
1546222473.33
1546222473.37
1546222473.4
1546222473.43
1546222473.47
1546222473.5
1546222473.53
1546222473.57
1546222473.6
1546222473.63
1546222473.67
1546222473.7
1546222473.73
1546222473.77
1546222473.8
1546222473.83
1546222473.87
1546222473.9
1546222473.93
1546222473.97
1546222474.0
1546222474.03
1546222474.07
1546222474.1
1546222474.13
1546222474.17
1546222474.2
1546222474.23
1546222474.27
1546222474.3
1546222474.33
1546222474.37
1546222474.4
1546222474.43
1546222474.47
1546222474.5
1546222474.53
1546222474.57
1546222474.6
1546222474.63
1546222474.67
1546222474.7
1546222474.73
1546222474.77
1546222474.8
1546222474.83
1546222474.87
1546222474.9
1546222474.93
1546222474.97
1546222475.0
1546222475.03
1546222475.07
1546222475.1
1546222475.13
1546222475.17
1546222475.2
1546222475.23
1546222475.27
1546222475.3
1546222475.33
1546222475.37
1546222475.4
1546222475.43
1546222475.47
1546222475.5
1546222475.53
1546222475.57
1546222475.6
1546222475.63
1546222475.66
1546222475.7
1546222475.73
1546222475.77
1546222475.8
1546222475.83
1546222475.87
1546222475.9
1546222475.93
1546222475.97
1546222476.0
1546222476.03
1546222476.07
1546222476.1
1546222476.13
1546222476.17
1546222476.2
1546222476.23
1546222476.27
1546222476.3
1546222476.33
1546222476.37
1546222476.4
1546222476.43
1546222476.47
1546222476.5
1546222476.53
1546222476.57
1546222476.6
1546222476.63
1546222476.67
1546222476.7
1546222476.73
1546222476.77
1546222476.8
1546222476.83
1546222476.87
1546222476.9
1546222476.93
1546222476.97
1546222477.0
1546222477.03
1546222477.07
1546222477.1
1546222477.13
1546222477.17
1546222477.2
1546222477.23
1546222477.27
1546222477.3
1546222477.33
1546222477.37
1546222477.4
1546222477.43
1546222477.47
1546222477.5
1546222477.53
1546222477.57
1546222477.6
1546222477.63
1546222477.67
1546222477.7
1546222477.73
1546222477.77
1546222477.8
1546222477.83
1546222477.87
1546222477.9
1546222477.93
1546222477.97
1546222478.0
1546222478.03
1546222478.07
1546222478.1
1546222478.13
1546222478.17
1546222478.2
1546222478.23
1546222478.27
1546222478.3
1546222478.33
1546222478.37
1546222478.4
1546222478.43
1546222478.47
1546222478.5
1546222478.53
1546222478.57
1546222478.6
1546222478.63
1546222478.67
1546222478.7
1546222478.73
1546222478.77
1546222478.8
1546222478.84
1546222478.87
1546222478.9
1546222478.93
1546222478.97
1546222479.0
1546222479.04
1546222479.07
1546222479.1
1546222479.14
1546222479.17
1546222479.2
1546222479.24
1546222479.27
1546222479.3
1546222479.34
1546222479.37
1546222479.4
1546222479.44
1546222479.47
1546222479.5
1546222479.54
1546222479.57
1546222479.6
1546222479.64
1546222479.67
1546222479.7
1546222479.74
1546222479.77
1546222479.8
1546222479.84
1546222479.87
1546222479.9
1546222479.94
1546222479.97
1546222480.0
1546222480.04
1546222480.07
1546222480.1
1546222480.14
1546222480.17
1546222480.2
1546222480.24
1546222480.27
1546222480.3
1546222480.34
1546222480.37
1546222480.4
1546222480.44
1546222480.47
1546222480.5
1546222480.54
1546222480.57
1546222480.6
1546222480.64
1546222480.67
1546222480.7
1546222480.74
1546222480.77
1546222480.81
1546222480.84
1546222480.87
1546222480.9
1546222480.94
1546222480.97
1546222481.01
1546222481.04
1546222481.07
1546222481.11
1546222481.14
1546222481.17
1546222481.2
1546222481.24
1546222481.27
1546222481.31
1546222481.34
1546222481.37
1546222481.41
1546222481.44
1546222481.47
1546222481.51
1546222481.54
1546222481.57
1546222481.61
1546222481.64
1546222481.67
1546222481.71
1546222481.74
1546222481.77
1546222481.8
1546222481.83
1546222481.87
1546222481.9
1546222481.93
1546222481.97
1546222482.0
1546222482.03
1546222482.07
1546222482.1
1546222482.13
1546222482.16
1546222482.2
1546222482.23
1546222482.27
1546222482.3
1546222482.33
1546222482.37
1546222482.4
1546222482.43
1546222482.47
1546222482.5
1546222482.53
1546222482.57
1546222482.6
1546222482.63
1546222482.67
1546222482.7
1546222482.73
1546222482.77
1546222482.8
1546222482.83
1546222482.87
1546222482.9
1546222482.93
1546222482.97
1546222483.0
1546222483.03
1546222483.07
1546222483.1
1546222483.13
1546222483.17
1546222483.2
1546222483.23
1546222483.27
1546222483.3
1546222483.33
1546222483.37
1546222483.4
1546222483.43
1546222483.47
1546222483.5
1546222483.53
1546222483.57
1546222483.6
1546222483.63
1546222483.67
1546222483.7
1546222483.73
1546222483.77
1546222483.8
1546222483.83
1546222483.87
1546222483.9
1546222483.93
1546222483.97
1546222484.0
1546222484.03
1546222484.07
1546222484.1
1546222484.13
1546222484.17
1546222484.2
1546222484.23
1546222484.27
1546222484.3
1546222484.33
1546222484.37
1546222484.4
1546222484.43
1546222484.47
1546222484.5
1546222484.53
1546222484.57
1546222484.6
1546222484.63
1546222484.67
1546222484.7
1546222484.73
1546222484.77
1546222484.8
1546222484.84
1546222484.87
1546222484.9
1546222484.93
1546222484.97
1546222485.0
1546222485.03
1546222485.07
1546222485.1
1546222485.13
1546222485.17
1546222485.2
1546222485.23
1546222485.27
1546222485.3
1546222485.33
1546222485.37
1546222485.4
1546222485.43
1546222485.47
1546222485.5
1546222485.53
1546222485.57
1546222485.6
1546222485.63
1546222485.67
1546222485.7
1546222485.73
1546222485.77
1546222485.8
1546222485.83
1546222485.87
1546222485.9
1546222485.93
1546222485.97
1546222486.0
1546222486.03
1546222486.07
1546222486.1
1546222486.13
1546222486.17
1546222486.2
1546222486.23
1546222486.27
1546222486.3
1546222486.33
1546222486.37
1546222486.4
1546222486.43
1546222486.47
1546222486.5
1546222486.53
1546222486.57
1546222486.6
1546222486.63
1546222486.67
1546222486.7
1546222486.73
1546222486.77
1546222486.8
1546222486.83
1546222486.87
1546222486.9
1546222486.93
1546222486.97
1546222487.0
1546222487.03
1546222487.07
1546222487.1
1546222487.13
1546222487.17
1546222487.2
1546222487.23
1546222487.27
1546222487.3
1546222487.33
1546222487.37
1546222487.4
1546222487.43
1546222487.47
1546222487.5
1546222487.53
1546222487.57
1546222487.6
1546222487.63
1546222487.67
1546222487.7
1546222487.73
1546222487.77
1546222487.8
1546222487.84
1546222487.87
1546222487.9
1546222487.93
1546222487.97
1546222488.0
1546222488.03
1546222488.07
1546222488.1
1546222488.13
1546222488.17
1546222488.2
1546222488.23
1546222488.27
1546222488.3
1546222488.33
1546222488.37
1546222488.4
1546222488.43
1546222488.47
1546222488.5
1546222488.53
1546222488.57
1546222488.6
1546222488.63
1546222488.67
1546222488.7
1546222488.73
1546222488.77
1546222488.8
1546222488.84
1546222488.87
1546222488.9
1546222488.93
1546222488.97
1546222489.0
1546222489.04
1546222489.07
1546222489.1
1546222489.13
1546222489.17
1546222489.2
1546222489.23
1546222489.27
1546222489.3
1546222489.34
1546222489.37
1546222489.4
1546222489.43
1546222489.47
1546222489.5
1546222489.54
1546222489.57
1546222489.6
1546222489.64
1546222489.67
1546222489.7
1546222489.73
1546222489.77
1546222489.8
1546222489.84
1546222489.87
1546222489.9
1546222489.94
1546222489.97
1546222490.0
1546222490.04
1546222490.07
1546222490.1
1546222490.14
1546222490.17
1546222490.2
1546222490.24
1546222490.27
1546222490.3
1546222490.34
1546222490.37
1546222490.4
1546222490.44
1546222490.47
1546222490.5
1546222490.54
1546222490.57
1546222490.6
1546222490.64
1546222490.67
1546222490.7
1546222490.74
1546222490.77
1546222490.8
1546222490.84
1546222490.87
1546222490.9
1546222490.94
1546222490.97
1546222491.0
1546222491.04
1546222491.07
1546222491.1
1546222491.13
1546222491.17
1546222491.2
1546222491.23
1546222491.27
1546222491.3
1546222491.34
1546222491.37
1546222491.4
1546222491.44
1546222491.47
1546222491.5
1546222491.54
1546222491.57
1546222491.6
1546222491.64
1546222491.67
1546222491.7
1546222491.74
1546222491.77
1546222491.8
1546222491.84
1546222491.87
1546222491.9
1546222491.93
1546222491.97
1546222492.0
1546222492.04
1546222492.07
1546222492.1
1546222492.14
1546222492.17
1546222492.2
1546222492.24
1546222492.27
1546222492.3
1546222492.34
1546222492.37
1546222492.4
1546222492.44
1546222492.47
1546222492.5
1546222492.54
1546222492.57
1546222492.6
1546222492.64
1546222492.67
1546222492.7
1546222492.74
1546222492.77
1546222492.8
1546222492.84
1546222492.87
1546222492.9
1546222492.94
1546222492.97
1546222493.0
1546222493.04
1546222493.07
1546222493.1
1546222493.14
1546222493.17
1546222493.2
1546222493.24
1546222493.27
1546222493.3
1546222493.34
1546222493.37
1546222493.4
1546222493.44
1546222493.47
1546222493.5
1546222493.54
1546222493.57
1546222493.6
1546222493.64
1546222493.67
1546222493.7
1546222493.74
1546222493.77
1546222493.8
1546222493.84
1546222493.87
1546222493.9
1546222493.94
1546222493.97
1546222494.0
1546222494.04
1546222494.07
1546222494.11
1546222494.14
1546222494.17
1546222494.2
1546222494.24
1546222494.27
1546222494.31
1546222494.34
1546222494.37
1546222494.4
1546222494.44
1546222494.47
1546222494.51
1546222494.54
1546222494.57
1546222494.61
1546222494.64
1546222494.67
1546222494.7
1546222494.74
1546222494.77
1546222494.81
1546222494.84
1546222494.87
1546222494.9
1546222494.94
1546222494.97
1546222495.0
1546222495.04
1546222495.07
1546222495.11
1546222495.14
1546222495.17
1546222495.2
1546222495.24
1546222495.27
1546222495.3
1546222495.34
1546222495.37
1546222495.4
1546222495.44
1546222495.47
1546222495.5
1546222495.54
1546222495.57
1546222495.61
1546222495.64
1546222495.67
1546222495.7
1546222495.74
1546222495.77
1546222495.8
1546222495.84
1546222495.87
1546222495.9
1546222495.94
1546222495.97
1546222496.0
1546222496.04
1546222496.07
1546222496.1
1546222496.14
1546222496.17
1546222496.2
1546222496.24
1546222496.27
1546222496.3
1546222496.34
1546222496.37
1546222496.41
1546222496.44
1546222496.47
1546222496.51
1546222496.54
1546222496.57
1546222496.61
1546222496.64
1546222496.67
1546222496.71
1546222496.74
1546222496.77
1546222496.81
1546222496.84
1546222496.87
1546222496.9
1546222496.94
1546222496.97
1546222497.0
1546222497.04
1546222497.07
1546222497.1
1546222497.14
1546222497.17
1546222497.2
1546222497.24
1546222497.27
1546222497.31
1546222497.34
1546222497.37
1546222497.41
1546222497.44
1546222497.47
1546222497.51
1546222497.54
1546222497.57
1546222497.61
1546222497.64
1546222497.67
1546222497.7
1546222497.74
1546222497.77
1546222497.81
1546222497.84
1546222497.87
1546222497.9
1546222497.94
1546222497.97
1546222498.01
1546222498.04
1546222498.07
1546222498.11
1546222498.14
1546222498.17
1546222498.2
1546222498.24
1546222498.27
1546222498.31
1546222498.34
1546222498.37
1546222498.4
1546222498.44
1546222498.47
1546222498.51
1546222498.54
1546222498.57
1546222498.61
1546222498.64
1546222498.67
1546222498.71
1546222498.74
1546222498.77
1546222498.81
1546222498.84
1546222498.87
1546222498.91
1546222498.94
1546222498.97
1546222499.01
1546222499.04
1546222499.07
1546222499.11
1546222499.14
1546222499.17
1546222499.21
1546222499.24
1546222499.27
1546222499.31
1546222499.34
1546222499.37
1546222499.41
1546222499.44
1546222499.47
1546222499.51
1546222499.54
1546222499.57
1546222499.61
1546222499.64
1546222499.67
1546222499.71
1546222499.74
1546222499.77
1546222499.81
1546222499.84
1546222499.87
1546222499.9
1546222499.94
1546222499.97
1546222500.01
1546222500.04
1546222500.07
1546222500.11
1546222500.14
1546222500.17
1546222500.2
1546222500.24
1546222500.27
1546222500.31
1546222500.34
1546222500.37
1546222500.4
1546222500.44
1546222500.47
1546222500.5
1546222500.54
1546222500.57
1546222500.61
1546222500.64
1546222500.67
1546222500.7
1546222500.74
1546222500.77
1546222500.81
1546222500.84
1546222500.87
1546222500.9
1546222500.94
1546222500.97
1546222501.01
1546222501.04
1546222501.07
1546222501.11
1546222501.14
1546222501.17
1546222501.2
1546222501.24
1546222501.27
1546222501.31
1546222501.34
1546222501.37
1546222501.41
1546222501.44
1546222501.47
1546222501.51
1546222501.54
1546222501.57
1546222501.61
1546222501.64
1546222501.67
1546222501.71
1546222501.74
1546222501.77
1546222501.81
1546222501.84
1546222501.87
1546222501.91
1546222501.94
1546222501.97
1546222502.01
1546222502.04
1546222502.07
1546222502.11
1546222502.14
1546222502.17
1546222502.21
1546222502.24
1546222502.27
1546222502.31
1546222502.34
1546222502.37
1546222502.41
1546222502.44
1546222502.47
1546222502.51
1546222502.54
1546222502.57
1546222502.61
1546222502.64
1546222502.67
1546222502.71
1546222502.74
1546222502.78
1546222502.81
1546222502.84
1546222502.88
1546222502.91
1546222502.94
1546222502.97
1546222503.01
1546222503.04
1546222503.08
1546222503.11
1546222503.14
1546222503.17
1546222503.21
1546222503.24
1546222503.28
1546222503.31
1546222503.34
1546222503.38
1546222503.41
1546222503.44
1546222503.48
1546222503.51
1546222503.54
1546222503.58
1546222503.61
1546222503.64
1546222503.67
1546222503.71
1546222503.74
1546222503.78
1546222503.81
1546222503.84
1546222503.88
1546222503.91
1546222503.94
1546222503.98
1546222504.01
1546222504.04
1546222504.08
1546222504.11
1546222504.14
1546222504.18
1546222504.21
1546222504.24
1546222504.28
1546222504.31
1546222504.35
1546222504.38
1546222504.41
1546222504.44
1546222504.48
1546222504.51
1546222504.54
1546222504.58
1546222504.61
1546222504.64
1546222504.68
1546222504.71
1546222504.74
1546222504.78
1546222504.81
1546222504.85
1546222504.88
1546222504.91
1546222504.94
1546222504.98
1546222505.01
1546222505.04
1546222505.08
1546222505.11
1546222505.14
1546222505.18
1546222505.21
1546222505.24
1546222505.28
1546222505.31
1546222505.35
1546222505.38
1546222505.41
1546222505.44
1546222505.48
1546222505.51
1546222505.55
1546222505.58
1546222505.61
1546222505.64
1546222505.68
1546222505.71
1546222505.75
1546222505.78
1546222505.81
1546222505.85
1546222505.88
1546222505.91
1546222505.94
1546222505.97
1546222506.01
1546222506.04
1546222506.07
1546222506.11
1546222506.14
1546222506.17
1546222506.21
1546222506.24
1546222506.27
1546222506.31
1546222506.34
1546222506.37
1546222506.41
1546222506.44
1546222506.47
1546222506.51
1546222506.54
1546222506.57
1546222506.61
1546222506.64
1546222506.67
1546222506.71
1546222506.74
1546222506.77
1546222506.81
1546222506.84
1546222506.87
1546222506.91
1546222506.94
1546222506.97
1546222507.01
1546222507.04
1546222507.07
1546222507.11
1546222507.14
1546222507.17
1546222507.21
1546222507.24
1546222507.27
1546222507.31
1546222507.34
1546222507.37
1546222507.41
1546222507.44
1546222507.47
1546222507.51
1546222507.54
1546222507.57
1546222507.61
1546222507.64
1546222507.67
1546222507.71
1546222507.74
1546222507.78
1546222507.81
1546222507.84
1546222507.87
1546222507.91
1546222507.94
1546222507.97
1546222508.01
1546222508.04
1546222508.07
1546222508.11
1546222508.14
1546222508.17
1546222508.21
1546222508.24
1546222508.28
1546222508.31
1546222508.34
1546222508.38
1546222508.41
1546222508.44
1546222508.47
1546222508.51
1546222508.54
1546222508.57
1546222508.61
1546222508.64
1546222508.67
1546222508.71
1546222508.74
1546222508.77
1546222508.81
1546222508.84
1546222508.87
1546222508.91
1546222508.94
1546222508.97
1546222509.01
1546222509.04
1546222509.07
1546222509.11
1546222509.14
1546222509.17
1546222509.21
1546222509.24
1546222509.27
1546222509.31
1546222509.34
1546222509.37
1546222509.41
1546222509.44
1546222509.47
1546222509.51
1546222509.54
1546222509.57
1546222509.61
1546222509.64
1546222509.67
1546222509.71
1546222509.74
1546222509.77
1546222509.81
1546222509.84
1546222509.87
1546222509.91
1546222509.94
1546222509.97
1546222510.01
1546222510.04
1546222510.07
1546222510.11
1546222510.14
1546222510.17
1546222510.21
1546222510.24
1546222510.27
1546222510.31
1546222510.34
1546222510.37
1546222510.41
1546222510.44
1546222510.47
1546222510.51
1546222510.54
1546222510.57
1546222510.61
1546222510.64
1546222510.67
1546222510.71
1546222510.74
1546222510.78
1546222510.81
1546222510.84
1546222510.88
1546222510.91
1546222510.94
1546222510.97
1546222511.01
1546222511.04
1546222511.08
1546222511.11
1546222511.14
1546222511.18
1546222511.21
1546222511.24
1546222511.28
1546222511.31
1546222511.34
1546222511.38
1546222511.41
1546222511.44
1546222511.48
1546222511.51
1546222511.54
1546222511.58
1546222511.61
1546222511.64
1546222511.68
1546222511.71
1546222511.74
1546222511.78
1546222511.81
1546222511.84
1546222511.88
1546222511.91
1546222511.94
1546222511.98
1546222512.01
1546222512.04
1546222512.08
1546222512.11
1546222512.14
1546222512.18
1546222512.21
1546222512.24
1546222512.28
1546222512.31
1546222512.34
1546222512.38
1546222512.41
1546222512.44
1546222512.48
1546222512.51
1546222512.54
1546222512.58
1546222512.61
1546222512.64
1546222512.68
1546222512.71
1546222512.74
1546222512.78
1546222512.81
1546222512.84
1546222512.88
1546222512.91
1546222512.94
1546222512.98
1546222513.01
1546222513.04
1546222513.08
1546222513.11
1546222513.14
1546222513.18
1546222513.21
1546222513.24
1546222513.28
1546222513.31
1546222513.34
1546222513.38
1546222513.41
1546222513.44
1546222513.48
1546222513.51
1546222513.54
1546222513.58
1546222513.61
1546222513.64
1546222513.68
1546222513.71
1546222513.74
1546222513.78
1546222513.81
1546222513.84
1546222513.88
1546222513.91
1546222513.94
1546222513.98
1546222514.01
1546222514.04
1546222514.08
1546222514.11
1546222514.14
1546222514.18
1546222514.21
1546222514.24
1546222514.28
1546222514.31
1546222514.34
1546222514.38
1546222514.41
1546222514.44
1546222514.48
1546222514.51
1546222514.55
1546222514.58
1546222514.61
1546222514.64
1546222514.68
1546222514.71
1546222514.74
1546222514.78
1546222514.81
1546222514.84
1546222514.88
1546222514.91
1546222514.94
1546222514.98
1546222515.01
1546222515.05
1546222515.08
1546222515.11
1546222515.14
1546222515.18
1546222515.21
1546222515.24
1546222515.28
1546222515.31
1546222515.34
1546222515.38
1546222515.41
1546222515.44
1546222515.48
1546222515.51
1546222515.55
1546222515.58
1546222515.61
1546222515.64
1546222515.68
1546222515.71
1546222515.74
1546222515.78
1546222515.81
1546222515.85
1546222515.88
1546222515.91
1546222515.94
1546222515.98
1546222516.01
1546222516.04
1546222516.08
1546222516.11
1546222516.14
1546222516.18
1546222516.21
1546222516.24
1546222516.28
1546222516.31
1546222516.34
1546222516.38
1546222516.41
1546222516.44
1546222516.48
1546222516.51
1546222516.54
1546222516.58
1546222516.61
1546222516.64
1546222516.68
1546222516.71
1546222516.74
1546222516.78
1546222516.81
1546222516.84
1546222516.88
1546222516.91
1546222516.94
1546222516.98
1546222517.01
1546222517.05
1546222517.08
1546222517.11
1546222517.14
1546222517.18
1546222517.21
1546222517.24
1546222517.28
1546222517.31
1546222517.34
1546222517.38
1546222517.41
1546222517.44
1546222517.48
1546222517.51
1546222517.54
1546222517.58
1546222517.61
1546222517.64
1546222517.68
1546222517.71
1546222517.74
1546222517.78
1546222517.81
1546222517.84
1546222517.88
1546222517.91
1546222517.94
1546222517.98
1546222518.01
1546222518.04
1546222518.08
1546222518.11
1546222518.14
1546222518.18
1546222518.21
1546222518.24
1546222518.28
1546222518.31
1546222518.34
1546222518.38
1546222518.41
1546222518.44
1546222518.48
1546222518.51
1546222518.54
1546222518.58
1546222518.61
1546222518.64
1546222518.68
1546222518.71
1546222518.74
1546222518.78
1546222518.81
1546222518.84
1546222518.88
1546222518.91
1546222518.94
1546222518.98
1546222519.01
1546222519.04
1546222519.08
1546222519.11
1546222519.14
1546222519.18
1546222519.21
1546222519.24
1546222519.28
1546222519.31
1546222519.34
1546222519.38
1546222519.41
1546222519.44
1546222519.48
1546222519.51
1546222519.54
1546222519.58
1546222519.61
1546222519.64
1546222519.68
1546222519.71
1546222519.74
1546222519.78
1546222519.81
1546222519.84
1546222519.88
1546222519.91
1546222519.94
1546222519.98
1546222520.01
1546222520.04
1546222520.08
1546222520.11
1546222520.14
1546222520.18
1546222520.21
1546222520.24
1546222520.28
1546222520.31
1546222520.35
1546222520.38
1546222520.41
1546222520.44
1546222520.48
1546222520.51
1546222520.55
1546222520.58
1546222520.61
1546222520.64
1546222520.68
1546222520.71
1546222520.74
1546222520.78
1546222520.81
1546222520.84
1546222520.88
1546222520.91
1546222520.94
1546222520.98
1546222521.01
1546222521.05
1546222521.08
1546222521.11
1546222521.14
1546222521.18
1546222521.21
1546222521.24
1546222521.28
1546222521.31
1546222521.35
1546222521.38
1546222521.41
1546222521.44
1546222521.48
1546222521.51
1546222521.54
1546222521.58
1546222521.61
1546222521.64
1546222521.68
1546222521.71
1546222521.74
1546222521.78
1546222521.81
1546222521.84
1546222521.88
1546222521.91
1546222521.94
1546222521.98
1546222522.01
1546222522.05
1546222522.08
1546222522.11
1546222522.14
1546222522.18
1546222522.21
1546222522.24
1546222522.28
1546222522.31
1546222522.34
1546222522.38
1546222522.41
1546222522.44
1546222522.48
1546222522.51
1546222522.54
1546222522.58
1546222522.61
1546222522.64
1546222522.68
1546222522.71
1546222522.74
1546222522.78
1546222522.81
1546222522.84
1546222522.88
1546222522.91
1546222522.94
1546222522.98
1546222523.01
1546222523.04
1546222523.08
1546222523.11
1546222523.14
1546222523.18
1546222523.21
1546222523.24
1546222523.28
1546222523.31
1546222523.34
1546222523.38
1546222523.41
1546222523.44
1546222523.48
1546222523.51
1546222523.54
1546222523.58
1546222523.61
1546222523.64
1546222523.68
1546222523.71
1546222523.74
1546222523.78
1546222523.81
1546222523.84
1546222523.88
1546222523.91
1546222523.94
1546222523.98
1546222524.01
1546222524.04
1546222524.08
1546222524.11
1546222524.14
1546222524.18
1546222524.21
1546222524.24
1546222524.28
1546222524.31
1546222524.34
1546222524.38
1546222524.41
1546222524.44
1546222524.48
1546222524.51
1546222524.54
1546222524.58
1546222524.61
1546222524.64
1546222524.68
1546222524.71
1546222524.74
1546222524.78
1546222524.81
1546222524.84
1546222524.88
1546222524.91
1546222524.94
1546222524.98
1546222525.01
1546222525.04
1546222525.08
1546222525.11
1546222525.14
1546222525.18
1546222525.21
1546222525.24
1546222525.28
1546222525.31
1546222525.35
1546222525.38
1546222525.41
1546222525.44
1546222525.48
1546222525.51
1546222525.55
1546222525.58
1546222525.61
1546222525.65
1546222525.68
1546222525.71
1546222525.75
1546222525.78
1546222525.81
1546222525.85
1546222525.88
1546222525.91
1546222525.95
1546222525.98
1546222526.01
1546222526.05
1546222526.08
1546222526.11
1546222526.15
1546222526.18
1546222526.21
1546222526.25
1546222526.28
1546222526.31
1546222526.35
1546222526.38
1546222526.41
1546222526.45
1546222526.48
1546222526.52
1546222526.55
1546222526.58
1546222526.61
1546222526.65
1546222526.68
1546222526.71
1546222526.75
1546222526.78
1546222526.82
1546222526.85
1546222526.88
1546222526.91
1546222526.95
1546222526.98
1546222527.02
1546222527.05
1546222527.08
1546222527.12
1546222527.15
1546222527.18
1546222527.22
1546222527.25
1546222527.28
1546222527.32
1546222527.35
1546222527.38
1546222527.42
1546222527.45
1546222527.48
1546222527.52
1546222527.55
1546222527.58
1546222527.62
1546222527.65
1546222527.68
1546222527.72
1546222527.75
1546222527.78
1546222527.82
1546222527.85
1546222527.88
1546222527.92
1546222527.95
1546222527.98
1546222528.02
1546222528.05
1546222528.08
1546222528.12
1546222528.15
1546222528.18
1546222528.22
1546222528.25
1546222528.28
1546222528.32
1546222528.35
1546222528.38
1546222528.42
1546222528.45
1546222528.48
1546222528.52
1546222528.55
1546222528.59
1546222528.62
1546222528.65
1546222528.68
1546222528.72
1546222528.75
1546222528.79
1546222528.82
1546222528.85
1546222528.89
1546222528.92
1546222528.95
1546222528.99
1546222529.02
1546222529.05
1546222529.09
1546222529.12
1546222529.15
1546222529.19
1546222529.22
1546222529.25
1546222529.29
1546222529.32
1546222529.35
1546222529.39
1546222529.42
1546222529.45
1546222529.49
1546222529.52
1546222529.56
1546222529.59
1546222529.62
1546222529.65
1546222529.69
1546222529.72
1546222529.75
1546222529.79
1546222529.82
1546222529.86
1546222529.89
1546222529.92
1546222529.95
1546222529.98
1546222530.01
1546222530.05
1546222530.08
1546222530.12
1546222530.15
1546222530.18
1546222530.21
1546222530.25
1546222530.28
1546222530.31
1546222530.35
1546222530.38
1546222530.41
1546222530.45
1546222530.48
1546222530.51
1546222530.55
1546222530.58
1546222530.61
1546222530.65
1546222530.68
1546222530.71
1546222530.75
1546222530.78
1546222530.81
1546222530.85
1546222530.88
1546222530.91
1546222530.95
1546222530.98
1546222531.01
1546222531.05
1546222531.08
1546222531.11
1546222531.15
1546222531.18
1546222531.21
1546222531.25
1546222531.28
1546222531.31
1546222531.35
1546222531.38
1546222531.41
1546222531.45
1546222531.48
1546222531.51
1546222531.55
1546222531.58
1546222531.61
1546222531.65
1546222531.68
1546222531.71
1546222531.75
1546222531.78
1546222531.82
1546222531.85
1546222531.88
1546222531.91
1546222531.95
1546222531.98
1546222532.01
1546222532.05
1546222532.08
1546222532.11
1546222532.15
1546222532.18
1546222532.21
1546222532.25
1546222532.28
1546222532.32
1546222532.35
1546222532.38
1546222532.41
1546222532.45
1546222532.48
1546222532.52
1546222532.55
1546222532.58
1546222532.61
1546222532.65
1546222532.68
1546222532.71
1546222532.75
1546222532.78
1546222532.81
1546222532.85
1546222532.88
1546222532.91
1546222532.95
1546222532.98
1546222533.01
1546222533.05
1546222533.08
1546222533.11
1546222533.15
1546222533.18
1546222533.21
1546222533.25
1546222533.28
1546222533.31
1546222533.35
1546222533.38
1546222533.41
1546222533.45
1546222533.48
1546222533.51
1546222533.55
1546222533.58
1546222533.61
1546222533.65
1546222533.68
1546222533.71
1546222533.75
1546222533.78
1546222533.81
1546222533.85
1546222533.88
1546222533.91
1546222533.95
1546222533.98
1546222534.01
1546222534.05
1546222534.08
1546222534.11
1546222534.15
1546222534.18
1546222534.21
1546222534.25
1546222534.28
1546222534.31
1546222534.35
1546222534.38
1546222534.41
1546222534.44
1546222534.48
1546222534.51
1546222534.55
1546222534.58
1546222534.61
1546222534.65
1546222534.68
1546222534.71
1546222534.75
1546222534.78
1546222534.81
1546222534.85
1546222534.88
1546222534.91
1546222534.95
1546222534.98
1546222535.01
1546222535.05
1546222535.08
1546222535.11
1546222535.15
1546222535.18
1546222535.21
1546222535.25
1546222535.28
1546222535.31
1546222535.35
1546222535.38
1546222535.41
1546222535.45
1546222535.48
1546222535.51
1546222535.55
1546222535.58
1546222535.61
1546222535.65
1546222535.68
1546222535.71
1546222535.75
1546222535.78
1546222535.81
1546222535.85
1546222535.88
1546222535.91
1546222535.95
1546222535.98
1546222536.01
1546222536.05
1546222536.08
1546222536.11
1546222536.15
1546222536.18
1546222536.21
1546222536.25
1546222536.28
1546222536.31
1546222536.35
1546222536.38
1546222536.41
1546222536.45
1546222536.48
1546222536.51
1546222536.55
1546222536.58
1546222536.61
1546222536.65
1546222536.68
1546222536.71
1546222536.75
1546222536.78
1546222536.81
1546222536.85
1546222536.88
1546222536.91
1546222536.95
1546222536.98
1546222537.01
1546222537.05
1546222537.08
1546222537.11
1546222537.14
1546222537.18
1546222537.21
1546222537.24
1546222537.28
1546222537.31
1546222537.35
1546222537.38
1546222537.41
1546222537.44
1546222537.48
1546222537.51
1546222537.55
1546222537.58
1546222537.61
1546222537.64
1546222537.68
1546222537.71
1546222537.74
1546222537.78
1546222537.81
1546222537.84
1546222537.88
1546222537.91
1546222537.94
1546222537.98
1546222538.01
1546222538.05
1546222538.08
1546222538.11
1546222538.14
1546222538.18
1546222538.21
1546222538.24
1546222538.28
1546222538.31
1546222538.35
1546222538.38
1546222538.41
1546222538.44
1546222538.48
1546222538.51
1546222538.55
1546222538.58
1546222538.61
1546222538.64
1546222538.68
1546222538.71
1546222538.74
1546222538.78
1546222538.81
1546222538.85
1546222538.88
1546222538.91
1546222538.94
1546222538.98
1546222539.01
1546222539.04
1546222539.08
1546222539.11
1546222539.14
1546222539.18
1546222539.21
1546222539.24
1546222539.28
1546222539.31
1546222539.34
1546222539.38
1546222539.41
1546222539.44
1546222539.48
1546222539.51
1546222539.54
1546222539.58
1546222539.61
1546222539.64
1546222539.68
1546222539.71
1546222539.74
1546222539.78
1546222539.81
1546222539.84
1546222539.88
1546222539.91
1546222539.94
1546222539.98
1546222540.01
1546222540.04
1546222540.08
1546222540.11
1546222540.14
1546222540.18
1546222540.21
1546222540.24
1546222540.28
1546222540.31
1546222540.34
1546222540.38
1546222540.41
1546222540.44
1546222540.48
1546222540.51
1546222540.54
1546222540.58
1546222540.61
1546222540.64
1546222540.68
1546222540.71
1546222540.74
1546222540.78
1546222540.81
1546222540.85
1546222540.88
1546222540.91
1546222540.94
1546222540.98
1546222541.01
1546222541.04
1546222541.08
1546222541.11
1546222541.14
1546222541.18
1546222541.21
1546222541.24
1546222541.28
1546222541.31
1546222541.35
1546222541.38
1546222541.41
1546222541.44
1546222541.48
1546222541.51
1546222541.54
1546222541.58
1546222541.61
1546222541.64
1546222541.68
1546222541.71
1546222541.74
1546222541.78
1546222541.81
1546222541.84
1546222541.88
1546222541.91
1546222541.94
1546222541.98
1546222542.01
1546222542.04
1546222542.08
1546222542.11
1546222542.14
1546222542.18
1546222542.21
1546222542.24
1546222542.28
1546222542.31
1546222542.34
1546222542.38
1546222542.41
1546222542.44
1546222542.48
1546222542.51
1546222542.55
1546222542.58
1546222542.61
1546222542.64
1546222542.68
1546222542.71
1546222542.74
1546222542.78
1546222542.81
1546222542.85
1546222542.88
1546222542.91
1546222542.94
1546222542.98
1546222543.01
1546222543.04
1546222543.08
1546222543.11
1546222543.14
1546222543.18
1546222543.21
1546222543.24
1546222543.28
1546222543.31
1546222543.34
1546222543.38
1546222543.41
1546222543.44
1546222543.48
1546222543.51
1546222543.54
1546222543.58
1546222543.61
1546222543.64
1546222543.68
1546222543.71
1546222543.74
1546222543.78
1546222543.81
1546222543.84
1546222543.88
1546222543.91
1546222543.94
1546222543.98
1546222544.01
1546222544.04
1546222544.08
1546222544.11
1546222544.14
1546222544.18
1546222544.21
1546222544.24
1546222544.28
1546222544.31
1546222544.34
1546222544.38
1546222544.41
1546222544.44
1546222544.48
1546222544.51
1546222544.54
1546222544.58
1546222544.61
1546222544.64
1546222544.68
1546222544.71
1546222544.74
1546222544.78
1546222544.81
1546222544.85
1546222544.88
1546222544.91
1546222544.94
1546222544.98
1546222545.01
1546222545.05
1546222545.08
1546222545.11
1546222545.14
1546222545.18
1546222545.21
1546222545.24
1546222545.28
1546222545.31
1546222545.34
1546222545.38
1546222545.41
1546222545.44
1546222545.48
1546222545.51
1546222545.54
1546222545.58
1546222545.61
1546222545.64
1546222545.68
1546222545.71
1546222545.74
1546222545.78
1546222545.81
1546222545.84
1546222545.88
1546222545.91
1546222545.94
1546222545.98
1546222546.01
1546222546.05
1546222546.08
1546222546.11
1546222546.14
1546222546.18
1546222546.21
1546222546.24
1546222546.28
1546222546.31
1546222546.35
1546222546.38
1546222546.41
1546222546.44
1546222546.48
1546222546.51
1546222546.55
1546222546.58
1546222546.61
1546222546.65
1546222546.68
1546222546.71
1546222546.75
1546222546.78
1546222546.81
1546222546.85
1546222546.88
1546222546.91
1546222546.95
1546222546.98
1546222547.01
1546222547.05
1546222547.08
1546222547.11
1546222547.15
1546222547.18
1546222547.21
1546222547.25
1546222547.28
1546222547.31
1546222547.35
1546222547.38
1546222547.41
1546222547.45
1546222547.48
1546222547.51
1546222547.55
1546222547.58
1546222547.61
1546222547.64
1546222547.68
1546222547.71
1546222547.75
1546222547.78
1546222547.81
1546222547.84
1546222547.88
1546222547.91
1546222547.94
1546222547.98
1546222548.01
1546222548.05
1546222548.08
1546222548.11
1546222548.14
1546222548.18
1546222548.21
1546222548.24
1546222548.28
1546222548.31
1546222548.35
1546222548.38
1546222548.41
1546222548.44
1546222548.48
1546222548.51
1546222548.55
1546222548.58
1546222548.61
1546222548.65
1546222548.68
1546222548.71
1546222548.75
1546222548.78
1546222548.81
1546222548.85
1546222548.88
1546222548.91
1546222548.95
1546222548.98
1546222549.01
1546222549.05
1546222549.08
1546222549.11
1546222549.15
1546222549.18
1546222549.21
1546222549.25
1546222549.28
1546222549.31
1546222549.35
1546222549.38
1546222549.41
1546222549.45
1546222549.48
1546222549.51
1546222549.55
1546222549.58
1546222549.61
1546222549.65
1546222549.68
1546222549.71
1546222549.75
1546222549.78
1546222549.82
1546222549.85
1546222549.88
1546222549.91
1546222549.95
1546222549.98
1546222550.01
1546222550.05
1546222550.08
1546222550.11
1546222550.15
1546222550.18
1546222550.21
1546222550.25
1546222550.28
1546222550.31
1546222550.35
1546222550.38
1546222550.41
1546222550.45
1546222550.48
1546222550.51
1546222550.55
1546222550.58
1546222550.61
1546222550.65
1546222550.68
1546222550.71
1546222550.75
1546222550.78
1546222550.82
1546222550.85
1546222550.88
1546222550.91
1546222550.95
1546222550.98
1546222551.02
1546222551.05
1546222551.08
1546222551.12
1546222551.15
1546222551.18
1546222551.21
1546222551.25
1546222551.28
1546222551.32
1546222551.35
1546222551.38
1546222551.41
1546222551.45
1546222551.48
1546222551.52
1546222551.55
1546222551.58
1546222551.62
1546222551.65
1546222551.68
1546222551.71
1546222551.75
1546222551.78
1546222551.81
1546222551.85
1546222551.88
1546222551.91
1546222551.95
1546222551.98
1546222552.01
1546222552.05
1546222552.08
1546222552.12
1546222552.15
1546222552.18
1546222552.21
1546222552.25
1546222552.28
1546222552.32
1546222552.35
1546222552.38
1546222552.41
1546222552.45
1546222552.48
1546222552.51
1546222552.55
1546222552.58
1546222552.62
1546222552.65
1546222552.68
1546222552.72
1546222552.75
1546222552.78
1546222552.82
1546222552.85
1546222552.88
1546222552.91
1546222552.95
1546222552.98
1546222553.02
1546222553.05
1546222553.08
1546222553.12
1546222553.15
1546222553.18
1546222553.22
1546222553.25
1546222553.28
1546222553.32
1546222553.35
1546222553.38
1546222553.42
1546222553.45
1546222553.48
1546222553.52
1546222553.55
1546222553.58
1546222553.62
1546222553.65
1546222553.68
1546222553.72
1546222553.75
1546222553.78
1546222553.81
1546222553.85
1546222553.88
1546222553.91
1546222553.94
1546222553.98
1546222554.01
1546222554.04
1546222554.08
1546222554.11
1546222554.14
1546222554.18
1546222554.21
1546222554.24
1546222554.28
1546222554.31
1546222554.34
1546222554.38
1546222554.41
1546222554.44
1546222554.48
1546222554.51
1546222554.54
1546222554.58
1546222554.61
1546222554.64
1546222554.68
1546222554.71
1546222554.74
1546222554.78
1546222554.81
1546222554.85
1546222554.88
1546222554.91
1546222554.94
1546222554.98
1546222555.01
1546222555.04
1546222555.08
1546222555.11
1546222555.14
1546222555.18
1546222555.21
1546222555.24
1546222555.28
1546222555.31
1546222555.35
1546222555.38
1546222555.41
1546222555.44
1546222555.48
1546222555.51
1546222555.54
1546222555.58
1546222555.61
1546222555.64
1546222555.68
1546222555.71
1546222555.74
1546222555.78
1546222555.81
1546222555.84
1546222555.88
1546222555.91
1546222555.94
1546222555.98
1546222556.01
1546222556.04
1546222556.08
1546222556.11
1546222556.14
1546222556.18
1546222556.21
1546222556.24
1546222556.28
1546222556.31
1546222556.34
1546222556.38
1546222556.41
1546222556.44
1546222556.48
1546222556.51
1546222556.54
1546222556.58
1546222556.61
1546222556.64
1546222556.68
1546222556.71
1546222556.74
1546222556.78
1546222556.81
1546222556.85
1546222556.88
1546222556.91
1546222556.94
1546222556.98
1546222557.01
1546222557.04
1546222557.08
1546222557.11
1546222557.14
1546222557.18
1546222557.21
1546222557.24
1546222557.28
1546222557.31
1546222557.34
1546222557.38
1546222557.41
1546222557.44
1546222557.48
1546222557.51
1546222557.54
1546222557.58
1546222557.61
1546222557.64
1546222557.68
1546222557.71
1546222557.74
1546222557.78
1546222557.81
1546222557.84
1546222557.88
1546222557.91
1546222557.94
1546222557.98
1546222558.01
1546222558.04
1546222558.08
1546222558.11
1546222558.14
1546222558.18
1546222558.21
1546222558.24
1546222558.28
1546222558.31
1546222558.34
1546222558.38
1546222558.41
1546222558.44
1546222558.48
1546222558.51
1546222558.54
1546222558.58
1546222558.61
1546222558.64
1546222558.68
1546222558.71
1546222558.74
1546222558.78
1546222558.81
1546222558.84
1546222558.88
1546222558.91
1546222558.94
1546222558.98
1546222559.01
1546222559.04
1546222559.08
1546222559.11
1546222559.14
1546222559.18
1546222559.21
1546222559.24
1546222559.28
1546222559.31
1546222559.35
1546222559.38
1546222559.41
1546222559.44
1546222559.48
1546222559.51
1546222559.55
1546222559.58
1546222559.61
1546222559.64
1546222559.68
1546222559.71
1546222559.74
1546222559.78
1546222559.81
1546222559.84
1546222559.88
1546222559.91
1546222559.94
1546222559.98
1546222560.01
1546222560.05
1546222560.08
1546222560.11
1546222560.14
1546222560.18
1546222560.21
1546222560.25
1546222560.28
1546222560.31
1546222560.35
1546222560.38
1546222560.41
1546222560.44
1546222560.48
1546222560.51
1546222560.55
1546222560.58
1546222560.61
1546222560.64
1546222560.68
1546222560.71
1546222560.74
1546222560.78
1546222560.81
1546222560.85
1546222560.88
1546222560.91
1546222560.94
1546222560.98
1546222561.01
1546222561.05
1546222561.08
1546222561.11
1546222561.14
1546222561.18
1546222561.21
1546222561.24
1546222561.28
1546222561.31
1546222561.34
1546222561.38
1546222561.41
1546222561.44
1546222561.48
1546222561.51
1546222561.54
1546222561.58
1546222561.61
1546222561.64
1546222561.68
1546222561.71
1546222561.74
1546222561.78
1546222561.81
1546222561.84
1546222561.88
1546222561.91
1546222561.94
1546222561.98
1546222562.01
1546222562.05
1546222562.08
1546222562.11
1546222562.14
1546222562.18
1546222562.21
1546222562.24
1546222562.28
1546222562.31
1546222562.35
1546222562.38
1546222562.41
1546222562.44
1546222562.48
1546222562.51
1546222562.54
1546222562.58
1546222562.61
1546222562.64
1546222562.68
1546222562.71
1546222562.74
1546222562.78
1546222562.81
1546222562.85
1546222562.88
1546222562.91
1546222562.94
1546222562.98
1546222563.01
1546222563.04
1546222563.08
1546222563.11
1546222563.14
1546222563.18
1546222563.21
1546222563.24
1546222563.28
1546222563.31
1546222563.35
1546222563.38
1546222563.41
1546222563.44
1546222563.48
1546222563.51
1546222563.55
1546222563.58
1546222563.61
1546222563.64
1546222563.68
1546222563.71
1546222563.74
1546222563.78
1546222563.81
1546222563.85
1546222563.88
1546222563.91
1546222563.94
1546222563.98
1546222564.01
1546222564.05
1546222564.08
1546222564.11
1546222564.14
1546222564.18
1546222564.21
1546222564.24
1546222564.28
1546222564.31
1546222564.34
1546222564.38
1546222564.41
1546222564.44
1546222564.48
1546222564.51
1546222564.54
1546222564.58
1546222564.61
1546222564.64
1546222564.68
1546222564.71
1546222564.74
1546222564.78
1546222564.81
1546222564.84
1546222564.88
1546222564.91
1546222564.94
1546222564.98
1546222565.01
1546222565.04
1546222565.08
1546222565.11
1546222565.14
1546222565.18
1546222565.21
1546222565.24
1546222565.28
1546222565.31
1546222565.34
1546222565.38
1546222565.41
1546222565.44
1546222565.48
1546222565.51
1546222565.54
1546222565.58
1546222565.61
1546222565.64
1546222565.68
1546222565.71
1546222565.74
1546222565.78
1546222565.81
1546222565.84
1546222565.88
1546222565.91
1546222565.94
1546222565.98
1546222566.01
1546222566.04
1546222566.08
1546222566.11
1546222566.14
1546222566.18
1546222566.21
1546222566.24
1546222566.28
1546222566.31
1546222566.34
1546222566.38
1546222566.41
1546222566.44
1546222566.48
1546222566.51
1546222566.54
1546222566.58
1546222566.61
1546222566.64
1546222566.68
1546222566.71
1546222566.74
1546222566.78
1546222566.81
1546222566.84
1546222566.88
1546222566.91
1546222566.94
1546222566.98
1546222567.01
1546222567.04
1546222567.08
1546222567.11
1546222567.14
1546222567.18
1546222567.21
1546222567.24
1546222567.28
1546222567.31
1546222567.35
1546222567.38
1546222567.41
1546222567.44
1546222567.48
1546222567.51
1546222567.54
1546222567.58
1546222567.61
1546222567.64
1546222567.68
1546222567.71
1546222567.74
1546222567.78
1546222567.81
1546222567.84
1546222567.88
1546222567.91
1546222567.94
1546222567.98
1546222568.01
1546222568.04
1546222568.08
1546222568.11
1546222568.14
1546222568.18
1546222568.21
1546222568.24
1546222568.28
1546222568.31
1546222568.34
1546222568.38
1546222568.41
1546222568.44
1546222568.48
1546222568.51
1546222568.54
1546222568.58
1546222568.61
1546222568.64
1546222568.68
1546222568.71
1546222568.75
1546222568.78
1546222568.81
1546222568.84
1546222568.88
1546222568.91
1546222568.94
1546222568.98
1546222569.01
1546222569.04
1546222569.08
1546222569.11
1546222569.14
1546222569.18
1546222569.21
1546222569.24
1546222569.28
1546222569.31
1546222569.34
1546222569.38
1546222569.41
1546222569.44
1546222569.48
1546222569.51
1546222569.54
1546222569.58
1546222569.61
1546222569.64
1546222569.68
1546222569.71
1546222569.74
1546222569.78
1546222569.81
1546222569.84
1546222569.88
1546222569.91
1546222569.94
1546222569.98
1546222570.01
1546222570.04
1546222570.08
1546222570.11
1546222570.14
1546222570.18
1546222570.21
1546222570.24
1546222570.28
1546222570.31
1546222570.34
1546222570.38
1546222570.41
1546222570.44
1546222570.48
1546222570.51
1546222570.54
1546222570.58
1546222570.61
1546222570.64
1546222570.68
1546222570.71
1546222570.74
1546222570.78
1546222570.81
1546222570.84
1546222570.88
1546222570.91
1546222570.94
1546222570.98
1546222571.01
1546222571.04
1546222571.08
1546222571.11
1546222571.14
1546222571.18
1546222571.21
1546222571.24
1546222571.28
1546222571.31
1546222571.34
1546222571.38
1546222571.41
1546222571.44
1546222571.48
1546222571.51
1546222571.54
1546222571.58
1546222571.61
1546222571.64
1546222571.68
1546222571.71
1546222571.74
1546222571.78
1546222571.81
1546222571.84
1546222571.88
1546222571.91
1546222571.94
1546222571.98
1546222572.01
1546222572.05
1546222572.08
1546222572.11
1546222572.14
1546222572.18
1546222572.21
1546222572.24
1546222572.28
1546222572.31
1546222572.35
1546222572.38
1546222572.41
1546222572.44
1546222572.48
1546222572.51
1546222572.55
1546222572.58
1546222572.61
1546222572.65
1546222572.68
1546222572.71
1546222572.74
1546222572.78
1546222572.81
1546222572.85
1546222572.88
1546222572.91
1546222572.95
1546222572.98
1546222573.01
1546222573.05
1546222573.08
1546222573.11
1546222573.15
1546222573.18
1546222573.21
1546222573.25
1546222573.28
1546222573.31
1546222573.35
1546222573.38
1546222573.41
1546222573.45
1546222573.48
1546222573.52
1546222573.55
1546222573.58
1546222573.61
1546222573.65
1546222573.68
1546222573.71
1546222573.75
1546222573.78
1546222573.82
1546222573.85
1546222573.88
1546222573.91
1546222573.95
1546222573.98
1546222574.02
1546222574.05
1546222574.08
1546222574.12
1546222574.15
1546222574.18
1546222574.22
1546222574.25
1546222574.28
1546222574.32
1546222574.35
1546222574.38
1546222574.42
1546222574.45
1546222574.48
1546222574.52
1546222574.55
1546222574.58
1546222574.62
1546222574.65
1546222574.68
1546222574.72
1546222574.75
1546222574.78
1546222574.82
1546222574.85
1546222574.88
1546222574.92
1546222574.95
1546222574.98
1546222575.02
1546222575.05
1546222575.08
1546222575.12
1546222575.15
1546222575.18
1546222575.22
1546222575.25
1546222575.28
1546222575.32
1546222575.35
1546222575.38
1546222575.42
1546222575.45
1546222575.48
1546222575.52
1546222575.55
1546222575.58
1546222575.62
1546222575.65
1546222575.68
1546222575.72
1546222575.75
1546222575.79
1546222575.82
1546222575.85
1546222575.88
1546222575.92
1546222575.95
1546222575.98
1546222576.02
1546222576.05
1546222576.09
1546222576.12
1546222576.15
1546222576.18
1546222576.22
1546222576.25
1546222576.28
1546222576.32
1546222576.35
1546222576.38
1546222576.42
1546222576.45
1546222576.48
1546222576.52
1546222576.55
1546222576.59
1546222576.62
1546222576.65
1546222576.68
1546222576.72
1546222576.75
1546222576.79
1546222576.82
1546222576.85
1546222576.88
1546222576.92
1546222576.95
1546222576.99
1546222577.02
1546222577.05
1546222577.09
1546222577.12
1546222577.15
1546222577.18
1546222577.22
1546222577.25
1546222577.29
1546222577.32
1546222577.35
1546222577.38
1546222577.42
1546222577.45
1546222577.49
1546222577.52
1546222577.55
1546222577.58
1546222577.61
1546222577.65
1546222577.68
1546222577.71
1546222577.74
1546222577.78
1546222577.81
1546222577.85
1546222577.88
1546222577.91
1546222577.94
1546222577.98
1546222578.01
1546222578.05
1546222578.08
1546222578.11
1546222578.14
1546222578.18
1546222578.21
1546222578.24
1546222578.28
1546222578.31
1546222578.35
1546222578.38
1546222578.41
1546222578.44
1546222578.48
1546222578.51
1546222578.55
1546222578.58
1546222578.61
1546222578.64
1546222578.68
1546222578.71
1546222578.75
1546222578.78
1546222578.81
1546222578.85
1546222578.88
1546222578.91
1546222578.95
1546222578.98
1546222579.01
1546222579.05
1546222579.08
1546222579.11
1546222579.14
1546222579.18
1546222579.21
1546222579.24
1546222579.28
1546222579.31
1546222579.35
1546222579.38
1546222579.41
1546222579.45
1546222579.48
1546222579.51
1546222579.55
1546222579.58
1546222579.61
1546222579.65
1546222579.68
1546222579.71
1546222579.75
1546222579.78
1546222579.81
1546222579.85
1546222579.88
1546222579.91
1546222579.95
1546222579.98
1546222580.01
1546222580.05
1546222580.08
1546222580.11
1546222580.15
1546222580.18
1546222580.21
1546222580.25
1546222580.28
1546222580.31
1546222580.35
1546222580.38
1546222580.41
1546222580.45
1546222580.48
1546222580.51
1546222580.55
1546222580.58
1546222580.61
1546222580.65
1546222580.68
1546222580.71
1546222580.75
1546222580.78
1546222580.81
1546222580.85
1546222580.88
1546222580.91
1546222580.95
1546222580.98
1546222581.01
1546222581.05
1546222581.08
1546222581.12
1546222581.15
1546222581.18
1546222581.21
1546222581.25
1546222581.28
1546222581.31
1546222581.35
1546222581.38
1546222581.41
1546222581.45
1546222581.48
1546222581.52
1546222581.55
1546222581.58
1546222581.61
1546222581.65
1546222581.68
1546222581.71
1546222581.75
1546222581.78
1546222581.81
1546222581.85
1546222581.88
1546222581.91
1546222581.95
1546222581.98
1546222582.02
1546222582.05
1546222582.08
1546222582.11
1546222582.15
1546222582.18
1546222582.21
1546222582.25
1546222582.28
1546222582.32
1546222582.35
1546222582.38
1546222582.42
1546222582.45
1546222582.48
1546222582.52
1546222582.55
1546222582.58
1546222582.61
1546222582.65
1546222582.68
1546222582.71
1546222582.75
1546222582.78
1546222582.81
1546222582.85
1546222582.88
1546222582.91
1546222582.95
1546222582.98
1546222583.01
1546222583.05
1546222583.08
1546222583.12
1546222583.15
1546222583.18
1546222583.21
1546222583.25
1546222583.28
1546222583.31
1546222583.35
1546222583.38
1546222583.41
1546222583.45
1546222583.48
1546222583.51
1546222583.55
1546222583.58
1546222583.62
1546222583.65
1546222583.68
1546222583.71
1546222583.75
1546222583.78
1546222583.82
1546222583.85
1546222583.88
1546222583.91
1546222583.95
1546222583.98
1546222584.02
1546222584.05
1546222584.08
1546222584.11
1546222584.15
1546222584.18
1546222584.21
1546222584.25
1546222584.28
1546222584.31
1546222584.35
1546222584.38
1546222584.41
1546222584.45
1546222584.48
1546222584.52
1546222584.55
1546222584.58
1546222584.62
1546222584.65
1546222584.68
1546222584.71
1546222584.75
1546222584.78
1546222584.82
1546222584.85
1546222584.88
1546222584.91
1546222584.95
1546222584.98
1546222585.02
1546222585.05
1546222585.08
1546222585.12
1546222585.15
1546222585.18
1546222585.22
1546222585.25
1546222585.28
1546222585.32
1546222585.35
1546222585.38
1546222585.41
1546222585.45
1546222585.48
1546222585.52
1546222585.55
1546222585.58
1546222585.62
1546222585.65
1546222585.68
1546222585.71
1546222585.75
1546222585.78
1546222585.82
1546222585.85
1546222585.88
1546222585.92
1546222585.95
1546222585.98
1546222586.02
1546222586.05
1546222586.08
1546222586.12
1546222586.15
1546222586.18
1546222586.21
1546222586.25
1546222586.28
1546222586.32
1546222586.35
1546222586.38
1546222586.42
1546222586.45
1546222586.48
1546222586.52
1546222586.55
1546222586.58
1546222586.62
1546222586.65
1546222586.68
1546222586.71
1546222586.75
1546222586.78
1546222586.82
1546222586.85
1546222586.88
1546222586.91
1546222586.95
1546222586.98
1546222587.02
1546222587.05
1546222587.08
1546222587.12
1546222587.15
1546222587.18
1546222587.22
1546222587.25
1546222587.28
1546222587.32
1546222587.35
1546222587.38
1546222587.42
1546222587.45
1546222587.48
1546222587.52
1546222587.55
1546222587.58
1546222587.62
1546222587.65
1546222587.68
1546222587.72
1546222587.75
1546222587.78
1546222587.82
1546222587.85
1546222587.88
1546222587.91
1546222587.95
1546222587.98
1546222588.02
1546222588.05
1546222588.08
1546222588.12
1546222588.15
1546222588.18
1546222588.22
1546222588.25
1546222588.28
1546222588.32
1546222588.35
1546222588.38
1546222588.42
1546222588.45
1546222588.48
1546222588.52
1546222588.55
1546222588.58
1546222588.62
1546222588.65
1546222588.68
1546222588.71
1546222588.75
1546222588.78
1546222588.82
1546222588.85
1546222588.88
1546222588.91
1546222588.95
1546222588.98
1546222589.02
1546222589.05
1546222589.08
1546222589.12
1546222589.15
1546222589.18
1546222589.21
1546222589.25
1546222589.28
1546222589.32
1546222589.35
1546222589.38
1546222589.41
1546222589.45
1546222589.48
1546222589.51
1546222589.55
1546222589.58
1546222589.62
1546222589.65
1546222589.68
1546222589.71
1546222589.75
1546222589.78
1546222589.82
1546222589.85
1546222589.88
1546222589.92
1546222589.95
1546222589.98
1546222590.02
1546222590.05
1546222590.08
1546222590.12
1546222590.15
1546222590.18
1546222590.21
1546222590.25
1546222590.28
1546222590.32
1546222590.35
1546222590.38
1546222590.42
1546222590.45
1546222590.48
1546222590.52
1546222590.55
1546222590.58
1546222590.62
1546222590.65
1546222590.68
1546222590.72
1546222590.75
1546222590.78
1546222590.82
1546222590.85
1546222590.88
1546222590.92
1546222590.95
1546222590.98
1546222591.02
1546222591.05
1546222591.08
1546222591.12
1546222591.15
1546222591.18
1546222591.22
1546222591.25
1546222591.28
1546222591.32
1546222591.35
1546222591.38
1546222591.42
1546222591.45
1546222591.48
1546222591.52
1546222591.55
1546222591.58
1546222591.62
1546222591.65
1546222591.68
1546222591.72
1546222591.75
1546222591.78
1546222591.82
1546222591.85
1546222591.88
1546222591.92
1546222591.95
1546222591.98
1546222592.02
1546222592.05
1546222592.08
1546222592.12
1546222592.15
1546222592.18
1546222592.22
1546222592.25
1546222592.28
1546222592.32
1546222592.35
1546222592.38
1546222592.42
1546222592.45
1546222592.48
1546222592.52
1546222592.55
1546222592.58
1546222592.62
1546222592.65
1546222592.68
1546222592.71
1546222592.75
1546222592.78
1546222592.82
1546222592.85
1546222592.88
1546222592.91
1546222592.95
1546222592.98
1546222593.02
1546222593.05
1546222593.08
1546222593.12
1546222593.15
1546222593.18
1546222593.21
1546222593.25
1546222593.28
1546222593.32
1546222593.35
1546222593.38
1546222593.42
1546222593.45
1546222593.48
1546222593.52
1546222593.55
1546222593.58
1546222593.62
1546222593.65
1546222593.68
1546222593.72
1546222593.75
1546222593.78
1546222593.82
1546222593.85
1546222593.88
1546222593.91
1546222593.95
1546222593.98
1546222594.02
1546222594.05
1546222594.08
1546222594.12
1546222594.15
1546222594.18
1546222594.22
1546222594.25
1546222594.28
1546222594.32
1546222594.35
1546222594.38
1546222594.42
1546222594.45
1546222594.48
1546222594.52
1546222594.55
1546222594.58
1546222594.62
1546222594.65
1546222594.68
1546222594.72
1546222594.75
1546222594.78
1546222594.82
1546222594.85
1546222594.88
1546222594.92
1546222594.95
1546222594.98
1546222595.02
1546222595.05
1546222595.08
1546222595.12
1546222595.15
1546222595.18
1546222595.22
1546222595.25
1546222595.28
1546222595.32
1546222595.35
1546222595.38
1546222595.42
1546222595.45
1546222595.48
1546222595.52
1546222595.55
1546222595.58
1546222595.62
1546222595.65
1546222595.68
1546222595.72
1546222595.75
1546222595.78
1546222595.82
1546222595.85
1546222595.88
1546222595.92
1546222595.95
1546222595.98
1546222596.02
1546222596.05
1546222596.08
1546222596.12
1546222596.15
1546222596.18
1546222596.22
1546222596.25
1546222596.28
1546222596.32
1546222596.35
1546222596.38
1546222596.42
1546222596.45
1546222596.48
1546222596.52
1546222596.55
1546222596.58
1546222596.62
1546222596.65
1546222596.68
1546222596.72
1546222596.75
1546222596.78
1546222596.82
1546222596.85
1546222596.88
1546222596.92
1546222596.95
1546222596.98
1546222597.02
1546222597.05
1546222597.08
1546222597.12
1546222597.15
1546222597.18
1546222597.22
1546222597.25
1546222597.28
1546222597.32
