1546229259.66
1546229259.8
1546229259.84
1546229259.87
1546229259.9
1546229259.93
1546229259.96
1546229259.99
1546229260.02
1546229260.05
1546229260.08
1546229260.12
1546229260.15
1546229260.18
1546229260.22
1546229260.25
1546229260.28
1546229260.32
1546229260.35
1546229260.38
1546229260.42
1546229260.45
1546229260.48
1546229260.52
1546229260.55
1546229260.59
1546229260.62
1546229260.65
1546229260.68
1546229260.72
1546229260.75
1546229260.78
1546229260.82
1546229260.85
1546229260.88
1546229260.92
1546229260.95
1546229260.98
1546229261.02
1546229261.05
1546229261.09
1546229261.12
1546229261.15
1546229261.18
1546229261.22
1546229261.25
1546229261.28
1546229261.32
1546229261.35
1546229261.38
1546229261.42
1546229261.45
1546229261.48
1546229261.52
1546229261.55
1546229261.58
1546229261.62
1546229261.65
1546229261.68
1546229261.72
1546229261.75
1546229261.78
1546229261.82
1546229261.85
1546229261.88
1546229261.92
1546229261.95
1546229261.98
1546229262.02
1546229262.05
1546229262.08
1546229262.12
1546229262.15
1546229262.18
1546229262.22
1546229262.25
1546229262.28
1546229262.32
1546229262.35
1546229262.38
1546229262.42
1546229262.45
1546229262.48
1546229262.52
1546229262.55
1546229262.58
1546229262.62
1546229262.65
1546229262.68
1546229262.71
1546229262.75
1546229262.78
1546229262.82
1546229262.85
1546229262.88
1546229262.92
1546229262.95
1546229262.98
1546229263.01
1546229263.05
1546229263.08
1546229263.12
1546229263.15
1546229263.18
1546229263.21
1546229263.25
1546229263.28
1546229263.32
1546229263.35
1546229263.38
1546229263.41
1546229263.45
1546229263.48
1546229263.51
1546229263.55
1546229263.58
1546229263.61
1546229263.65
1546229263.68
1546229263.71
1546229263.75
1546229263.78
1546229263.81
1546229263.85
1546229263.88
1546229263.91
1546229263.95
1546229263.98
1546229264.01
1546229264.05
1546229264.08
1546229264.11
1546229264.15
1546229264.18
1546229264.21
1546229264.25
1546229264.28
1546229264.31
1546229264.35
1546229264.38
1546229264.41
1546229264.45
1546229264.48
1546229264.52
1546229264.55
1546229264.58
1546229264.62
1546229264.65
1546229264.68
1546229264.71
1546229264.75
1546229264.78
1546229264.81
1546229264.85
1546229264.88
1546229264.91
1546229264.95
1546229264.98
1546229265.01
1546229265.05
1546229265.08
1546229265.11
1546229265.15
1546229265.18
1546229265.21
1546229265.25
1546229265.28
1546229265.31
1546229265.35
1546229265.38
1546229265.41
1546229265.45
1546229265.48
1546229265.51
1546229265.55
1546229265.58
1546229265.61
1546229265.65
1546229265.68
1546229265.71
1546229265.75
1546229265.78
1546229265.81
1546229265.85
1546229265.88
1546229265.91
1546229265.95
1546229265.98
1546229266.01
1546229266.05
1546229266.08
1546229266.11
1546229266.15
1546229266.18
1546229266.21
1546229266.25
1546229266.28
1546229266.32
1546229266.35
1546229266.38
1546229266.41
1546229266.45
1546229266.48
1546229266.51
1546229266.55
1546229266.58
1546229266.61
1546229266.65
1546229266.68
1546229266.71
1546229266.75
1546229266.78
1546229266.81
1546229266.85
1546229266.88
1546229266.91
1546229266.95
1546229266.98
1546229267.01
1546229267.05
1546229267.08
1546229267.11
1546229267.14
1546229267.18
1546229267.21
1546229267.25
1546229267.28
1546229267.31
1546229267.35
1546229267.38
1546229267.41
1546229267.45
1546229267.48
1546229267.51
1546229267.55
1546229267.58
1546229267.61
1546229267.65
1546229267.68
1546229267.71
1546229267.75
1546229267.78
1546229267.81
1546229267.85
1546229267.88
1546229267.91
1546229267.95
1546229267.98
1546229268.02
1546229268.05
1546229268.08
1546229268.11
1546229268.15
1546229268.18
1546229268.21
1546229268.25
1546229268.28
1546229268.32
1546229268.35
1546229268.38
1546229268.41
1546229268.45
1546229268.48
1546229268.51
1546229268.55
1546229268.58
1546229268.61
1546229268.65
1546229268.68
1546229268.71
1546229268.75
1546229268.78
1546229268.82
1546229268.85
1546229268.88
1546229268.91
1546229268.95
1546229268.98
1546229269.01
1546229269.05
1546229269.08
1546229269.12
1546229269.15
1546229269.18
1546229269.21
1546229269.25
1546229269.28
1546229269.32
1546229269.35
1546229269.38
1546229269.41
1546229269.45
1546229269.48
1546229269.52
1546229269.55
1546229269.58
1546229269.62
1546229269.65
1546229269.68
1546229269.72
1546229269.75
1546229269.78
1546229269.82
1546229269.85
1546229269.88
1546229269.92
1546229269.95
1546229269.98
1546229270.02
1546229270.05
1546229270.08
1546229270.12
1546229270.15
1546229270.18
1546229270.22
1546229270.25
1546229270.29
1546229270.32
1546229270.35
1546229270.38
1546229270.42
1546229270.45
1546229270.48
1546229270.52
1546229270.55
1546229270.58
1546229270.62
1546229270.65
1546229270.68
1546229270.72
1546229270.75
1546229270.79
1546229270.82
1546229270.85
1546229270.88
1546229270.92
1546229270.95
1546229270.99
1546229271.02
1546229271.05
1546229271.09
1546229271.12
1546229271.15
1546229271.19
1546229271.22
1546229271.25
1546229271.29
1546229271.32
1546229271.35
1546229271.39
1546229271.42
1546229271.45
1546229271.48
1546229271.52
1546229271.55
1546229271.59
1546229271.62
1546229271.65
1546229271.69
1546229271.72
1546229271.75
1546229271.79
1546229271.82
1546229271.85
1546229271.89
1546229271.92
1546229271.95
1546229271.99
1546229272.02
1546229272.05
1546229272.09
1546229272.12
1546229272.15
1546229272.18
1546229272.21
1546229272.25
1546229272.28
1546229272.31
1546229272.35
1546229272.38
1546229272.41
1546229272.45
1546229272.48
1546229272.51
1546229272.55
1546229272.58
1546229272.61
1546229272.64
1546229272.68
1546229272.71
1546229272.75
1546229272.78
1546229272.81
1546229272.85
1546229272.88
1546229272.91
1546229272.95
1546229272.98
1546229273.01
1546229273.05
1546229273.08
1546229273.11
1546229273.15
1546229273.18
1546229273.21
1546229273.25
1546229273.28
1546229273.31
1546229273.35
1546229273.38
1546229273.41
1546229273.44
1546229273.48
1546229273.51
1546229273.55
1546229273.58
1546229273.61
1546229273.65
1546229273.68
1546229273.71
1546229273.74
1546229273.78
1546229273.81
1546229273.84
1546229273.88
1546229273.91
1546229273.94
1546229273.98
1546229274.01
1546229274.05
1546229274.08
1546229274.11
1546229274.14
1546229274.18
1546229274.21
1546229274.24
1546229274.28
1546229274.31
1546229274.34
1546229274.38
1546229274.41
1546229274.44
1546229274.48
1546229274.51
1546229274.54
1546229274.58
1546229274.61
1546229274.64
1546229274.68
1546229274.71
1546229274.74
1546229274.78
1546229274.81
1546229274.84
1546229274.88
1546229274.91
1546229274.94
1546229274.98
1546229275.01
1546229275.04
1546229275.08
1546229275.11
1546229275.14
1546229275.18
1546229275.21
1546229275.24
1546229275.28
1546229275.31
1546229275.34
1546229275.38
1546229275.41
1546229275.44
1546229275.48
1546229275.51
1546229275.54
1546229275.58
1546229275.61
1546229275.64
1546229275.68
1546229275.71
1546229275.74
1546229275.78
1546229275.81
1546229275.84
1546229275.88
1546229275.91
1546229275.94
1546229275.98
1546229276.01
1546229276.04
1546229276.08
1546229276.11
1546229276.14
1546229276.18
1546229276.21
1546229276.24
1546229276.28
1546229276.31
1546229276.34
1546229276.38
1546229276.41
1546229276.44
1546229276.47
1546229276.51
1546229276.54
1546229276.58
1546229276.61
1546229276.64
1546229276.68
1546229276.71
1546229276.74
1546229276.78
1546229276.81
1546229276.84
1546229276.88
1546229276.91
1546229276.94
1546229276.98
1546229277.01
1546229277.04
1546229277.08
1546229277.11
1546229277.14
1546229277.18
1546229277.21
1546229277.24
1546229277.28
1546229277.31
1546229277.34
1546229277.38
1546229277.41
1546229277.44
1546229277.48
1546229277.51
1546229277.54
1546229277.58
1546229277.61
1546229277.64
1546229277.68
1546229277.71
1546229277.74
1546229277.78
1546229277.81
1546229277.84
1546229277.88
1546229277.91
1546229277.94
1546229277.98
1546229278.01
1546229278.04
1546229278.08
1546229278.11
1546229278.14
1546229278.18
1546229278.21
1546229278.24
1546229278.28
1546229278.31
1546229278.34
1546229278.38
1546229278.41
1546229278.44
1546229278.48
1546229278.51
1546229278.54
1546229278.58
1546229278.61
1546229278.64
1546229278.68
1546229278.71
1546229278.74
1546229278.78
1546229278.81
1546229278.84
1546229278.88
1546229278.91
1546229278.94
1546229278.98
1546229279.01
1546229279.04
1546229279.08
1546229279.11
1546229279.14
1546229279.18
1546229279.21
1546229279.24
1546229279.28
1546229279.31
1546229279.34
1546229279.38
1546229279.41
1546229279.44
1546229279.48
1546229279.51
1546229279.54
1546229279.58
1546229279.61
1546229279.64
1546229279.68
1546229279.71
1546229279.74
1546229279.78
1546229279.81
1546229279.84
1546229279.88
1546229279.91
1546229279.94
1546229279.98
1546229280.01
1546229280.04
1546229280.08
1546229280.11
1546229280.14
1546229280.18
1546229280.21
1546229280.24
1546229280.28
1546229280.31
1546229280.34
1546229280.38
1546229280.41
1546229280.44
1546229280.47
1546229280.51
1546229280.54
1546229280.57
1546229280.61
1546229280.64
1546229280.67
1546229280.71
1546229280.74
1546229280.78
1546229280.81
1546229280.84
1546229280.88
1546229280.91
1546229280.94
1546229280.97
1546229281.01
1546229281.04
1546229281.08
1546229281.11
1546229281.14
1546229281.18
1546229281.21
1546229281.24
1546229281.28
1546229281.31
1546229281.34
1546229281.38
1546229281.41
1546229281.44
1546229281.47
1546229281.51
1546229281.54
1546229281.58
1546229281.61
1546229281.64
1546229281.67
1546229281.71
1546229281.74
1546229281.78
1546229281.81
1546229281.84
1546229281.88
1546229281.91
1546229281.94
1546229281.98
1546229282.01
1546229282.04
1546229282.08
1546229282.11
1546229282.14
1546229282.18
1546229282.21
1546229282.24
1546229282.28
1546229282.31
1546229282.34
1546229282.38
1546229282.41
1546229282.44
1546229282.47
1546229282.51
1546229282.54
1546229282.58
1546229282.61
1546229282.64
1546229282.68
1546229282.71
1546229282.74
1546229282.78
1546229282.81
1546229282.84
1546229282.88
1546229282.91
1546229282.94
1546229282.98
1546229283.01
1546229283.04
1546229283.08
1546229283.11
1546229283.14
1546229283.18
1546229283.21
1546229283.24
1546229283.28
1546229283.31
1546229283.34
1546229283.38
1546229283.41
1546229283.44
1546229283.48
1546229283.51
1546229283.54
1546229283.58
1546229283.61
1546229283.64
1546229283.67
1546229283.71
1546229283.74
1546229283.78
1546229283.81
1546229283.84
1546229283.88
1546229283.91
1546229283.94
1546229283.97
1546229284.01
1546229284.04
1546229284.08
1546229284.11
1546229284.14
1546229284.17
1546229284.21
1546229284.24
1546229284.28
1546229284.31
1546229284.34
1546229284.38
1546229284.41
1546229284.44
1546229284.47
1546229284.51
1546229284.54
1546229284.57
1546229284.61
1546229284.64
1546229284.67
1546229284.71
1546229284.74
1546229284.78
1546229284.81
1546229284.84
1546229284.87
1546229284.91
1546229284.94
1546229284.97
1546229285.01
1546229285.04
1546229285.07
1546229285.11
1546229285.14
1546229285.17
1546229285.21
1546229285.24
1546229285.27
1546229285.31
1546229285.34
1546229285.37
1546229285.41
1546229285.44
1546229285.47
1546229285.51
1546229285.54
1546229285.57
1546229285.61
1546229285.64
1546229285.67
1546229285.71
1546229285.74
1546229285.78
1546229285.81
1546229285.84
1546229285.88
1546229285.91
1546229285.94
1546229285.97
1546229286.01
1546229286.04
1546229286.08
1546229286.11
1546229286.14
1546229286.17
1546229286.21
1546229286.24
1546229286.27
1546229286.31
1546229286.34
1546229286.38
1546229286.41
1546229286.44
1546229286.47
1546229286.51
1546229286.54
1546229286.58
1546229286.61
1546229286.64
1546229286.67
1546229286.71
1546229286.74
1546229286.78
1546229286.81
1546229286.84
1546229286.87
1546229286.91
1546229286.94
1546229286.97
1546229287.01
1546229287.04
1546229287.07
1546229287.11
1546229287.14
1546229287.17
1546229287.21
1546229287.24
1546229287.27
1546229287.31
1546229287.34
1546229287.37
1546229287.41
1546229287.44
1546229287.47
1546229287.51
1546229287.54
1546229287.57
1546229287.61
1546229287.64
1546229287.67
1546229287.71
1546229287.74
1546229287.77
1546229287.81
1546229287.84
1546229287.88
1546229287.91
1546229287.94
1546229287.97
1546229288.01
1546229288.04
1546229288.07
1546229288.11
1546229288.14
1546229288.17
1546229288.21
1546229288.24
1546229288.27
1546229288.31
1546229288.34
1546229288.37
1546229288.41
1546229288.44
1546229288.47
1546229288.51
1546229288.54
1546229288.57
1546229288.61
1546229288.64
1546229288.67
1546229288.71
1546229288.74
1546229288.77
1546229288.81
1546229288.84
1546229288.87
1546229288.91
1546229288.94
1546229288.97
1546229289.01
1546229289.04
1546229289.07
1546229289.11
1546229289.14
1546229289.17
1546229289.21
1546229289.24
1546229289.27
1546229289.31
1546229289.34
1546229289.37
1546229289.41
1546229289.44
1546229289.47
1546229289.51
1546229289.54
1546229289.57
1546229289.61
1546229289.64
1546229289.67
1546229289.71
1546229289.74
1546229289.77
1546229289.81
1546229289.84
1546229289.87
1546229289.91
1546229289.94
1546229289.97
1546229290.01
1546229290.04
1546229290.07
1546229290.11
1546229290.14
1546229290.17
1546229290.2
1546229290.24
1546229290.27
1546229290.31
1546229290.34
1546229290.37
1546229290.41
1546229290.44
1546229290.47
1546229290.51
1546229290.54
1546229290.57
1546229290.61
1546229290.64
1546229290.67
1546229290.7
1546229290.74
1546229290.77
1546229290.81
1546229290.84
1546229290.87
1546229290.91
1546229290.94
1546229290.97
1546229291.01
1546229291.04
1546229291.07
1546229291.11
1546229291.14
1546229291.17
1546229291.21
1546229291.24
1546229291.27
1546229291.31
1546229291.34
1546229291.37
1546229291.41
1546229291.44
1546229291.47
1546229291.51
1546229291.54
1546229291.57
1546229291.61
1546229291.64
1546229291.67
1546229291.71
1546229291.74
1546229291.77
1546229291.81
1546229291.84
1546229291.87
1546229291.91
1546229291.94
1546229291.97
1546229292.01
1546229292.04
1546229292.07
1546229292.11
1546229292.14
1546229292.17
1546229292.21
1546229292.24
1546229292.28
1546229292.31
1546229292.34
1546229292.37
1546229292.41
1546229292.44
1546229292.47
1546229292.51
1546229292.54
1546229292.58
1546229292.61
1546229292.64
1546229292.67
1546229292.71
1546229292.74
1546229292.78
1546229292.81
1546229292.84
1546229292.87
1546229292.91
1546229292.94
1546229292.97
1546229293.01
1546229293.04
1546229293.08
1546229293.11
1546229293.14
1546229293.17
1546229293.21
1546229293.24
1546229293.28
1546229293.31
1546229293.34
1546229293.38
1546229293.41
1546229293.44
1546229293.47
1546229293.51
1546229293.54
1546229293.58
1546229293.61
1546229293.64
1546229293.67
1546229293.71
1546229293.74
1546229293.78
1546229293.81
1546229293.84
1546229293.88
1546229293.91
1546229293.94
1546229293.98
1546229294.01
1546229294.04
1546229294.08
1546229294.11
1546229294.14
1546229294.18
1546229294.21
1546229294.24
1546229294.28
1546229294.31
1546229294.34
1546229294.38
1546229294.41
1546229294.44
1546229294.48
1546229294.51
1546229294.54
1546229294.58
1546229294.61
1546229294.64
1546229294.68
1546229294.71
1546229294.74
1546229294.78
1546229294.81
1546229294.85
1546229294.88
1546229294.91
1546229294.94
1546229294.98
1546229295.01
1546229295.05
1546229295.08
1546229295.11
1546229295.15
1546229295.18
1546229295.21
1546229295.24
1546229295.28
1546229295.31
1546229295.34
1546229295.37
1546229295.4
1546229295.44
1546229295.47
1546229295.51
1546229295.54
1546229295.57
1546229295.61
1546229295.64
1546229295.67
1546229295.7
1546229295.74
1546229295.77
1546229295.8
1546229295.84
1546229295.87
1546229295.9
1546229295.94
1546229295.97
1546229296.01
1546229296.04
1546229296.07
1546229296.11
1546229296.14
1546229296.17
1546229296.2
1546229296.24
1546229296.27
1546229296.31
1546229296.34
1546229296.37
1546229296.4
1546229296.44
1546229296.47
1546229296.51
1546229296.54
1546229296.57
1546229296.61
1546229296.64
1546229296.67
1546229296.71
1546229296.74
1546229296.77
1546229296.81
1546229296.84
1546229296.87
1546229296.91
1546229296.94
1546229296.97
1546229297.01
1546229297.04
1546229297.07
1546229297.11
1546229297.14
1546229297.17
1546229297.2
1546229297.24
1546229297.27
1546229297.31
1546229297.34
1546229297.37
1546229297.4
1546229297.44
1546229297.47
1546229297.51
1546229297.54
1546229297.57
1546229297.61
1546229297.64
1546229297.67
1546229297.7
1546229297.74
1546229297.77
1546229297.8
1546229297.84
1546229297.87
1546229297.9
1546229297.94
1546229297.97
1546229298.01
1546229298.04
1546229298.07
1546229298.11
1546229298.14
1546229298.17
1546229298.2
1546229298.24
1546229298.27
1546229298.31
1546229298.34
1546229298.37
1546229298.4
1546229298.44
1546229298.47
1546229298.5
1546229298.54
1546229298.57
1546229298.6
1546229298.64
1546229298.67
1546229298.7
1546229298.74
1546229298.77
1546229298.8
1546229298.84
1546229298.87
1546229298.9
1546229298.94
1546229298.97
1546229299.0
1546229299.04
1546229299.07
1546229299.1
1546229299.14
1546229299.17
1546229299.2
1546229299.24
1546229299.27
1546229299.3
1546229299.34
1546229299.37
1546229299.4
1546229299.44
1546229299.47
1546229299.5
1546229299.54
1546229299.57
1546229299.6
1546229299.64
1546229299.67
1546229299.7
1546229299.73
1546229299.77
1546229299.8
1546229299.84
1546229299.87
1546229299.9
1546229299.94
1546229299.97
1546229300.0
1546229300.04
1546229300.07
1546229300.1
1546229300.13
1546229300.17
1546229300.2
1546229300.24
1546229300.27
1546229300.3
1546229300.34
1546229300.37
1546229300.4
1546229300.44
1546229300.47
1546229300.5
1546229300.54
1546229300.57
1546229300.6
1546229300.64
1546229300.67
1546229300.7
1546229300.74
1546229300.77
1546229300.8
1546229300.84
1546229300.87
1546229300.9
1546229300.94
1546229300.97
1546229301.0
1546229301.03
1546229301.07
1546229301.1
1546229301.13
1546229301.17
1546229301.2
1546229301.23
1546229301.27
1546229301.3
1546229301.34
1546229301.37
1546229301.4
1546229301.43
1546229301.47
1546229301.5
1546229301.53
1546229301.57
1546229301.6
1546229301.63
1546229301.67
1546229301.7
1546229301.73
1546229301.77
1546229301.8
1546229301.83
1546229301.87
1546229301.9
1546229301.93
1546229301.97
1546229302.0
1546229302.03
1546229302.07
1546229302.1
1546229302.13
1546229302.17
1546229302.2
1546229302.23
1546229302.27
1546229302.3
1546229302.33
1546229302.37
1546229302.4
1546229302.43
1546229302.47
1546229302.5
1546229302.53
1546229302.57
1546229302.6
1546229302.63
1546229302.67
1546229302.7
1546229302.73
1546229302.77
1546229302.8
1546229302.83
1546229302.87
1546229302.9
1546229302.93
1546229302.97
1546229303.0
1546229303.04
1546229303.07
1546229303.1
1546229303.13
1546229303.17
1546229303.2
1546229303.23
1546229303.27
1546229303.3
1546229303.33
1546229303.37
1546229303.4
1546229303.43
1546229303.47
1546229303.5
1546229303.53
1546229303.57
1546229303.6
1546229303.63
1546229303.67
1546229303.7
1546229303.73
1546229303.77
1546229303.8
1546229303.83
1546229303.87
1546229303.9
1546229303.93
1546229303.97
1546229304.0
1546229304.03
1546229304.07
1546229304.1
1546229304.13
1546229304.17
1546229304.2
1546229304.23
1546229304.27
1546229304.3
1546229304.33
1546229304.37
1546229304.4
1546229304.43
1546229304.47
1546229304.5
1546229304.53
1546229304.57
1546229304.6
1546229304.63
1546229304.67
1546229304.7
1546229304.73
1546229304.77
1546229304.8
1546229304.83
1546229304.87
1546229304.9
1546229304.93
1546229304.97
1546229305.0
1546229305.03
1546229305.07
1546229305.1
1546229305.13
1546229305.17
1546229305.2
1546229305.23
1546229305.27
1546229305.3
1546229305.33
1546229305.37
1546229305.4
1546229305.43
1546229305.47
1546229305.5
1546229305.53
1546229305.57
1546229305.6
1546229305.63
1546229305.67
1546229305.7
1546229305.73
1546229305.77
1546229305.8
1546229305.83
1546229305.87
1546229305.9
1546229305.93
1546229305.97
1546229306.0
1546229306.03
1546229306.07
1546229306.1
1546229306.13
1546229306.16
1546229306.2
1546229306.23
1546229306.27
1546229306.3
1546229306.33
1546229306.37
1546229306.4
1546229306.43
1546229306.47
1546229306.5
1546229306.53
1546229306.57
1546229306.6
1546229306.63
1546229306.66
1546229306.7
1546229306.73
1546229306.76
1546229306.8
1546229306.83
1546229306.87
1546229306.9
1546229306.93
1546229306.96
1546229307.0
1546229307.03
1546229307.07
1546229307.1
1546229307.13
1546229307.16
1546229307.2
1546229307.23
1546229307.26
1546229307.3
1546229307.33
1546229307.36
1546229307.4
1546229307.43
1546229307.46
1546229307.5
1546229307.53
1546229307.57
1546229307.6
1546229307.63
1546229307.66
1546229307.7
1546229307.73
1546229307.76
1546229307.8
1546229307.83
1546229307.87
1546229307.9
1546229307.93
1546229307.96
1546229308.0
1546229308.03
1546229308.06
1546229308.1
1546229308.13
1546229308.16
1546229308.2
1546229308.23
1546229308.26
1546229308.3
1546229308.33
1546229308.36
1546229308.4
1546229308.43
1546229308.46
1546229308.5
1546229308.53
1546229308.56
1546229308.6
1546229308.63
1546229308.66
1546229308.7
1546229308.73
1546229308.76
1546229308.8
1546229308.83
1546229308.86
1546229308.9
1546229308.93
1546229308.96
1546229309.0
1546229309.03
1546229309.06
1546229309.1
1546229309.13
1546229309.16
1546229309.2
1546229309.23
1546229309.26
1546229309.3
1546229309.33
1546229309.36
1546229309.4
1546229309.43
1546229309.46
1546229309.5
1546229309.53
1546229309.56
1546229309.6
1546229309.63
1546229309.66
1546229309.7
1546229309.73
1546229309.76
1546229309.8
1546229309.83
1546229309.86
1546229309.9
1546229309.93
1546229309.96
1546229310.0
1546229310.03
1546229310.06
1546229310.1
1546229310.13
1546229310.16
1546229310.2
1546229310.23
1546229310.27
1546229310.3
1546229310.33
1546229310.36
1546229310.4
1546229310.43
1546229310.46
1546229310.5
1546229310.53
1546229310.57
1546229310.6
1546229310.63
1546229310.66
1546229310.7
1546229310.73
1546229310.77
1546229310.8
1546229310.83
1546229310.87
1546229310.9
1546229310.93
1546229310.96
1546229311.0
1546229311.03
1546229311.07
1546229311.1
1546229311.13
1546229311.17
1546229311.2
1546229311.23
1546229311.27
1546229311.3
1546229311.33
1546229311.37
1546229311.4
1546229311.43
1546229311.46
1546229311.5
1546229311.53
1546229311.57
1546229311.6
1546229311.63
1546229311.67
1546229311.7
1546229311.73
1546229311.77
1546229311.8
1546229311.83
1546229311.87
1546229311.9
1546229311.93
1546229311.97
1546229312.0
1546229312.03
1546229312.07
1546229312.1
1546229312.13
1546229312.17
1546229312.2
1546229312.23
1546229312.27
1546229312.3
1546229312.33
1546229312.37
1546229312.4
1546229312.43
1546229312.47
1546229312.5
1546229312.53
1546229312.57
1546229312.6
1546229312.63
1546229312.67
1546229312.7
1546229312.73
1546229312.77
1546229312.8
1546229312.83
1546229312.87
1546229312.9
1546229312.93
1546229312.97
1546229313.0
1546229313.03
1546229313.07
1546229313.1
1546229313.13
1546229313.17
1546229313.2
1546229313.23
1546229313.27
1546229313.3
1546229313.33
1546229313.37
1546229313.4
1546229313.43
1546229313.46
1546229313.5
1546229313.53
1546229313.57
1546229313.6
1546229313.63
1546229313.67
1546229313.7
1546229313.73
1546229313.77
1546229313.8
1546229313.83
1546229313.87
1546229313.9
1546229313.93
1546229313.96
1546229314.0
1546229314.03
1546229314.07
1546229314.1
1546229314.13
1546229314.17
1546229314.2
1546229314.23
1546229314.27
1546229314.3
1546229314.33
1546229314.37
1546229314.4
1546229314.43
1546229314.47
1546229314.5
1546229314.53
1546229314.57
1546229314.6
1546229314.63
1546229314.67
1546229314.7
1546229314.73
1546229314.77
1546229314.8
1546229314.83
1546229314.87
1546229314.9
1546229314.93
1546229314.97
1546229315.0
1546229315.03
1546229315.07
1546229315.1
1546229315.13
1546229315.17
1546229315.2
1546229315.23
1546229315.27
1546229315.3
1546229315.34
1546229315.37
1546229315.4
1546229315.43
1546229315.47
1546229315.5
1546229315.54
1546229315.57
1546229315.6
1546229315.63
1546229315.67
1546229315.7
1546229315.73
1546229315.77
1546229315.8
1546229315.83
1546229315.87
1546229315.9
1546229315.93
1546229315.97
1546229316.0
1546229316.03
1546229316.07
1546229316.1
1546229316.13
1546229316.17
1546229316.2
1546229316.23
1546229316.27
1546229316.3
1546229316.33
1546229316.37
1546229316.4
1546229316.43
1546229316.47
1546229316.5
1546229316.53
1546229316.57
1546229316.6
1546229316.63
1546229316.67
1546229316.7
1546229316.73
1546229316.77
1546229316.8
1546229316.84
1546229316.87
1546229316.9
1546229316.93
1546229316.97
1546229317.0
1546229317.04
1546229317.07
1546229317.1
1546229317.13
1546229317.17
1546229317.2
1546229317.23
1546229317.27
1546229317.3
1546229317.34
1546229317.37
1546229317.4
1546229317.43
1546229317.47
1546229317.5
1546229317.54
1546229317.57
1546229317.6
1546229317.63
1546229317.67
1546229317.7
1546229317.73
1546229317.77
1546229317.8
1546229317.84
1546229317.87
1546229317.9
1546229317.94
1546229317.97
1546229318.0
1546229318.04
1546229318.07
1546229318.1
1546229318.14
1546229318.17
1546229318.2
1546229318.23
1546229318.27
1546229318.3
1546229318.34
1546229318.37
1546229318.4
1546229318.43
1546229318.46
1546229318.49
1546229318.53
1546229318.56
1546229318.6
1546229318.63
1546229318.66
1546229318.69
1546229318.73
1546229318.76
1546229318.8
1546229318.83
1546229318.86
1546229318.9
1546229318.93
1546229318.96
1546229318.99
1546229319.03
1546229319.06
1546229319.1
1546229319.13
1546229319.16
1546229319.2
1546229319.23
1546229319.26
1546229319.3
1546229319.33
1546229319.36
1546229319.4
1546229319.43
1546229319.46
1546229319.5
1546229319.53
1546229319.56
1546229319.6
1546229319.63
1546229319.66
1546229319.7
1546229319.73
1546229319.76
1546229319.8
1546229319.83
1546229319.86
1546229319.9
1546229319.93
1546229319.96
1546229319.99
1546229320.03
1546229320.06
1546229320.1
1546229320.13
1546229320.16
1546229320.2
1546229320.23
1546229320.26
1546229320.3
1546229320.33
1546229320.36
1546229320.39
1546229320.43
1546229320.46
1546229320.49
1546229320.53
1546229320.56
1546229320.6
1546229320.63
1546229320.66
1546229320.69
1546229320.73
1546229320.76
1546229320.8
1546229320.83
1546229320.86
1546229320.89
1546229320.93
1546229320.96
1546229320.99
1546229321.03
1546229321.06
1546229321.1
1546229321.13
1546229321.16
1546229321.19
1546229321.23
1546229321.26
1546229321.29
1546229321.33
1546229321.36
1546229321.39
1546229321.43
1546229321.46
1546229321.5
1546229321.53
1546229321.56
1546229321.6
1546229321.63
1546229321.66
1546229321.69
1546229321.73
1546229321.76
1546229321.8
1546229321.83
1546229321.86
1546229321.9
1546229321.93
1546229321.96
1546229321.99
1546229322.03
1546229322.06
1546229322.1
1546229322.13
1546229322.16
1546229322.19
1546229322.23
1546229322.26
1546229322.3
1546229322.33
1546229322.36
1546229322.39
1546229322.43
1546229322.46
1546229322.49
1546229322.53
1546229322.56
1546229322.6
1546229322.63
1546229322.66
1546229322.7
1546229322.73
1546229322.76
1546229322.8
1546229322.83
1546229322.86
1546229322.9
1546229322.93
1546229322.96
1546229323.0
1546229323.03
1546229323.06
1546229323.1
1546229323.13
1546229323.16
1546229323.2
1546229323.23
1546229323.26
1546229323.3
1546229323.33
1546229323.36
1546229323.4
1546229323.43
1546229323.46
1546229323.49
1546229323.53
1546229323.56
1546229323.6
1546229323.63
1546229323.66
1546229323.7
1546229323.73
1546229323.76
1546229323.8
1546229323.83
1546229323.86
1546229323.9
1546229323.93
1546229323.96
1546229324.0
1546229324.03
1546229324.06
1546229324.1
1546229324.13
1546229324.16
1546229324.2
1546229324.23
1546229324.26
1546229324.3
1546229324.33
1546229324.36
1546229324.39
1546229324.43
1546229324.46
1546229324.5
1546229324.53
1546229324.56
1546229324.6
1546229324.63
1546229324.66
1546229324.7
1546229324.73
1546229324.76
1546229324.79
1546229324.83
1546229324.86
1546229324.89
1546229324.93
1546229324.96
1546229324.99
1546229325.03
1546229325.06
1546229325.1
1546229325.13
1546229325.16
1546229325.2
1546229325.23
1546229325.26
1546229325.29
1546229325.33
1546229325.36
1546229325.39
1546229325.43
1546229325.46
1546229325.49
1546229325.53
1546229325.56
1546229325.6
1546229325.63
1546229325.66
1546229325.69
1546229325.73
1546229325.76
1546229325.8
1546229325.83
1546229325.86
1546229325.89
1546229325.93
1546229325.96
1546229325.99
1546229326.03
1546229326.06
1546229326.09
1546229326.13
1546229326.16
1546229326.19
1546229326.23
1546229326.26
1546229326.29
1546229326.33
1546229326.36
1546229326.39
1546229326.43
1546229326.46
1546229326.49
1546229326.53
1546229326.56
1546229326.59
1546229326.63
1546229326.66
1546229326.69
1546229326.73
1546229326.76
1546229326.79
1546229326.83
1546229326.86
1546229326.89
1546229326.92
1546229326.96
1546229326.99
1546229327.03
1546229327.06
1546229327.09
1546229327.13
1546229327.16
1546229327.19
1546229327.23
1546229327.26
1546229327.29
1546229327.33
1546229327.36
1546229327.39
1546229327.43
1546229327.46
1546229327.49
1546229327.53
1546229327.56
1546229327.59
1546229327.62
1546229327.66
1546229327.69
1546229327.72
1546229327.76
1546229327.79
1546229327.83
1546229327.86
1546229327.89
1546229327.92
1546229327.96
1546229327.99
1546229328.03
1546229328.06
1546229328.09
1546229328.12
1546229328.16
1546229328.19
1546229328.22
1546229328.26
1546229328.29
1546229328.33
1546229328.36
1546229328.39
1546229328.42
1546229328.46
1546229328.49
1546229328.52
1546229328.56
1546229328.59
1546229328.62
1546229328.66
1546229328.69
1546229328.72
1546229328.76
1546229328.79
1546229328.83
1546229328.86
1546229328.89
1546229328.92
1546229328.96
1546229328.99
1546229329.02
1546229329.06
1546229329.09
1546229329.12
1546229329.16
1546229329.19
1546229329.22
1546229329.26
1546229329.29
1546229329.32
1546229329.36
1546229329.39
1546229329.42
1546229329.46
1546229329.49
1546229329.52
1546229329.56
1546229329.59
1546229329.62
1546229329.66
1546229329.69
1546229329.73
1546229329.76
1546229329.79
1546229329.83
1546229329.86
1546229329.89
1546229329.93
1546229329.96
1546229329.99
1546229330.03
1546229330.06
1546229330.09
1546229330.13
1546229330.16
1546229330.19
1546229330.23
1546229330.26
1546229330.29
1546229330.33
1546229330.36
1546229330.39
1546229330.42
1546229330.46
1546229330.49
1546229330.53
1546229330.56
1546229330.59
1546229330.63
1546229330.66
1546229330.69
1546229330.72
1546229330.76
1546229330.79
1546229330.82
1546229330.86
1546229330.89
1546229330.92
1546229330.96
1546229330.99
1546229331.03
1546229331.06
1546229331.09
1546229331.13
1546229331.16
1546229331.19
1546229331.22
1546229331.26
1546229331.29
1546229331.32
1546229331.36
1546229331.39
1546229331.42
1546229331.46
1546229331.49
1546229331.52
1546229331.56
1546229331.59
1546229331.62
1546229331.66
1546229331.69
1546229331.72
1546229331.76
1546229331.79
1546229331.83
1546229331.86
1546229331.89
1546229331.92
1546229331.96
1546229331.99
1546229332.02
1546229332.06
1546229332.09
1546229332.12
1546229332.16
1546229332.19
1546229332.22
1546229332.26
1546229332.29
1546229332.32
1546229332.36
1546229332.39
1546229332.42
1546229332.46
1546229332.49
1546229332.52
1546229332.56
1546229332.59
1546229332.62
1546229332.66
1546229332.69
1546229332.72
1546229332.76
1546229332.79
1546229332.82
1546229332.86
1546229332.89
1546229332.92
1546229332.95
1546229332.99
1546229333.02
1546229333.06
1546229333.09
1546229333.12
1546229333.15
1546229333.19
1546229333.22
1546229333.26
1546229333.29
1546229333.32
1546229333.35
1546229333.39
1546229333.42
1546229333.45
1546229333.49
1546229333.52
1546229333.55
1546229333.59
1546229333.62
1546229333.65
1546229333.69
1546229333.72
1546229333.75
1546229333.79
1546229333.82
1546229333.85
1546229333.89
1546229333.92
1546229333.95
1546229333.99
1546229334.02
1546229334.05
1546229334.09
1546229334.12
1546229334.15
1546229334.19
1546229334.22
1546229334.25
1546229334.29
1546229334.32
1546229334.36
1546229334.39
1546229334.42
1546229334.45
1546229334.49
1546229334.52
1546229334.56
1546229334.59
1546229334.62
1546229334.65
1546229334.69
1546229334.72
1546229334.75
1546229334.79
1546229334.82
1546229334.86
1546229334.89
1546229334.92
1546229334.95
1546229334.99
1546229335.02
1546229335.06
1546229335.09
1546229335.12
1546229335.16
1546229335.19
1546229335.22
1546229335.26
1546229335.29
1546229335.32
1546229335.36
1546229335.39
1546229335.42
1546229335.45
1546229335.49
1546229335.52
1546229335.55
1546229335.59
1546229335.62
1546229335.65
1546229335.69
1546229335.72
1546229335.76
1546229335.79
1546229335.82
1546229335.86
1546229335.89
1546229335.92
1546229335.95
1546229335.99
1546229336.02
1546229336.05
1546229336.09
1546229336.12
1546229336.15
1546229336.19
1546229336.22
1546229336.25
1546229336.29
1546229336.32
1546229336.36
1546229336.39
1546229336.42
1546229336.45
1546229336.49
1546229336.52
1546229336.55
1546229336.59
1546229336.62
1546229336.65
1546229336.69
1546229336.72
1546229336.75
1546229336.79
1546229336.82
1546229336.86
1546229336.89
1546229336.92
1546229336.95
1546229336.99
1546229337.02
1546229337.06
1546229337.09
1546229337.12
1546229337.15
1546229337.19
1546229337.22
1546229337.25
1546229337.29
1546229337.32
1546229337.36
1546229337.39
1546229337.42
1546229337.45
1546229337.49
1546229337.52
1546229337.56
1546229337.59
1546229337.62
1546229337.65
1546229337.69
1546229337.72
1546229337.76
1546229337.79
1546229337.82
1546229337.86
1546229337.89
1546229337.92
1546229337.96
1546229337.99
1546229338.02
1546229338.06
1546229338.09
1546229338.12
1546229338.16
1546229338.19
1546229338.22
1546229338.26
1546229338.29
1546229338.32
1546229338.36
1546229338.39
1546229338.42
1546229338.46
1546229338.49
1546229338.52
1546229338.56
1546229338.59
1546229338.62
1546229338.66
1546229338.69
1546229338.72
1546229338.76
1546229338.79
1546229338.82
1546229338.86
1546229338.89
1546229338.92
1546229338.96
1546229338.99
1546229339.02
1546229339.06
1546229339.09
1546229339.12
1546229339.16
1546229339.19
1546229339.22
1546229339.26
1546229339.29
1546229339.32
1546229339.36
1546229339.39
1546229339.43
1546229339.46
1546229339.49
1546229339.52
1546229339.56
1546229339.59
1546229339.62
1546229339.66
1546229339.69
1546229339.72
1546229339.76
1546229339.79
1546229339.83
1546229339.86
1546229339.89
1546229339.93
1546229339.96
1546229339.99
1546229340.03
1546229340.06
1546229340.09
1546229340.13
1546229340.16
1546229340.19
1546229340.23
1546229340.26
1546229340.29
1546229340.33
1546229340.36
1546229340.39
1546229340.43
1546229340.46
1546229340.49
1546229340.53
1546229340.56
1546229340.59
1546229340.63
1546229340.66
1546229340.69
1546229340.73
1546229340.76
1546229340.79
1546229340.83
1546229340.86
1546229340.89
1546229340.93
1546229340.96
1546229340.99
1546229341.03
1546229341.06
1546229341.09
1546229341.13
1546229341.16
1546229341.19
1546229341.23
1546229341.26
1546229341.29
1546229341.33
1546229341.36
1546229341.39
1546229341.43
1546229341.46
1546229341.49
1546229341.52
1546229341.55
1546229341.59
1546229341.62
1546229341.65
1546229341.68
1546229341.72
1546229341.75
1546229341.79
1546229341.82
1546229341.85
1546229341.89
1546229341.92
1546229341.95
1546229341.98
1546229342.02
1546229342.05
1546229342.09
1546229342.12
1546229342.15
1546229342.19
1546229342.22
1546229342.25
1546229342.29
1546229342.32
1546229342.35
1546229342.39
1546229342.42
1546229342.45
1546229342.49
1546229342.52
1546229342.55
1546229342.59
1546229342.62
1546229342.65
1546229342.69
1546229342.72
1546229342.75
1546229342.79
1546229342.82
1546229342.85
1546229342.89
1546229342.92
1546229342.95
1546229342.99
1546229343.02
1546229343.05
1546229343.09
1546229343.12
1546229343.15
1546229343.19
1546229343.22
1546229343.25
1546229343.29
1546229343.32
1546229343.35
1546229343.39
1546229343.42
1546229343.45
1546229343.48
1546229343.52
1546229343.55
1546229343.59
1546229343.62
1546229343.65
1546229343.69
1546229343.72
1546229343.75
1546229343.79
1546229343.82
1546229343.85
1546229343.88
1546229343.92
1546229343.95
1546229343.98
1546229344.02
1546229344.05
1546229344.08
1546229344.12
1546229344.15
1546229344.18
1546229344.22
1546229344.25
1546229344.29
1546229344.32
1546229344.35
1546229344.38
1546229344.42
1546229344.45
1546229344.48
1546229344.52
1546229344.55
1546229344.59
1546229344.62
1546229344.65
1546229344.68
1546229344.72
1546229344.75
1546229344.79
1546229344.82
1546229344.85
1546229344.88
1546229344.92
1546229344.95
1546229344.98
1546229345.02
1546229345.05
1546229345.08
1546229345.12
1546229345.15
1546229345.18
1546229345.22
1546229345.25
1546229345.28
1546229345.32
1546229345.35
1546229345.38
1546229345.42
1546229345.45
1546229345.48
1546229345.52
1546229345.55
1546229345.58
1546229345.62
1546229345.65
1546229345.68
1546229345.72
1546229345.75
1546229345.78
1546229345.82
1546229345.85
1546229345.88
1546229345.92
1546229345.95
1546229345.98
1546229346.02
1546229346.05
1546229346.08
1546229346.12
1546229346.15
1546229346.18
1546229346.22
1546229346.25
1546229346.28
1546229346.32
1546229346.35
1546229346.38
1546229346.41
1546229346.45
1546229346.48
1546229346.52
1546229346.55
1546229346.58
1546229346.62
1546229346.65
1546229346.68
1546229346.71
1546229346.75
1546229346.78
1546229346.82
1546229346.85
1546229346.88
1546229346.91
1546229346.95
1546229346.98
1546229347.02
1546229347.05
1546229347.08
1546229347.12
1546229347.15
1546229347.18
1546229347.21
1546229347.25
1546229347.28
1546229347.32
1546229347.35
1546229347.38
1546229347.41
1546229347.45
1546229347.48
1546229347.52
1546229347.55
1546229347.58
1546229347.62
1546229347.65
1546229347.68
1546229347.71
1546229347.75
1546229347.78
1546229347.82
1546229347.85
1546229347.88
1546229347.91
1546229347.95
1546229347.98
1546229348.02
1546229348.05
1546229348.08
1546229348.12
1546229348.15
1546229348.18
1546229348.22
1546229348.25
1546229348.28
1546229348.32
1546229348.35
1546229348.38
1546229348.41
1546229348.45
1546229348.48
1546229348.52
1546229348.55
1546229348.58
1546229348.62
1546229348.65
1546229348.68
1546229348.71
1546229348.75
1546229348.78
1546229348.81
1546229348.85
1546229348.88
1546229348.91
1546229348.95
1546229348.98
1546229349.02
1546229349.05
1546229349.08
1546229349.12
1546229349.15
1546229349.18
1546229349.21
1546229349.25
1546229349.28
1546229349.32
1546229349.35
1546229349.38
1546229349.41
1546229349.45
1546229349.48
1546229349.51
1546229349.55
1546229349.58
1546229349.61
1546229349.65
1546229349.68
1546229349.71
1546229349.75
1546229349.78
1546229349.82
1546229349.85
1546229349.88
1546229349.91
1546229349.95
1546229349.98
1546229350.01
1546229350.05
1546229350.08
1546229350.12
1546229350.15
1546229350.18
1546229350.21
1546229350.25
1546229350.28
1546229350.32
1546229350.35
1546229350.38
1546229350.41
1546229350.45
1546229350.48
1546229350.52
1546229350.55
1546229350.58
1546229350.62
1546229350.65
1546229350.68
1546229350.71
1546229350.75
1546229350.78
1546229350.82
1546229350.85
1546229350.88
1546229350.91
1546229350.95
1546229350.98
1546229351.02
1546229351.05
1546229351.08
1546229351.12
1546229351.15
1546229351.18
1546229351.22
1546229351.25
1546229351.28
1546229351.32
1546229351.35
1546229351.38
1546229351.42
1546229351.45
1546229351.48
1546229351.52
1546229351.55
1546229351.58
1546229351.62
1546229351.65
1546229351.68
1546229351.72
1546229351.75
1546229351.78
1546229351.82
1546229351.85
1546229351.88
1546229351.92
1546229351.95
1546229351.98
1546229352.02
1546229352.05
1546229352.08
1546229352.12
1546229352.15
1546229352.18
1546229352.22
1546229352.25
1546229352.28
1546229352.32
1546229352.35
1546229352.38
1546229352.42
1546229352.45
1546229352.48
1546229352.52
1546229352.55
1546229352.58
1546229352.62
1546229352.65
1546229352.68
1546229352.72
1546229352.75
1546229352.78
1546229352.82
1546229352.85
1546229352.88
1546229352.92
1546229352.95
1546229352.98
1546229353.02
1546229353.05
1546229353.08
1546229353.12
1546229353.15
1546229353.18
1546229353.22
1546229353.25
1546229353.28
1546229353.32
1546229353.35
1546229353.38
1546229353.42
1546229353.45
1546229353.48
1546229353.52
1546229353.55
1546229353.58
1546229353.62
1546229353.65
1546229353.68
1546229353.72
1546229353.75
1546229353.79
1546229353.82
1546229353.85
1546229353.88
1546229353.92
1546229353.95
1546229353.98
1546229354.02
1546229354.05
1546229354.09
1546229354.12
1546229354.15
1546229354.18
1546229354.22
1546229354.25
1546229354.29
1546229354.32
1546229354.35
1546229354.38
1546229354.42
1546229354.45
1546229354.48
1546229354.52
1546229354.55
1546229354.59
1546229354.62
1546229354.65
1546229354.68
1546229354.72
1546229354.75
1546229354.79
1546229354.82
1546229354.85
1546229354.88
1546229354.92
1546229354.95
1546229354.98
1546229355.02
1546229355.05
1546229355.09
1546229355.12
1546229355.15
1546229355.18
1546229355.22
1546229355.25
1546229355.29
1546229355.32
1546229355.35
1546229355.38
1546229355.42
1546229355.45
1546229355.49
1546229355.52
1546229355.55
1546229355.59
1546229355.62
1546229355.65
1546229355.69
1546229355.72
1546229355.75
1546229355.79
1546229355.82
1546229355.85
1546229355.89
1546229355.92
1546229355.95
1546229355.99
1546229356.02
1546229356.05
1546229356.09
1546229356.12
1546229356.15
1546229356.19
1546229356.22
1546229356.25
1546229356.29
1546229356.32
1546229356.35
1546229356.39
1546229356.42
1546229356.45
1546229356.49
1546229356.52
1546229356.55
1546229356.59
1546229356.62
1546229356.65
1546229356.69
1546229356.72
1546229356.75
1546229356.79
1546229356.82
1546229356.85
1546229356.89
1546229356.92
1546229356.95
1546229356.99
1546229357.02
1546229357.05
1546229357.09
1546229357.12
1546229357.15
1546229357.19
1546229357.22
1546229357.25
1546229357.29
1546229357.32
1546229357.35
1546229357.39
1546229357.42
1546229357.45
1546229357.49
1546229357.52
1546229357.55
1546229357.59
1546229357.62
1546229357.65
1546229357.69
1546229357.72
1546229357.75
1546229357.79
1546229357.82
1546229357.86
1546229357.89
1546229357.92
1546229357.95
1546229357.99
1546229358.02
1546229358.06
1546229358.09
1546229358.12
1546229358.15
1546229358.19
1546229358.22
1546229358.26
1546229358.29
1546229358.32
1546229358.36
1546229358.39
1546229358.42
1546229358.46
1546229358.49
1546229358.52
1546229358.56
1546229358.59
1546229358.62
1546229358.65
1546229358.69
1546229358.72
1546229358.76
1546229358.79
1546229358.82
1546229358.86
1546229358.89
1546229358.92
1546229358.96
1546229358.99
1546229359.02
1546229359.06
1546229359.09
1546229359.12
1546229359.16
1546229359.19
1546229359.22
1546229359.26
1546229359.29
1546229359.32
1546229359.36
1546229359.39
1546229359.42
1546229359.46
1546229359.49
1546229359.52
1546229359.56
1546229359.59
1546229359.62
1546229359.66
1546229359.69
1546229359.72
1546229359.76
1546229359.79
1546229359.82
1546229359.86
1546229359.89
1546229359.92
1546229359.96
1546229359.99
1546229360.02
1546229360.06
1546229360.09
1546229360.12
1546229360.16
1546229360.19
1546229360.22
1546229360.26
1546229360.29
1546229360.33
1546229360.36
1546229360.39
1546229360.43
1546229360.46
1546229360.49
1546229360.53
1546229360.56
1546229360.59
1546229360.63
1546229360.66
1546229360.69
1546229360.73
1546229360.76
1546229360.79
1546229360.83
1546229360.86
1546229360.89
1546229360.93
1546229360.96
1546229360.99
1546229361.03
1546229361.06
1546229361.09
1546229361.13
1546229361.16
1546229361.19
1546229361.23
1546229361.26
1546229361.29
1546229361.33
1546229361.36
1546229361.39
1546229361.43
1546229361.46
1546229361.49
1546229361.53
1546229361.56
1546229361.59
1546229361.63
1546229361.66
1546229361.69
1546229361.73
1546229361.76
1546229361.8
1546229361.83
1546229361.86
1546229361.89
1546229361.93
1546229361.96
1546229362.0
1546229362.03
1546229362.06
1546229362.1
1546229362.13
1546229362.16
1546229362.2
1546229362.23
1546229362.26
1546229362.3
1546229362.33
1546229362.36
1546229362.4
1546229362.43
1546229362.46
1546229362.5
1546229362.53
1546229362.56
1546229362.6
1546229362.63
1546229362.66
1546229362.7
1546229362.73
1546229362.76
1546229362.8
1546229362.83
1546229362.86
1546229362.9
1546229362.93
1546229362.96
1546229363.0
1546229363.03
1546229363.06
1546229363.1
1546229363.13
1546229363.16
1546229363.2
1546229363.23
1546229363.27
1546229363.3
1546229363.33
1546229363.37
1546229363.4
1546229363.43
1546229363.47
1546229363.5
1546229363.53
1546229363.57
1546229363.6
1546229363.63
1546229363.67
1546229363.7
1546229363.73
1546229363.77
1546229363.8
1546229363.83
1546229363.87
1546229363.9
1546229363.93
1546229363.97
1546229364.0
1546229364.03
1546229364.07
1546229364.1
1546229364.13
1546229364.17
1546229364.2
1546229364.23
1546229364.27
1546229364.3
1546229364.33
1546229364.36
1546229364.39
1546229364.43
1546229364.46
1546229364.49
1546229364.53
1546229364.56
1546229364.6
1546229364.63
1546229364.66
1546229364.69
1546229364.73
1546229364.76
1546229364.8
1546229364.83
1546229364.86
1546229364.89
1546229364.93
1546229364.96
1546229365.0
1546229365.03
1546229365.06
1546229365.1
1546229365.13
1546229365.16
1546229365.19
1546229365.23
1546229365.26
1546229365.3
1546229365.33
1546229365.36
1546229365.39
1546229365.43
1546229365.46
1546229365.49
1546229365.53
1546229365.56
1546229365.6
1546229365.63
1546229365.66
1546229365.7
1546229365.73
1546229365.76
1546229365.8
1546229365.83
1546229365.86
1546229365.9
1546229365.93
1546229365.96
1546229365.99
1546229366.03
1546229366.06
1546229366.1
1546229366.13
1546229366.16
1546229366.2
1546229366.23
1546229366.26
1546229366.3
1546229366.33
1546229366.36
1546229366.4
1546229366.43
1546229366.46
1546229366.5
1546229366.53
1546229366.56
1546229366.6
1546229366.63
1546229366.66
1546229366.7
1546229366.73
1546229366.76
1546229366.8
1546229366.83
1546229366.86
1546229366.9
1546229366.93
1546229366.96
1546229367.0
1546229367.03
1546229367.06
1546229367.1
1546229367.13
1546229367.16
1546229367.2
1546229367.23
1546229367.26
1546229367.3
1546229367.33
1546229367.36
1546229367.4
1546229367.43
1546229367.46
1546229367.5
1546229367.53
1546229367.56
1546229367.6
1546229367.63
1546229367.66
1546229367.7
1546229367.73
1546229367.76
1546229367.8
1546229367.83
1546229367.86
1546229367.9
1546229367.93
1546229367.96
1546229368.0
1546229368.03
1546229368.06
1546229368.1
1546229368.13
1546229368.16
1546229368.2
1546229368.23
1546229368.26
1546229368.3
1546229368.33
1546229368.36
1546229368.4
1546229368.43
1546229368.46
1546229368.5
1546229368.53
1546229368.56
1546229368.6
1546229368.63
1546229368.66
1546229368.7
1546229368.73
1546229368.77
1546229368.8
1546229368.83
1546229368.87
1546229368.9
1546229368.93
1546229368.96
1546229369.0
1546229369.03
1546229369.07
1546229369.1
1546229369.13
1546229369.16
1546229369.2
1546229369.23
1546229369.27
1546229369.3
1546229369.33
1546229369.37
1546229369.4
1546229369.43
1546229369.46
1546229369.5
1546229369.53
1546229369.57
1546229369.6
1546229369.63
1546229369.66
1546229369.7
1546229369.73
1546229369.77
1546229369.8
1546229369.83
1546229369.87
1546229369.9
1546229369.93
1546229369.96
1546229370.0
1546229370.03
1546229370.07
1546229370.1
1546229370.13
1546229370.16
1546229370.2
1546229370.23
1546229370.27
1546229370.3
1546229370.33
1546229370.37
1546229370.4
1546229370.43
1546229370.47
1546229370.5
1546229370.53
1546229370.57
1546229370.6
1546229370.63
1546229370.67
1546229370.7
1546229370.73
1546229370.77
1546229370.8
1546229370.83
1546229370.87
1546229370.9
1546229370.93
1546229370.97
1546229371.0
1546229371.03
1546229371.07
1546229371.1
1546229371.13
1546229371.17
1546229371.2
1546229371.23
1546229371.27
1546229371.3
1546229371.33
1546229371.37
1546229371.4
1546229371.43
1546229371.47
1546229371.5
1546229371.53
1546229371.57
1546229371.6
1546229371.63
1546229371.67
1546229371.7
1546229371.73
1546229371.77
1546229371.8
1546229371.83
1546229371.87
1546229371.9
1546229371.93
1546229371.97
1546229372.0
1546229372.03
1546229372.07
1546229372.1
1546229372.13
1546229372.17
1546229372.2
1546229372.23
1546229372.27
1546229372.3
1546229372.33
1546229372.37
1546229372.4
1546229372.43
1546229372.47
1546229372.5
1546229372.53
1546229372.57
1546229372.6
1546229372.63
1546229372.67
1546229372.7
1546229372.73
1546229372.77
1546229372.8
1546229372.83
1546229372.87
1546229372.9
1546229372.93
1546229372.97
1546229373.0
1546229373.04
1546229373.07
1546229373.1
1546229373.14
1546229373.17
1546229373.2
1546229373.23
1546229373.27
1546229373.3
1546229373.34
1546229373.37
1546229373.4
1546229373.43
1546229373.47
1546229373.5
1546229373.54
1546229373.57
1546229373.6
1546229373.63
1546229373.67
1546229373.7
1546229373.73
1546229373.77
1546229373.8
1546229373.84
1546229373.87
1546229373.9
1546229373.94
1546229373.97
1546229374.0
1546229374.04
1546229374.07
1546229374.1
1546229374.14
1546229374.17
1546229374.2
1546229374.24
1546229374.27
1546229374.3
1546229374.34
1546229374.37
1546229374.4
1546229374.44
1546229374.47
1546229374.5
1546229374.54
1546229374.57
1546229374.6
1546229374.63
1546229374.67
1546229374.7
1546229374.73
1546229374.77
1546229374.8
1546229374.84
1546229374.87
1546229374.9
1546229374.93
1546229374.97
1546229375.0
1546229375.04
1546229375.07
1546229375.1
1546229375.13
1546229375.17
1546229375.2
1546229375.23
1546229375.27
1546229375.3
1546229375.34
1546229375.37
1546229375.4
1546229375.43
1546229375.47
1546229375.5
1546229375.54
1546229375.57
1546229375.6
1546229375.63
1546229375.67
1546229375.7
1546229375.73
1546229375.77
1546229375.8
1546229375.83
1546229375.87
1546229375.9
1546229375.93
1546229375.97
1546229376.0
1546229376.04
1546229376.07
1546229376.1
1546229376.13
1546229376.17
1546229376.2
1546229376.23
1546229376.27
1546229376.3
1546229376.34
1546229376.37
1546229376.4
1546229376.43
1546229376.47
1546229376.5
1546229376.53
1546229376.57
1546229376.6
1546229376.63
1546229376.67
1546229376.7
1546229376.73
1546229376.77
1546229376.8
1546229376.83
1546229376.87
1546229376.9
1546229376.93
1546229376.97
1546229377.0
1546229377.03
1546229377.07
1546229377.1
1546229377.13
1546229377.17
1546229377.2
1546229377.23
1546229377.27
1546229377.3
1546229377.33
1546229377.37
1546229377.4
1546229377.43
1546229377.47
1546229377.5
1546229377.53
1546229377.57
1546229377.6
1546229377.63
1546229377.67
1546229377.7
1546229377.73
1546229377.77
1546229377.8
1546229377.83
1546229377.87
1546229377.9
1546229377.93
1546229377.97
1546229378.0
1546229378.03
1546229378.07
1546229378.1
1546229378.13
1546229378.17
1546229378.2
1546229378.23
1546229378.27
1546229378.3
1546229378.33
1546229378.37
1546229378.4
1546229378.43
1546229378.47
1546229378.5
1546229378.53
1546229378.57
1546229378.6
1546229378.63
1546229378.67
1546229378.7
1546229378.73
1546229378.77
1546229378.8
1546229378.83
1546229378.87
1546229378.9
1546229378.93
1546229378.97
1546229379.0
1546229379.03
1546229379.07
1546229379.1
1546229379.13
1546229379.17
1546229379.2
1546229379.23
1546229379.27
1546229379.3
1546229379.33
1546229379.37
1546229379.4
1546229379.43
1546229379.46
1546229379.5
1546229379.53
1546229379.57
1546229379.6
1546229379.63
1546229379.67
1546229379.7
1546229379.73
1546229379.77
1546229379.8
1546229379.83
1546229379.87
1546229379.9
1546229379.93
1546229379.97
1546229380.0
1546229380.03
1546229380.07
1546229380.1
1546229380.13
1546229380.17
1546229380.2
1546229380.23
1546229380.27
1546229380.3
1546229380.33
1546229380.37
1546229380.4
1546229380.43
1546229380.46
1546229380.5
1546229380.53
1546229380.57
1546229380.6
1546229380.63
1546229380.66
1546229380.7
1546229380.73
1546229380.77
1546229380.8
1546229380.83
1546229380.87
1546229380.9
1546229380.93
1546229380.97
1546229381.0
1546229381.03
1546229381.07
1546229381.1
1546229381.13
1546229381.17
1546229381.2
1546229381.23
1546229381.27
1546229381.3
1546229381.33
1546229381.37
1546229381.4
1546229381.43
1546229381.47
1546229381.5
1546229381.53
1546229381.57
1546229381.6
1546229381.63
1546229381.67
1546229381.7
1546229381.73
1546229381.77
1546229381.8
1546229381.83
1546229381.87
1546229381.9
1546229381.93
1546229381.97
1546229382.0
1546229382.03
1546229382.07
1546229382.1
1546229382.13
1546229382.17
1546229382.2
1546229382.23
1546229382.27
1546229382.3
1546229382.33
1546229382.37
1546229382.4
1546229382.43
1546229382.47
1546229382.5
1546229382.53
1546229382.57
1546229382.6
1546229382.63
1546229382.67
1546229382.7
1546229382.73
1546229382.77
1546229382.8
1546229382.84
1546229382.87
1546229382.9
1546229382.93
1546229382.97
1546229383.0
1546229383.03
1546229383.07
1546229383.1
1546229383.13
1546229383.17
1546229383.2
1546229383.23
1546229383.27
1546229383.3
1546229383.34
1546229383.37
1546229383.4
1546229383.43
1546229383.47
1546229383.5
1546229383.54
1546229383.57
1546229383.6
1546229383.64
1546229383.67
1546229383.7
1546229383.73
1546229383.77
1546229383.8
1546229383.84
1546229383.87
1546229383.9
1546229383.94
1546229383.97
1546229384.0
1546229384.04
1546229384.07
1546229384.1
1546229384.14
1546229384.17
1546229384.2
1546229384.24
1546229384.27
1546229384.3
1546229384.34
1546229384.37
1546229384.4
1546229384.44
1546229384.47
1546229384.5
1546229384.54
1546229384.57
1546229384.6
1546229384.64
1546229384.67
1546229384.7
1546229384.74
1546229384.77
1546229384.8
1546229384.84
1546229384.87
1546229384.9
1546229384.94
1546229384.97
1546229385.0
1546229385.04
1546229385.07
1546229385.11
1546229385.14
1546229385.17
1546229385.2
1546229385.24
1546229385.27
1546229385.31
1546229385.34
1546229385.37
1546229385.4
1546229385.44
1546229385.47
1546229385.51
1546229385.54
1546229385.57
1546229385.61
1546229385.64
1546229385.67
1546229385.7
1546229385.74
1546229385.77
1546229385.8
1546229385.84
1546229385.87
1546229385.9
1546229385.94
1546229385.97
1546229386.01
1546229386.04
1546229386.07
1546229386.11
1546229386.14
1546229386.17
1546229386.2
1546229386.24
1546229386.27
1546229386.3
1546229386.34
1546229386.37
1546229386.4
1546229386.44
1546229386.47
1546229386.51
1546229386.54
1546229386.57
1546229386.6
1546229386.64
1546229386.67
1546229386.7
1546229386.74
1546229386.77
1546229386.8
1546229386.84
1546229386.87
1546229386.9
1546229386.94
1546229386.97
1546229387.01
1546229387.04
1546229387.07
1546229387.1
1546229387.14
1546229387.17
1546229387.2
1546229387.23
1546229387.26
1546229387.3
1546229387.33
1546229387.36
1546229387.4
1546229387.43
1546229387.46
1546229387.5
1546229387.53
1546229387.56
1546229387.6
1546229387.63
1546229387.66
1546229387.7
1546229387.73
1546229387.76
1546229387.8
1546229387.83
1546229387.86
1546229387.9
1546229387.93
1546229387.96
1546229388.0
1546229388.03
1546229388.06
1546229388.1
1546229388.13
1546229388.16
1546229388.2
1546229388.23
1546229388.26
1546229388.3
1546229388.33
1546229388.36
1546229388.4
1546229388.43
1546229388.46
1546229388.5
1546229388.53
1546229388.56
1546229388.6
1546229388.63
1546229388.66
1546229388.7
1546229388.73
1546229388.76
1546229388.8
1546229388.83
1546229388.86
1546229388.9
1546229388.93
1546229388.96
1546229389.0
1546229389.03
1546229389.07
1546229389.1
1546229389.13
1546229389.16
1546229389.2
1546229389.23
1546229389.26
1546229389.3
1546229389.33
1546229389.36
1546229389.4
1546229389.43
1546229389.46
1546229389.5
1546229389.53
1546229389.57
1546229389.6
1546229389.63
1546229389.66
1546229389.7
1546229389.73
1546229389.77
1546229389.8
1546229389.83
1546229389.87
1546229389.9
1546229389.93
1546229389.96
1546229390.0
1546229390.03
1546229390.07
1546229390.1
1546229390.13
1546229390.16
1546229390.2
1546229390.23
1546229390.27
1546229390.3
1546229390.33
1546229390.37
1546229390.4
1546229390.43
1546229390.47
1546229390.5
1546229390.53
1546229390.57
1546229390.6
1546229390.63
1546229390.66
1546229390.7
1546229390.73
1546229390.77
1546229390.8
1546229390.83
1546229390.87
1546229390.9
1546229390.93
1546229390.97
1546229391.0
1546229391.03
1546229391.07
1546229391.1
1546229391.13
1546229391.16
1546229391.2
1546229391.23
1546229391.27
1546229391.3
1546229391.33
1546229391.37
1546229391.4
1546229391.43
1546229391.46
1546229391.5
1546229391.53
1546229391.57
1546229391.6
1546229391.63
1546229391.67
1546229391.7
1546229391.73
1546229391.77
1546229391.8
1546229391.83
1546229391.87
1546229391.9
1546229391.93
1546229391.97
1546229392.0
1546229392.03
1546229392.07
1546229392.1
1546229392.13
1546229392.17
1546229392.2
1546229392.23
1546229392.27
1546229392.3
1546229392.33
1546229392.37
1546229392.4
1546229392.43
1546229392.47
1546229392.5
1546229392.53
1546229392.57
1546229392.6
1546229392.63
1546229392.67
1546229392.7
1546229392.73
1546229392.77
1546229392.8
1546229392.83
1546229392.87
1546229392.9
1546229392.93
1546229392.97
1546229393.0
1546229393.03
1546229393.07
1546229393.1
1546229393.13
1546229393.17
1546229393.2
1546229393.23
1546229393.27
1546229393.3
1546229393.33
1546229393.37
1546229393.4
1546229393.43
1546229393.47
1546229393.5
1546229393.53
1546229393.57
1546229393.6
1546229393.63
1546229393.67
1546229393.7
1546229393.73
1546229393.77
1546229393.8
1546229393.83
1546229393.87
1546229393.9
1546229393.93
1546229393.97
1546229394.0
1546229394.03
1546229394.07
1546229394.1
1546229394.13
1546229394.17
1546229394.2
1546229394.23
1546229394.27
1546229394.3
1546229394.33
1546229394.37
1546229394.4
1546229394.43
1546229394.47
1546229394.5
1546229394.53
1546229394.57
1546229394.6
1546229394.63
1546229394.67
1546229394.7
1546229394.73
1546229394.77
1546229394.8
1546229394.83
1546229394.87
1546229394.9
1546229394.93
1546229394.97
1546229395.0
1546229395.03
1546229395.07
1546229395.1
1546229395.13
1546229395.16
1546229395.2
1546229395.23
1546229395.27
1546229395.3
1546229395.33
1546229395.37
1546229395.4
1546229395.43
1546229395.47
1546229395.5
1546229395.53
1546229395.57
1546229395.6
1546229395.63
1546229395.67
1546229395.7
1546229395.73
1546229395.77
1546229395.8
1546229395.83
1546229395.87
1546229395.9
1546229395.93
1546229395.97
1546229396.0
1546229396.03
1546229396.07
1546229396.1
1546229396.13
1546229396.17
1546229396.2
1546229396.23
1546229396.27
1546229396.3
1546229396.33
1546229396.37
1546229396.4
1546229396.43
1546229396.47
1546229396.5
1546229396.53
1546229396.57
1546229396.6
1546229396.63
1546229396.67
1546229396.7
1546229396.73
1546229396.77
1546229396.8
1546229396.83
1546229396.87
1546229396.9
1546229396.93
1546229396.97
1546229397.0
1546229397.03
1546229397.07
1546229397.1
1546229397.13
1546229397.17
1546229397.2
1546229397.23
1546229397.27
1546229397.3
1546229397.33
1546229397.37
1546229397.4
1546229397.43
1546229397.47
1546229397.5
1546229397.53
1546229397.57
1546229397.6
1546229397.63
1546229397.67
1546229397.7
1546229397.73
1546229397.77
1546229397.8
1546229397.83
1546229397.87
1546229397.9
1546229397.93
1546229397.97
1546229398.0
1546229398.03
1546229398.07
1546229398.1
1546229398.13
1546229398.17
1546229398.2
1546229398.23
1546229398.27
1546229398.3
1546229398.33
1546229398.37
1546229398.4
1546229398.43
1546229398.47
1546229398.5
1546229398.53
1546229398.57
1546229398.6
1546229398.63
1546229398.67
1546229398.7
1546229398.73
1546229398.77
1546229398.8
1546229398.83
1546229398.87
1546229398.9
1546229398.93
1546229398.97
1546229399.0
1546229399.03
1546229399.07
1546229399.1
1546229399.13
1546229399.17
1546229399.2
1546229399.23
1546229399.27
1546229399.3
1546229399.33
1546229399.37
1546229399.4
1546229399.43
1546229399.47
1546229399.5
1546229399.53
1546229399.57
1546229399.6
1546229399.64
1546229399.67
1546229399.7
1546229399.74
1546229399.77
1546229399.8
1546229399.84
1546229399.87
1546229399.9
1546229399.94
1546229399.97
1546229400.0
1546229400.04
1546229400.07
1546229400.1
1546229400.14
1546229400.17
1546229400.2
1546229400.24
1546229400.27
1546229400.3
1546229400.34
1546229400.37
1546229400.4
1546229400.44
1546229400.47
1546229400.5
1546229400.54
1546229400.57
1546229400.6
1546229400.64
1546229400.67
1546229400.7
1546229400.74
1546229400.77
1546229400.8
1546229400.84
1546229400.87
1546229400.9
1546229400.94
1546229400.97
1546229401.0
1546229401.04
1546229401.07
1546229401.1
1546229401.14
1546229401.17
1546229401.2
1546229401.24
1546229401.27
1546229401.3
1546229401.34
1546229401.37
1546229401.4
1546229401.44
1546229401.47
1546229401.5
1546229401.54
1546229401.57
1546229401.6
1546229401.64
1546229401.67
1546229401.7
1546229401.74
1546229401.77
1546229401.8
1546229401.84
1546229401.87
1546229401.9
1546229401.94
1546229401.97
1546229402.0
1546229402.04
1546229402.07
1546229402.1
1546229402.14
1546229402.17
1546229402.2
1546229402.24
1546229402.27
1546229402.3
1546229402.34
1546229402.37
1546229402.4
