1546222744.51
1546222744.65
1546222744.69
1546222744.72
1546222744.75
1546222744.78
1546222744.81
1546222744.84
1546222744.87
1546222744.91
1546222744.94
1546222744.97
1546222745.01
1546222745.04
1546222745.07
1546222745.11
1546222745.14
1546222745.17
1546222745.21
1546222745.24
1546222745.27
1546222745.31
1546222745.34
1546222745.37
1546222745.41
1546222745.44
1546222745.47
1546222745.51
1546222745.54
1546222745.58
1546222745.61
1546222745.64
1546222745.67
1546222745.71
1546222745.74
1546222745.77
1546222745.81
1546222745.84
1546222745.87
1546222745.91
1546222745.94
1546222745.97
1546222746.01
1546222746.04
1546222746.07
1546222746.11
1546222746.14
1546222746.17
1546222746.21
1546222746.24
1546222746.27
1546222746.31
1546222746.34
1546222746.38
1546222746.41
1546222746.44
1546222746.47
1546222746.51
1546222746.54
1546222746.57
1546222746.61
1546222746.64
1546222746.67
1546222746.71
1546222746.74
1546222746.77
1546222746.81
1546222746.84
1546222746.87
1546222746.91
1546222746.94
1546222746.97
1546222747.01
1546222747.04
1546222747.07
1546222747.11
1546222747.14
1546222747.17
1546222747.21
1546222747.24
1546222747.27
1546222747.31
1546222747.34
1546222747.37
1546222747.41
1546222747.44
1546222747.47
1546222747.51
1546222747.54
1546222747.57
1546222747.61
1546222747.64
1546222747.67
1546222747.71
1546222747.74
1546222747.78
1546222747.81
1546222747.84
1546222747.87
1546222747.91
1546222747.94
1546222747.97
1546222748.01
1546222748.04
1546222748.08
1546222748.11
1546222748.14
1546222748.17
1546222748.21
1546222748.24
1546222748.28
1546222748.31
1546222748.34
1546222748.37
1546222748.41
1546222748.44
1546222748.47
1546222748.51
1546222748.54
1546222748.58
1546222748.61
1546222748.64
1546222748.67
1546222748.71
1546222748.74
1546222748.77
1546222748.81
1546222748.84
1546222748.87
1546222748.91
1546222748.94
1546222748.97
1546222749.01
1546222749.04
1546222749.07
1546222749.11
1546222749.14
1546222749.17
1546222749.21
1546222749.24
1546222749.27
1546222749.31
1546222749.34
1546222749.37
1546222749.41
1546222749.44
1546222749.47
1546222749.51
1546222749.54
1546222749.57
1546222749.61
1546222749.64
1546222749.67
1546222749.71
1546222749.74
1546222749.77
1546222749.81
1546222749.84
1546222749.87
1546222749.91
1546222749.94
1546222749.97
1546222750.01
1546222750.04
1546222750.07
1546222750.11
1546222750.14
1546222750.17
1546222750.21
1546222750.24
1546222750.27
1546222750.31
1546222750.34
1546222750.37
1546222750.41
1546222750.44
1546222750.47
1546222750.51
1546222750.54
1546222750.57
1546222750.61
1546222750.64
1546222750.67
1546222750.71
1546222750.74
1546222750.77
1546222750.81
1546222750.84
1546222750.87
1546222750.91
1546222750.94
1546222750.97
1546222751.01
1546222751.04
1546222751.07
1546222751.11
1546222751.14
1546222751.17
1546222751.21
1546222751.24
1546222751.27
1546222751.31
1546222751.34
1546222751.37
1546222751.41
1546222751.44
1546222751.47
1546222751.51
1546222751.54
1546222751.57
1546222751.61
1546222751.64
1546222751.67
1546222751.7
1546222751.74
1546222751.77
1546222751.81
1546222751.84
1546222751.87
1546222751.9
1546222751.94
1546222751.97
1546222752.0
1546222752.04
1546222752.07
1546222752.11
1546222752.14
1546222752.17
1546222752.2
1546222752.24
1546222752.27
1546222752.31
1546222752.34
1546222752.37
1546222752.4
1546222752.44
1546222752.47
1546222752.5
1546222752.54
1546222752.57
1546222752.61
1546222752.64
1546222752.67
1546222752.7
1546222752.74
1546222752.77
1546222752.81
1546222752.84
1546222752.87
1546222752.9
1546222752.94
1546222752.97
1546222753.01
1546222753.04
1546222753.07
1546222753.11
1546222753.14
1546222753.17
1546222753.2
1546222753.24
1546222753.27
1546222753.31
1546222753.34
1546222753.37
1546222753.4
1546222753.44
1546222753.47
1546222753.51
1546222753.54
1546222753.57
1546222753.61
1546222753.64
1546222753.67
1546222753.71
1546222753.74
1546222753.77
1546222753.81
1546222753.84
1546222753.87
1546222753.91
1546222753.94
1546222753.97
1546222754.01
1546222754.04
1546222754.07
1546222754.11
1546222754.14
1546222754.17
1546222754.21
1546222754.24
1546222754.27
1546222754.31
1546222754.34
1546222754.37
1546222754.41
1546222754.44
1546222754.47
1546222754.51
1546222754.54
1546222754.57
1546222754.61
1546222754.64
1546222754.67
1546222754.71
1546222754.74
1546222754.77
1546222754.81
1546222754.84
1546222754.87
1546222754.91
1546222754.94
1546222754.97
1546222755.01
1546222755.04
1546222755.07
1546222755.11
1546222755.14
1546222755.17
1546222755.21
1546222755.24
1546222755.27
1546222755.31
1546222755.34
1546222755.37
1546222755.41
1546222755.44
1546222755.47
1546222755.51
1546222755.54
1546222755.57
1546222755.61
1546222755.64
1546222755.67
1546222755.71
1546222755.74
1546222755.77
1546222755.81
1546222755.84
1546222755.88
1546222755.91
1546222755.94
1546222755.97
1546222756.01
1546222756.04
1546222756.08
1546222756.11
1546222756.14
1546222756.17
1546222756.21
1546222756.24
1546222756.28
1546222756.31
1546222756.34
1546222756.38
1546222756.41
1546222756.44
1546222756.48
1546222756.51
1546222756.54
1546222756.58
1546222756.61
1546222756.64
1546222756.68
1546222756.71
1546222756.74
1546222756.78
1546222756.81
1546222756.84
1546222756.88
1546222756.91
1546222756.94
1546222756.98
1546222757.01
1546222757.04
1546222757.08
1546222757.11
1546222757.14
1546222757.18
1546222757.21
1546222757.24
1546222757.28
1546222757.31
1546222757.34
1546222757.38
1546222757.41
1546222757.44
1546222757.47
1546222757.51
1546222757.54
1546222757.57
1546222757.6
1546222757.64
1546222757.67
1546222757.7
1546222757.74
1546222757.77
1546222757.81
1546222757.84
1546222757.87
1546222757.9
1546222757.94
1546222757.97
1546222758.0
1546222758.04
1546222758.07
1546222758.1
1546222758.14
1546222758.17
1546222758.2
1546222758.24
1546222758.27
1546222758.3
1546222758.34
1546222758.37
1546222758.4
1546222758.44
1546222758.47
1546222758.5
1546222758.54
1546222758.57
1546222758.6
1546222758.64
1546222758.67
1546222758.7
1546222758.74
1546222758.77
1546222758.8
1546222758.84
1546222758.87
1546222758.9
1546222758.94
1546222758.97
1546222759.0
1546222759.04
1546222759.07
1546222759.1
1546222759.14
1546222759.17
1546222759.2
1546222759.24
1546222759.27
1546222759.3
1546222759.34
1546222759.37
1546222759.4
1546222759.44
1546222759.47
1546222759.5
1546222759.54
1546222759.57
1546222759.6
1546222759.64
1546222759.67
1546222759.7
1546222759.74
1546222759.77
1546222759.8
1546222759.84
1546222759.87
1546222759.9
1546222759.94
1546222759.97
1546222760.0
1546222760.04
1546222760.07
1546222760.1
1546222760.14
1546222760.17
1546222760.2
1546222760.24
1546222760.27
1546222760.3
1546222760.34
1546222760.37
1546222760.4
1546222760.44
1546222760.47
1546222760.5
1546222760.54
1546222760.57
1546222760.6
1546222760.64
1546222760.67
1546222760.7
1546222760.74
1546222760.77
1546222760.8
1546222760.84
1546222760.87
1546222760.9
1546222760.94
1546222760.97
1546222761.0
1546222761.04
1546222761.07
1546222761.11
1546222761.14
1546222761.17
1546222761.2
1546222761.24
1546222761.27
1546222761.3
1546222761.34
1546222761.37
1546222761.4
1546222761.44
1546222761.47
1546222761.5
1546222761.54
1546222761.57
1546222761.6
1546222761.64
1546222761.67
1546222761.7
1546222761.74
1546222761.77
1546222761.8
1546222761.84
1546222761.87
1546222761.9
1546222761.94
1546222761.97
1546222762.0
1546222762.04
1546222762.07
1546222762.1
1546222762.14
1546222762.17
1546222762.2
1546222762.24
1546222762.27
1546222762.3
1546222762.34
1546222762.37
1546222762.4
1546222762.44
1546222762.47
1546222762.5
1546222762.54
1546222762.57
1546222762.61
1546222762.64
1546222762.67
1546222762.7
1546222762.74
1546222762.77
1546222762.8
1546222762.84
1546222762.87
1546222762.9
1546222762.94
1546222762.97
1546222763.0
1546222763.04
1546222763.07
1546222763.1
1546222763.14
1546222763.17
1546222763.2
1546222763.24
1546222763.27
1546222763.3
1546222763.34
1546222763.37
1546222763.4
1546222763.44
1546222763.47
1546222763.5
1546222763.54
1546222763.57
1546222763.6
1546222763.64
1546222763.67
1546222763.7
1546222763.74
1546222763.77
1546222763.8
1546222763.84
1546222763.87
1546222763.9
1546222763.94
1546222763.97
1546222764.0
1546222764.04
1546222764.07
1546222764.1
1546222764.14
1546222764.17
1546222764.2
1546222764.24
1546222764.27
1546222764.3
1546222764.34
1546222764.37
1546222764.4
1546222764.44
1546222764.47
1546222764.51
1546222764.54
1546222764.57
1546222764.6
1546222764.64
1546222764.67
1546222764.7
1546222764.74
1546222764.77
1546222764.8
1546222764.84
1546222764.87
1546222764.9
1546222764.94
1546222764.97
1546222765.0
1546222765.04
1546222765.07
1546222765.1
1546222765.14
1546222765.17
1546222765.2
1546222765.23
1546222765.27
1546222765.3
1546222765.34
1546222765.37
1546222765.4
1546222765.43
1546222765.47
1546222765.5
1546222765.54
1546222765.57
1546222765.6
1546222765.64
1546222765.67
1546222765.7
1546222765.73
1546222765.77
1546222765.8
1546222765.84
1546222765.87
1546222765.9
1546222765.93
1546222765.97
1546222766.0
1546222766.03
1546222766.07
1546222766.1
1546222766.13
1546222766.17
1546222766.2
1546222766.23
1546222766.27
1546222766.3
1546222766.33
1546222766.37
1546222766.4
1546222766.43
1546222766.47
1546222766.5
1546222766.53
1546222766.57
1546222766.6
1546222766.63
1546222766.67
1546222766.7
1546222766.73
1546222766.77
1546222766.8
1546222766.83
1546222766.87
1546222766.9
1546222766.93
1546222766.97
1546222767.0
1546222767.03
1546222767.07
1546222767.1
1546222767.13
1546222767.17
1546222767.2
1546222767.23
1546222767.27
1546222767.3
1546222767.33
1546222767.37
1546222767.4
1546222767.43
1546222767.47
1546222767.5
1546222767.53
1546222767.57
1546222767.6
1546222767.63
1546222767.67
1546222767.7
1546222767.73
1546222767.77
1546222767.8
1546222767.83
1546222767.87
1546222767.9
1546222767.93
1546222767.97
1546222768.0
1546222768.03
1546222768.07
1546222768.1
1546222768.13
1546222768.17
1546222768.2
1546222768.23
1546222768.27
1546222768.3
1546222768.33
1546222768.37
1546222768.4
1546222768.43
1546222768.47
1546222768.5
1546222768.53
1546222768.57
1546222768.6
1546222768.63
1546222768.67
1546222768.7
1546222768.73
1546222768.77
1546222768.8
1546222768.83
1546222768.87
1546222768.9
1546222768.93
1546222768.97
1546222769.0
1546222769.04
1546222769.07
1546222769.1
1546222769.13
1546222769.17
1546222769.2
1546222769.23
1546222769.27
1546222769.3
1546222769.33
1546222769.37
1546222769.4
1546222769.43
1546222769.47
1546222769.5
1546222769.53
1546222769.57
1546222769.6
1546222769.63
1546222769.67
1546222769.7
1546222769.73
1546222769.77
1546222769.8
1546222769.83
1546222769.87
1546222769.9
1546222769.93
1546222769.97
1546222770.0
1546222770.03
1546222770.07
1546222770.1
1546222770.13
1546222770.17
1546222770.2
1546222770.23
1546222770.27
1546222770.3
1546222770.33
1546222770.37
1546222770.4
1546222770.43
1546222770.46
1546222770.5
1546222770.53
1546222770.57
1546222770.6
1546222770.63
1546222770.66
1546222770.7
1546222770.73
1546222770.77
1546222770.8
1546222770.83
1546222770.87
1546222770.9
1546222770.93
1546222770.96
1546222771.0
1546222771.03
1546222771.06
1546222771.1
1546222771.13
1546222771.16
1546222771.2
1546222771.23
1546222771.26
1546222771.3
1546222771.33
1546222771.36
1546222771.4
1546222771.43
1546222771.46
1546222771.5
1546222771.53
1546222771.56
1546222771.6
1546222771.63
1546222771.66
1546222771.7
1546222771.73
1546222771.76
1546222771.8
1546222771.83
1546222771.87
1546222771.9
1546222771.93
1546222771.96
1546222772.0
1546222772.03
1546222772.07
1546222772.1
1546222772.13
1546222772.16
1546222772.2
1546222772.23
1546222772.27
1546222772.3
1546222772.33
1546222772.37
1546222772.4
1546222772.43
1546222772.46
1546222772.5
1546222772.53
1546222772.57
1546222772.6
1546222772.63
1546222772.66
1546222772.7
1546222772.73
1546222772.77
1546222772.8
1546222772.83
1546222772.87
1546222772.9
1546222772.93
1546222772.97
1546222773.0
1546222773.03
1546222773.07
1546222773.1
1546222773.13
1546222773.17
1546222773.2
1546222773.23
1546222773.27
1546222773.3
1546222773.33
1546222773.37
1546222773.4
1546222773.43
1546222773.47
1546222773.5
1546222773.53
1546222773.57
1546222773.6
1546222773.63
1546222773.67
1546222773.7
1546222773.73
1546222773.77
1546222773.8
1546222773.83
1546222773.87
1546222773.9
1546222773.93
1546222773.97
1546222774.0
1546222774.03
1546222774.07
1546222774.1
1546222774.13
1546222774.17
1546222774.2
1546222774.23
1546222774.27
1546222774.3
1546222774.33
1546222774.37
1546222774.4
1546222774.43
1546222774.47
1546222774.5
1546222774.53
1546222774.57
1546222774.6
1546222774.63
1546222774.67
1546222774.7
1546222774.73
1546222774.77
1546222774.8
1546222774.83
1546222774.87
1546222774.9
1546222774.93
1546222774.96
1546222775.0
1546222775.03
1546222775.07
1546222775.1
1546222775.13
1546222775.16
1546222775.2
1546222775.23
1546222775.26
1546222775.3
1546222775.33
1546222775.36
1546222775.4
1546222775.43
1546222775.46
1546222775.5
1546222775.53
1546222775.56
1546222775.6
1546222775.63
1546222775.66
1546222775.7
1546222775.73
1546222775.76
1546222775.8
1546222775.83
1546222775.87
1546222775.9
1546222775.93
1546222775.96
1546222776.0
1546222776.03
1546222776.06
1546222776.1
1546222776.13
1546222776.16
1546222776.2
1546222776.23
1546222776.26
1546222776.3
1546222776.33
1546222776.36
1546222776.4
1546222776.43
1546222776.46
1546222776.5
1546222776.53
1546222776.57
1546222776.6
1546222776.63
1546222776.67
1546222776.7
1546222776.73
1546222776.77
1546222776.8
1546222776.83
1546222776.87
1546222776.9
1546222776.93
1546222776.97
1546222777.0
1546222777.03
1546222777.07
1546222777.1
1546222777.13
1546222777.17
1546222777.2
1546222777.23
1546222777.27
1546222777.3
1546222777.33
1546222777.37
1546222777.4
1546222777.43
1546222777.46
1546222777.5
1546222777.53
1546222777.57
1546222777.6
1546222777.63
1546222777.67
1546222777.7
1546222777.73
1546222777.77
1546222777.8
1546222777.83
1546222777.87
1546222777.9
1546222777.93
1546222777.97
1546222778.0
1546222778.03
1546222778.07
1546222778.1
1546222778.13
1546222778.17
1546222778.2
1546222778.23
1546222778.27
1546222778.3
1546222778.33
1546222778.37
1546222778.4
1546222778.43
1546222778.47
1546222778.5
1546222778.53
1546222778.57
1546222778.6
1546222778.63
1546222778.67
1546222778.7
1546222778.73
1546222778.77
1546222778.8
1546222778.83
1546222778.87
1546222778.9
1546222778.93
1546222778.97
1546222779.0
1546222779.04
1546222779.07
1546222779.1
1546222779.13
1546222779.17
1546222779.2
1546222779.23
1546222779.27
1546222779.3
1546222779.33
1546222779.37
1546222779.4
1546222779.43
1546222779.47
1546222779.5
1546222779.54
1546222779.57
1546222779.6
1546222779.63
1546222779.67
1546222779.7
1546222779.73
1546222779.77
1546222779.8
1546222779.84
1546222779.87
1546222779.9
1546222779.93
1546222779.97
1546222780.0
1546222780.03
1546222780.07
1546222780.1
1546222780.13
1546222780.17
1546222780.2
1546222780.23
1546222780.27
1546222780.3
1546222780.34
1546222780.37
1546222780.4
1546222780.43
1546222780.47
1546222780.5
1546222780.54
1546222780.57
1546222780.6
1546222780.63
1546222780.67
1546222780.7
1546222780.73
1546222780.77
1546222780.8
1546222780.84
1546222780.87
1546222780.9
1546222780.94
1546222780.97
1546222781.0
1546222781.04
1546222781.07
1546222781.1
1546222781.13
1546222781.17
1546222781.2
1546222781.23
1546222781.27
1546222781.3
1546222781.34
1546222781.37
1546222781.4
1546222781.44
1546222781.47
1546222781.5
1546222781.53
1546222781.56
1546222781.6
1546222781.63
1546222781.66
1546222781.7
1546222781.73
1546222781.76
1546222781.8
1546222781.83
1546222781.86
1546222781.89
1546222781.93
1546222781.96
1546222781.99
1546222782.03
1546222782.06
1546222782.1
1546222782.13
1546222782.16
1546222782.2
1546222782.23
1546222782.26
1546222782.29
1546222782.33
1546222782.36
1546222782.39
1546222782.43
1546222782.46
1546222782.49
1546222782.53
1546222782.56
1546222782.6
1546222782.63
1546222782.66
1546222782.69
1546222782.73
1546222782.76
1546222782.79
1546222782.83
1546222782.86
1546222782.89
1546222782.93
1546222782.96
1546222782.99
1546222783.03
1546222783.06
1546222783.09
1546222783.13
1546222783.16
1546222783.19
1546222783.23
1546222783.26
1546222783.29
1546222783.33
1546222783.36
1546222783.39
1546222783.43
1546222783.46
1546222783.49
1546222783.53
1546222783.56
1546222783.59
1546222783.63
1546222783.66
1546222783.69
1546222783.73
1546222783.76
1546222783.79
1546222783.83
1546222783.86
1546222783.89
1546222783.93
1546222783.96
1546222783.99
1546222784.03
1546222784.06
1546222784.09
1546222784.13
1546222784.16
1546222784.19
1546222784.23
1546222784.26
1546222784.29
1546222784.33
1546222784.36
1546222784.39
1546222784.43
1546222784.46
1546222784.49
1546222784.53
1546222784.56
1546222784.59
1546222784.63
1546222784.66
1546222784.69
1546222784.73
1546222784.76
1546222784.79
1546222784.83
1546222784.86
1546222784.89
1546222784.93
1546222784.96
1546222784.99
1546222785.03
1546222785.06
1546222785.09
1546222785.13
1546222785.16
1546222785.19
1546222785.23
1546222785.26
1546222785.29
1546222785.33
1546222785.36
1546222785.39
1546222785.42
1546222785.46
1546222785.49
1546222785.53
1546222785.56
1546222785.59
1546222785.62
1546222785.66
1546222785.69
1546222785.73
1546222785.76
1546222785.79
1546222785.83
1546222785.86
1546222785.89
1546222785.92
1546222785.96
1546222785.99
1546222786.03
1546222786.06
1546222786.09
1546222786.13
1546222786.16
1546222786.19
1546222786.23
1546222786.26
1546222786.29
1546222786.33
1546222786.36
1546222786.39
1546222786.43
1546222786.46
1546222786.49
1546222786.53
1546222786.56
1546222786.59
1546222786.62
1546222786.66
1546222786.69
1546222786.72
1546222786.76
1546222786.79
1546222786.83
1546222786.86
1546222786.89
1546222786.92
1546222786.96
1546222786.99
1546222787.03
1546222787.06
1546222787.09
1546222787.12
1546222787.16
1546222787.19
1546222787.22
1546222787.26
1546222787.29
1546222787.32
1546222787.36
1546222787.39
1546222787.42
1546222787.46
1546222787.49
1546222787.53
1546222787.56
1546222787.59
1546222787.62
1546222787.66
1546222787.69
1546222787.72
1546222787.76
1546222787.79
1546222787.82
1546222787.86
1546222787.89
1546222787.92
1546222787.96
1546222787.99
1546222788.02
1546222788.06
1546222788.09
1546222788.12
1546222788.15
1546222788.19
1546222788.22
1546222788.26
1546222788.29
1546222788.32
1546222788.36
1546222788.39
1546222788.42
1546222788.46
1546222788.49
1546222788.52
1546222788.56
1546222788.59
1546222788.62
1546222788.66
1546222788.69
1546222788.72
1546222788.76
1546222788.79
1546222788.82
1546222788.86
1546222788.89
1546222788.92
1546222788.96
1546222788.99
1546222789.02
1546222789.06
1546222789.09
1546222789.12
1546222789.16
1546222789.19
1546222789.22
1546222789.26
1546222789.29
1546222789.32
1546222789.36
1546222789.39
1546222789.42
1546222789.45
1546222789.49
1546222789.52
1546222789.56
1546222789.59
1546222789.62
1546222789.65
1546222789.69
1546222789.72
1546222789.76
1546222789.79
1546222789.82
1546222789.86
1546222789.89
1546222789.92
1546222789.95
1546222789.99
1546222790.02
1546222790.06
1546222790.09
1546222790.12
1546222790.15
1546222790.19
1546222790.22
1546222790.26
1546222790.29
1546222790.32
1546222790.36
1546222790.39
1546222790.42
1546222790.45
1546222790.49
1546222790.52
1546222790.56
1546222790.59
1546222790.62
1546222790.66
1546222790.69
1546222790.72
1546222790.76
1546222790.79
1546222790.82
1546222790.86
1546222790.89
1546222790.92
1546222790.95
1546222790.99
1546222791.02
1546222791.06
1546222791.09
1546222791.12
1546222791.15
1546222791.19
1546222791.22
1546222791.25
1546222791.29
1546222791.32
1546222791.36
1546222791.39
1546222791.42
1546222791.45
1546222791.49
1546222791.52
1546222791.56
1546222791.59
1546222791.62
1546222791.65
1546222791.69
1546222791.72
1546222791.76
1546222791.79
1546222791.82
1546222791.86
1546222791.89
1546222791.92
1546222791.95
1546222791.99
1546222792.02
1546222792.06
1546222792.09
1546222792.12
1546222792.16
1546222792.19
1546222792.22
1546222792.26
1546222792.29
1546222792.32
1546222792.36
1546222792.39
1546222792.42
1546222792.45
1546222792.49
1546222792.52
1546222792.55
1546222792.59
1546222792.62
1546222792.65
1546222792.69
1546222792.72
1546222792.76
1546222792.79
1546222792.82
1546222792.86
1546222792.89
1546222792.92
1546222792.96
1546222792.99
1546222793.02
1546222793.06
1546222793.09
1546222793.12
1546222793.16
1546222793.19
1546222793.22
1546222793.26
1546222793.29
1546222793.32
1546222793.36
1546222793.39
1546222793.42
1546222793.45
1546222793.49
1546222793.52
1546222793.56
1546222793.59
1546222793.62
1546222793.65
1546222793.69
1546222793.72
1546222793.76
1546222793.79
1546222793.82
1546222793.85
1546222793.89
1546222793.92
1546222793.95
1546222793.99
1546222794.02
1546222794.05
1546222794.09
1546222794.12
1546222794.15
1546222794.19
1546222794.22
1546222794.25
1546222794.29
1546222794.32
1546222794.35
1546222794.39
1546222794.42
1546222794.45
1546222794.49
1546222794.52
1546222794.55
1546222794.59
1546222794.62
1546222794.65
1546222794.69
1546222794.72
1546222794.75
1546222794.79
1546222794.82
1546222794.85
1546222794.88
1546222794.92
1546222794.95
1546222794.99
1546222795.02
1546222795.05
1546222795.09
1546222795.12
1546222795.15
1546222795.19
1546222795.22
1546222795.25
1546222795.29
1546222795.32
1546222795.35
1546222795.38
1546222795.42
1546222795.45
1546222795.49
1546222795.52
1546222795.55
1546222795.59
1546222795.62
1546222795.65
1546222795.68
1546222795.72
1546222795.75
1546222795.79
1546222795.82
1546222795.85
1546222795.88
1546222795.92
1546222795.95
1546222795.98
1546222796.02
1546222796.05
1546222796.09
1546222796.12
1546222796.15
1546222796.18
1546222796.22
1546222796.25
1546222796.29
1546222796.32
1546222796.35
1546222796.38
1546222796.42
1546222796.45
1546222796.48
1546222796.52
1546222796.55
1546222796.59
1546222796.62
1546222796.65
1546222796.68
1546222796.72
1546222796.75
1546222796.79
1546222796.82
1546222796.85
1546222796.88
1546222796.92
1546222796.95
1546222796.98
1546222797.02
1546222797.05
1546222797.08
1546222797.12
1546222797.15
1546222797.18
1546222797.22
1546222797.25
1546222797.28
1546222797.32
1546222797.35
1546222797.38
1546222797.42
1546222797.45
1546222797.48
1546222797.52
1546222797.55
1546222797.58
1546222797.62
1546222797.65
1546222797.68
1546222797.72
1546222797.75
1546222797.78
1546222797.82
1546222797.85
1546222797.88
1546222797.92
1546222797.95
1546222797.98
1546222798.02
1546222798.05
1546222798.08
1546222798.12
1546222798.15
1546222798.18
1546222798.22
1546222798.25
1546222798.28
1546222798.32
1546222798.35
1546222798.38
1546222798.42
1546222798.45
1546222798.48
1546222798.52
1546222798.55
1546222798.58
1546222798.62
1546222798.65
1546222798.68
1546222798.72
1546222798.75
1546222798.78
1546222798.82
1546222798.85
1546222798.88
1546222798.92
1546222798.95
1546222798.98
1546222799.02
1546222799.05
1546222799.08
1546222799.12
1546222799.15
1546222799.18
1546222799.22
1546222799.25
1546222799.28
1546222799.32
1546222799.35
1546222799.38
1546222799.42
1546222799.45
1546222799.48
1546222799.52
1546222799.55
1546222799.58
1546222799.62
1546222799.65
1546222799.68
1546222799.72
1546222799.75
1546222799.78
1546222799.82
1546222799.85
1546222799.88
1546222799.92
1546222799.95
1546222799.98
1546222800.02
1546222800.05
1546222800.08
1546222800.12
1546222800.15
1546222800.18
1546222800.22
1546222800.25
1546222800.28
1546222800.32
1546222800.35
1546222800.38
1546222800.42
1546222800.45
1546222800.48
1546222800.52
1546222800.55
1546222800.58
1546222800.62
1546222800.65
1546222800.68
1546222800.72
1546222800.75
1546222800.78
1546222800.82
1546222800.85
1546222800.88
1546222800.92
1546222800.95
1546222800.98
1546222801.02
1546222801.05
1546222801.08
1546222801.12
1546222801.15
1546222801.18
1546222801.22
1546222801.25
1546222801.28
1546222801.32
1546222801.35
1546222801.38
1546222801.42
1546222801.45
1546222801.48
1546222801.52
1546222801.55
1546222801.58
1546222801.62
1546222801.65
1546222801.68
1546222801.72
1546222801.75
1546222801.79
1546222801.82
1546222801.85
1546222801.88
1546222801.92
1546222801.95
1546222801.98
1546222802.02
1546222802.05
1546222802.09
1546222802.12
1546222802.15
1546222802.19
1546222802.22
1546222802.25
1546222802.29
1546222802.32
1546222802.35
1546222802.38
1546222802.42
1546222802.45
1546222802.48
1546222802.52
1546222802.55
1546222802.59
1546222802.62
1546222802.65
1546222802.68
1546222802.72
1546222802.75
1546222802.79
1546222802.82
1546222802.85
1546222802.89
1546222802.92
1546222802.95
1546222802.98
1546222803.02
1546222803.05
1546222803.09
1546222803.12
1546222803.15
1546222803.19
1546222803.22
1546222803.25
1546222803.29
1546222803.32
1546222803.35
1546222803.39
1546222803.42
1546222803.45
1546222803.49
1546222803.52
1546222803.55
1546222803.59
1546222803.62
1546222803.65
1546222803.69
1546222803.72
1546222803.75
1546222803.79
1546222803.82
1546222803.85
1546222803.89
1546222803.92
1546222803.95
1546222803.99
1546222804.02
1546222804.05
1546222804.09
1546222804.12
1546222804.15
1546222804.19
1546222804.22
1546222804.25
1546222804.29
1546222804.32
1546222804.35
1546222804.39
1546222804.42
1546222804.45
1546222804.49
1546222804.52
1546222804.55
1546222804.59
1546222804.62
1546222804.65
1546222804.69
1546222804.72
1546222804.75
1546222804.79
1546222804.82
1546222804.85
1546222804.89
1546222804.92
1546222804.95
1546222804.99
1546222805.02
1546222805.05
1546222805.09
1546222805.12
1546222805.15
1546222805.19
1546222805.22
1546222805.26
1546222805.29
1546222805.32
1546222805.35
1546222805.39
1546222805.42
1546222805.45
1546222805.48
1546222805.51
1546222805.55
1546222805.58
1546222805.61
1546222805.65
1546222805.68
1546222805.71
1546222805.75
1546222805.78
1546222805.81
1546222805.85
1546222805.88
1546222805.91
1546222805.95
1546222805.98
1546222806.01
1546222806.05
1546222806.08
1546222806.11
1546222806.15
1546222806.18
1546222806.21
1546222806.25
1546222806.28
1546222806.31
1546222806.35
1546222806.38
1546222806.41
1546222806.44
1546222806.48
1546222806.51
1546222806.55
1546222806.58
1546222806.61
1546222806.64
1546222806.68
1546222806.71
1546222806.74
1546222806.78
1546222806.81
1546222806.85
1546222806.88
1546222806.91
1546222806.94
1546222806.98
1546222807.01
1546222807.04
1546222807.08
1546222807.11
1546222807.14
1546222807.18
1546222807.21
1546222807.24
1546222807.28
1546222807.31
1546222807.35
1546222807.38
1546222807.41
1546222807.44
1546222807.48
1546222807.51
1546222807.55
1546222807.58
1546222807.61
1546222807.64
1546222807.68
1546222807.71
1546222807.75
1546222807.78
1546222807.81
1546222807.85
1546222807.88
1546222807.91
1546222807.94
1546222807.98
1546222808.01
1546222808.05
1546222808.08
1546222808.11
1546222808.14
1546222808.18
1546222808.21
1546222808.24
1546222808.28
1546222808.31
1546222808.35
1546222808.38
1546222808.41
1546222808.45
1546222808.48
1546222808.51
1546222808.55
1546222808.58
1546222808.61
1546222808.65
1546222808.68
1546222808.71
1546222808.75
1546222808.78
1546222808.81
1546222808.85
1546222808.88
1546222808.91
1546222808.95
1546222808.98
1546222809.01
1546222809.05
1546222809.08
1546222809.11
1546222809.14
1546222809.18
1546222809.21
1546222809.24
1546222809.28
1546222809.31
1546222809.35
1546222809.38
1546222809.41
1546222809.44
1546222809.48
1546222809.51
1546222809.54
1546222809.58
1546222809.61
1546222809.64
1546222809.68
1546222809.71
1546222809.74
1546222809.78
1546222809.81
1546222809.84
1546222809.88
1546222809.91
1546222809.94
1546222809.98
1546222810.01
1546222810.04
1546222810.08
1546222810.11
1546222810.14
1546222810.18
1546222810.21
1546222810.24
1546222810.28
1546222810.31
1546222810.34
1546222810.38
1546222810.41
1546222810.44
1546222810.48
1546222810.51
1546222810.54
1546222810.58
1546222810.61
1546222810.64
1546222810.68
1546222810.71
1546222810.74
1546222810.78
1546222810.81
1546222810.84
1546222810.88
1546222810.91
1546222810.94
1546222810.98
1546222811.01
1546222811.04
1546222811.08
1546222811.11
1546222811.14
1546222811.18
1546222811.21
1546222811.24
1546222811.28
1546222811.31
1546222811.34
1546222811.38
1546222811.41
1546222811.44
1546222811.48
1546222811.51
1546222811.54
1546222811.58
1546222811.61
1546222811.64
1546222811.68
1546222811.71
1546222811.74
1546222811.78
1546222811.81
1546222811.84
1546222811.88
1546222811.91
1546222811.94
1546222811.98
1546222812.01
1546222812.04
1546222812.08
1546222812.11
1546222812.14
1546222812.18
1546222812.21
1546222812.24
1546222812.28
1546222812.31
1546222812.35
1546222812.38
1546222812.41
1546222812.44
1546222812.48
1546222812.51
1546222812.54
1546222812.58
1546222812.61
1546222812.64
1546222812.68
1546222812.71
1546222812.74
1546222812.78
1546222812.81
1546222812.84
1546222812.88
1546222812.91
1546222812.94
1546222812.98
1546222813.01
1546222813.04
1546222813.08
1546222813.11
1546222813.14
1546222813.18
1546222813.21
1546222813.24
1546222813.28
1546222813.31
1546222813.34
1546222813.38
1546222813.41
1546222813.44
1546222813.48
1546222813.51
1546222813.54
1546222813.58
1546222813.61
1546222813.64
1546222813.68
1546222813.71
1546222813.74
1546222813.78
1546222813.81
1546222813.84
1546222813.88
1546222813.91
1546222813.94
1546222813.98
1546222814.01
1546222814.04
1546222814.08
1546222814.11
1546222814.14
1546222814.18
1546222814.21
1546222814.24
1546222814.28
1546222814.31
1546222814.34
1546222814.38
1546222814.41
1546222814.44
1546222814.48
1546222814.51
1546222814.54
1546222814.58
1546222814.61
1546222814.64
1546222814.68
1546222814.71
1546222814.74
1546222814.78
1546222814.81
1546222814.84
1546222814.88
1546222814.91
1546222814.94
1546222814.98
1546222815.01
1546222815.04
1546222815.08
1546222815.11
1546222815.14
1546222815.18
1546222815.21
1546222815.24
1546222815.28
1546222815.31
1546222815.34
1546222815.38
1546222815.41
1546222815.44
1546222815.48
1546222815.51
1546222815.54
1546222815.58
1546222815.61
1546222815.64
1546222815.68
1546222815.71
1546222815.74
1546222815.78
1546222815.81
1546222815.84
1546222815.88
1546222815.91
1546222815.94
1546222815.97
1546222816.01
1546222816.04
1546222816.08
1546222816.11
1546222816.14
1546222816.17
1546222816.21
1546222816.24
1546222816.28
1546222816.31
1546222816.34
1546222816.38
1546222816.41
1546222816.44
1546222816.48
1546222816.51
1546222816.54
1546222816.58
1546222816.61
1546222816.64
1546222816.68
1546222816.71
1546222816.74
1546222816.78
1546222816.81
1546222816.84
1546222816.88
1546222816.91
1546222816.94
1546222816.98
1546222817.01
1546222817.04
1546222817.08
1546222817.11
1546222817.14
1546222817.18
1546222817.21
1546222817.24
1546222817.28
1546222817.31
1546222817.34
1546222817.38
1546222817.41
1546222817.44
1546222817.48
1546222817.51
1546222817.54
1546222817.58
1546222817.61
1546222817.64
1546222817.68
1546222817.71
1546222817.74
1546222817.78
1546222817.81
1546222817.84
1546222817.88
1546222817.91
1546222817.94
1546222817.98
1546222818.01
1546222818.04
1546222818.08
1546222818.11
1546222818.14
1546222818.17
1546222818.21
1546222818.24
1546222818.28
1546222818.31
1546222818.34
1546222818.38
1546222818.41
1546222818.44
1546222818.47
1546222818.51
1546222818.54
1546222818.58
1546222818.61
1546222818.64
1546222818.67
1546222818.71
1546222818.74
1546222818.78
1546222818.81
1546222818.84
1546222818.88
1546222818.91
1546222818.94
1546222818.97
1546222819.01
1546222819.04
1546222819.08
1546222819.11
1546222819.14
1546222819.17
1546222819.21
1546222819.24
1546222819.28
1546222819.31
1546222819.34
1546222819.37
1546222819.41
1546222819.44
1546222819.47
1546222819.51
1546222819.54
1546222819.58
1546222819.61
1546222819.64
1546222819.67
1546222819.71
1546222819.74
1546222819.77
1546222819.81
1546222819.84
1546222819.87
1546222819.91
1546222819.94
1546222819.97
1546222820.01
1546222820.04
1546222820.07
1546222820.11
1546222820.14
1546222820.17
1546222820.21
1546222820.24
1546222820.27
1546222820.31
1546222820.34
1546222820.37
1546222820.41
1546222820.44
1546222820.47
1546222820.51
1546222820.54
1546222820.57
1546222820.61
1546222820.64
1546222820.67
1546222820.71
1546222820.74
1546222820.77
1546222820.81
1546222820.84
1546222820.87
1546222820.91
1546222820.94
1546222820.97
1546222821.01
1546222821.04
1546222821.07
1546222821.11
1546222821.14
1546222821.17
1546222821.21
1546222821.24
1546222821.27
1546222821.31
1546222821.34
1546222821.37
1546222821.41
1546222821.44
1546222821.47
1546222821.51
1546222821.54
1546222821.57
1546222821.61
1546222821.64
1546222821.67
1546222821.71
1546222821.74
1546222821.77
1546222821.81
1546222821.84
1546222821.87
1546222821.91
1546222821.94
1546222821.97
1546222822.01
1546222822.04
1546222822.07
1546222822.11
1546222822.14
1546222822.17
1546222822.21
1546222822.24
1546222822.27
1546222822.31
1546222822.34
1546222822.37
1546222822.41
1546222822.44
1546222822.47
1546222822.51
1546222822.54
1546222822.57
1546222822.61
1546222822.64
1546222822.67
1546222822.71
1546222822.74
1546222822.77
1546222822.81
1546222822.84
1546222822.87
1546222822.9
1546222822.94
1546222822.97
1546222823.01
1546222823.04
1546222823.07
1546222823.11
1546222823.14
1546222823.17
1546222823.21
1546222823.24
1546222823.27
1546222823.31
1546222823.34
1546222823.37
1546222823.41
1546222823.44
1546222823.47
1546222823.51
1546222823.54
1546222823.57
1546222823.61
1546222823.64
1546222823.67
1546222823.71
1546222823.74
1546222823.77
1546222823.81
1546222823.84
1546222823.87
1546222823.91
1546222823.94
1546222823.97
1546222824.01
1546222824.04
1546222824.07
1546222824.11
1546222824.14
1546222824.17
1546222824.21
1546222824.24
1546222824.28
1546222824.31
1546222824.34
1546222824.37
1546222824.41
1546222824.44
1546222824.47
1546222824.51
1546222824.54
1546222824.57
1546222824.61
1546222824.64
1546222824.67
1546222824.71
1546222824.74
1546222824.77
1546222824.81
1546222824.84
1546222824.87
1546222824.91
1546222824.94
1546222824.97
1546222825.01
1546222825.04
1546222825.07
1546222825.11
1546222825.14
1546222825.17
1546222825.21
1546222825.24
1546222825.27
1546222825.31
1546222825.34
1546222825.37
1546222825.41
1546222825.44
1546222825.47
1546222825.51
1546222825.54
1546222825.58
1546222825.61
1546222825.64
1546222825.67
1546222825.71
1546222825.74
1546222825.78
1546222825.81
1546222825.84
1546222825.88
1546222825.91
1546222825.94
1546222825.98
1546222826.01
1546222826.04
1546222826.08
1546222826.11
1546222826.14
1546222826.18
1546222826.21
1546222826.24
1546222826.28
1546222826.31
1546222826.34
1546222826.38
1546222826.41
1546222826.44
1546222826.47
1546222826.51
1546222826.54
1546222826.58
1546222826.61
1546222826.64
1546222826.68
1546222826.71
1546222826.74
1546222826.78
1546222826.81
1546222826.84
1546222826.88
1546222826.91
1546222826.94
1546222826.97
1546222827.01
1546222827.04
1546222827.08
1546222827.11
1546222827.14
1546222827.18
1546222827.21
1546222827.24
1546222827.28
1546222827.31
1546222827.34
1546222827.38
1546222827.41
1546222827.44
1546222827.48
1546222827.51
1546222827.54
1546222827.58
1546222827.61
1546222827.64
1546222827.68
1546222827.71
1546222827.74
1546222827.78
1546222827.81
1546222827.84
1546222827.88
1546222827.91
1546222827.94
1546222827.98
1546222828.01
1546222828.04
1546222828.08
1546222828.11
1546222828.14
1546222828.18
1546222828.21
1546222828.24
1546222828.28
1546222828.31
1546222828.34
1546222828.38
1546222828.41
1546222828.44
1546222828.48
1546222828.51
1546222828.54
1546222828.58
1546222828.61
1546222828.64
1546222828.68
1546222828.71
1546222828.74
1546222828.78
1546222828.81
1546222828.84
1546222828.88
1546222828.91
1546222828.94
1546222828.98
1546222829.01
1546222829.04
1546222829.08
1546222829.11
1546222829.14
1546222829.18
1546222829.21
1546222829.24
1546222829.27
1546222829.3
1546222829.34
1546222829.37
1546222829.4
1546222829.43
1546222829.47
1546222829.5
1546222829.54
1546222829.57
1546222829.6
1546222829.64
1546222829.67
1546222829.7
1546222829.73
1546222829.77
1546222829.8
1546222829.84
1546222829.87
1546222829.9
1546222829.94
1546222829.97
1546222830.0
1546222830.04
1546222830.07
1546222830.1
1546222830.14
1546222830.17
1546222830.2
1546222830.24
1546222830.27
1546222830.3
1546222830.34
1546222830.37
1546222830.4
1546222830.44
1546222830.47
1546222830.5
1546222830.54
1546222830.57
1546222830.6
1546222830.64
1546222830.67
1546222830.7
1546222830.74
1546222830.77
1546222830.8
1546222830.84
1546222830.87
1546222830.9
1546222830.94
1546222830.97
1546222831.0
1546222831.04
1546222831.07
1546222831.1
1546222831.14
1546222831.17
1546222831.2
1546222831.23
1546222831.27
1546222831.3
1546222831.34
1546222831.37
1546222831.4
1546222831.43
1546222831.47
1546222831.5
1546222831.54
1546222831.57
1546222831.6
1546222831.64
1546222831.67
1546222831.7
1546222831.74
1546222831.77
1546222831.8
1546222831.84
1546222831.87
1546222831.9
1546222831.94
1546222831.97
1546222832.01
1546222832.04
1546222832.07
1546222832.1
1546222832.14
1546222832.17
1546222832.2
1546222832.24
1546222832.27
1546222832.3
1546222832.34
1546222832.37
1546222832.4
1546222832.44
1546222832.47
1546222832.5
1546222832.54
1546222832.57
1546222832.6
1546222832.64
1546222832.67
1546222832.7
1546222832.74
1546222832.77
1546222832.8
1546222832.84
1546222832.87
1546222832.9
1546222832.94
1546222832.97
1546222833.0
1546222833.04
1546222833.07
1546222833.1
1546222833.14
1546222833.17
1546222833.2
1546222833.24
1546222833.27
1546222833.3
1546222833.34
1546222833.37
1546222833.4
1546222833.44
1546222833.47
1546222833.5
1546222833.54
1546222833.57
1546222833.6
1546222833.64
1546222833.67
1546222833.7
1546222833.73
1546222833.77
1546222833.8
1546222833.84
1546222833.87
1546222833.9
1546222833.94
1546222833.97
1546222834.0
1546222834.04
1546222834.07
1546222834.1
1546222834.13
1546222834.17
1546222834.2
1546222834.24
1546222834.27
1546222834.3
1546222834.34
1546222834.37
1546222834.4
1546222834.44
1546222834.47
1546222834.5
1546222834.54
1546222834.57
1546222834.6
1546222834.64
1546222834.67
1546222834.7
1546222834.73
1546222834.77
1546222834.8
1546222834.84
1546222834.87
1546222834.9
1546222834.93
1546222834.97
1546222835.0
1546222835.04
1546222835.07
1546222835.1
1546222835.13
1546222835.17
1546222835.2
1546222835.23
1546222835.27
1546222835.3
1546222835.33
1546222835.37
1546222835.4
1546222835.43
1546222835.47
1546222835.5
1546222835.53
1546222835.57
1546222835.6
1546222835.63
1546222835.67
1546222835.7
1546222835.73
1546222835.77
1546222835.8
1546222835.84
1546222835.87
1546222835.9
1546222835.93
1546222835.97
1546222836.0
1546222836.03
1546222836.07
1546222836.1
1546222836.13
1546222836.17
1546222836.2
1546222836.23
1546222836.27
1546222836.3
1546222836.33
1546222836.37
1546222836.4
1546222836.43
1546222836.47
1546222836.5
1546222836.53
1546222836.57
1546222836.6
1546222836.63
1546222836.67
1546222836.7
1546222836.73
1546222836.77
1546222836.8
1546222836.83
1546222836.87
1546222836.9
1546222836.93
1546222836.97
1546222837.0
1546222837.03
1546222837.07
1546222837.1
1546222837.13
1546222837.17
1546222837.2
1546222837.23
1546222837.27
1546222837.3
1546222837.33
1546222837.37
1546222837.4
1546222837.43
1546222837.47
1546222837.5
1546222837.53
1546222837.57
1546222837.6
1546222837.63
1546222837.67
1546222837.7
1546222837.73
1546222837.77
1546222837.8
1546222837.84
1546222837.87
1546222837.9
1546222837.93
1546222837.97
1546222838.0
1546222838.03
1546222838.07
1546222838.1
1546222838.13
1546222838.17
1546222838.2
1546222838.23
1546222838.27
1546222838.3
1546222838.33
1546222838.37
1546222838.4
1546222838.43
1546222838.47
1546222838.5
1546222838.53
1546222838.57
1546222838.6
1546222838.63
1546222838.67
1546222838.7
1546222838.73
1546222838.77
1546222838.8
1546222838.83
1546222838.87
1546222838.9
1546222838.93
1546222838.97
1546222839.0
1546222839.03
1546222839.07
1546222839.1
1546222839.13
1546222839.17
1546222839.2
1546222839.23
1546222839.27
1546222839.3
1546222839.33
1546222839.37
1546222839.4
1546222839.43
1546222839.47
1546222839.5
1546222839.53
1546222839.57
1546222839.6
1546222839.63
1546222839.67
1546222839.7
1546222839.73
1546222839.77
1546222839.8
1546222839.83
1546222839.87
1546222839.9
1546222839.93
1546222839.97
1546222840.0
1546222840.03
1546222840.07
1546222840.1
1546222840.13
1546222840.17
1546222840.2
1546222840.23
1546222840.27
1546222840.3
1546222840.33
1546222840.37
1546222840.4
1546222840.43
1546222840.47
1546222840.5
1546222840.53
1546222840.57
1546222840.6
1546222840.63
1546222840.67
1546222840.7
1546222840.73
1546222840.77
1546222840.8
1546222840.83
1546222840.87
1546222840.9
1546222840.93
1546222840.97
1546222841.0
1546222841.03
1546222841.07
1546222841.1
1546222841.13
1546222841.17
1546222841.2
1546222841.23
1546222841.27
1546222841.3
1546222841.33
1546222841.37
1546222841.4
1546222841.43
1546222841.47
1546222841.5
1546222841.53
1546222841.57
1546222841.6
1546222841.63
1546222841.67
1546222841.7
1546222841.73
1546222841.77
1546222841.8
1546222841.83
1546222841.87
1546222841.9
1546222841.93
1546222841.96
1546222842.0
1546222842.03
1546222842.07
1546222842.1
1546222842.13
1546222842.16
1546222842.2
1546222842.23
1546222842.27
1546222842.3
1546222842.33
1546222842.37
1546222842.4
1546222842.43
1546222842.47
1546222842.5
1546222842.53
1546222842.56
1546222842.6
1546222842.63
1546222842.66
1546222842.7
1546222842.73
1546222842.76
1546222842.8
1546222842.83
1546222842.87
1546222842.9
1546222842.93
1546222842.96
1546222843.0
1546222843.03
1546222843.06
1546222843.1
1546222843.13
1546222843.16
1546222843.2
1546222843.23
1546222843.27
1546222843.3
1546222843.33
1546222843.37
1546222843.4
1546222843.43
1546222843.46
1546222843.5
1546222843.53
1546222843.57
1546222843.6
1546222843.63
1546222843.66
1546222843.7
1546222843.73
1546222843.77
1546222843.8
1546222843.83
1546222843.87
1546222843.9
1546222843.93
1546222843.97
1546222844.0
1546222844.03
1546222844.07
1546222844.1
1546222844.13
1546222844.16
1546222844.2
1546222844.23
1546222844.27
1546222844.3
1546222844.33
1546222844.37
1546222844.4
1546222844.43
1546222844.46
1546222844.5
1546222844.53
1546222844.57
1546222844.6
1546222844.63
1546222844.66
1546222844.7
1546222844.73
1546222844.77
1546222844.8
1546222844.83
1546222844.87
1546222844.9
1546222844.93
1546222844.96
1546222845.0
1546222845.03
1546222845.06
1546222845.1
1546222845.13
1546222845.16
1546222845.2
1546222845.23
1546222845.26
1546222845.3
1546222845.33
1546222845.36
1546222845.4
1546222845.43
1546222845.46
1546222845.5
1546222845.53
1546222845.56
1546222845.6
1546222845.63
1546222845.66
1546222845.7
1546222845.73
1546222845.76
1546222845.8
1546222845.83
1546222845.86
1546222845.9
1546222845.93
1546222845.96
1546222846.0
1546222846.03
1546222846.06
1546222846.1
1546222846.13
1546222846.16
1546222846.2
1546222846.23
1546222846.26
1546222846.3
1546222846.33
1546222846.36
1546222846.4
1546222846.43
1546222846.46
1546222846.5
1546222846.53
1546222846.56
1546222846.6
1546222846.63
1546222846.66
1546222846.7
1546222846.73
1546222846.76
1546222846.8
1546222846.83
1546222846.86
1546222846.9
1546222846.93
1546222846.96
1546222847.0
1546222847.03
1546222847.06
1546222847.1
1546222847.13
1546222847.16
1546222847.2
1546222847.23
1546222847.26
1546222847.3
1546222847.33
1546222847.36
1546222847.4
1546222847.43
1546222847.46
1546222847.5
1546222847.53
1546222847.56
1546222847.6
1546222847.63
1546222847.66
1546222847.7
1546222847.73
1546222847.76
1546222847.8
1546222847.83
1546222847.86
1546222847.9
1546222847.93
1546222847.96
1546222848.0
1546222848.03
1546222848.06
1546222848.1
1546222848.13
1546222848.16
1546222848.2
1546222848.23
1546222848.26
1546222848.3
1546222848.33
1546222848.36
1546222848.4
1546222848.43
1546222848.46
1546222848.5
1546222848.53
1546222848.56
1546222848.6
1546222848.63
1546222848.66
1546222848.7
1546222848.73
1546222848.76
1546222848.8
1546222848.83
1546222848.86
1546222848.9
1546222848.93
1546222848.96
1546222849.0
1546222849.03
1546222849.07
1546222849.1
1546222849.13
1546222849.16
1546222849.2
1546222849.23
1546222849.27
1546222849.3
1546222849.33
1546222849.37
1546222849.4
1546222849.43
1546222849.46
1546222849.5
1546222849.53
1546222849.57
1546222849.6
1546222849.63
1546222849.66
1546222849.7
1546222849.73
1546222849.77
1546222849.8
1546222849.83
1546222849.87
1546222849.9
1546222849.93
1546222849.96
1546222850.0
1546222850.03
1546222850.07
1546222850.1
1546222850.13
1546222850.17
1546222850.2
1546222850.23
1546222850.27
1546222850.3
1546222850.33
1546222850.37
1546222850.4
1546222850.43
1546222850.47
1546222850.5
1546222850.53
1546222850.57
1546222850.6
1546222850.63
1546222850.67
1546222850.7
1546222850.73
1546222850.77
1546222850.8
1546222850.83
1546222850.87
1546222850.9
1546222850.93
1546222850.97
1546222851.0
1546222851.03
1546222851.07
1546222851.1
1546222851.13
1546222851.17
1546222851.2
1546222851.23
1546222851.27
1546222851.3
1546222851.33
1546222851.37
1546222851.4
1546222851.43
1546222851.47
1546222851.5
1546222851.53
1546222851.57
1546222851.6
1546222851.63
1546222851.67
1546222851.7
1546222851.73
1546222851.77
1546222851.8
1546222851.83
1546222851.87
1546222851.9
1546222851.93
1546222851.97
1546222852.0
1546222852.03
1546222852.07
1546222852.1
1546222852.13
1546222852.17
1546222852.2
1546222852.23
1546222852.27
1546222852.3
1546222852.33
1546222852.37
1546222852.4
1546222852.43
1546222852.47
1546222852.5
1546222852.53
1546222852.57
1546222852.6
1546222852.63
1546222852.67
1546222852.7
1546222852.73
1546222852.77
1546222852.8
1546222852.83
1546222852.86
1546222852.89
1546222852.93
1546222852.96
1546222852.99
1546222853.03
1546222853.06
1546222853.09
1546222853.13
1546222853.16
1546222853.19
1546222853.23
1546222853.26
1546222853.29
1546222853.33
1546222853.36
1546222853.39
1546222853.43
1546222853.46
1546222853.49
1546222853.53
1546222853.56
1546222853.59
1546222853.63
1546222853.66
1546222853.69
1546222853.73
1546222853.76
1546222853.79
1546222853.83
1546222853.86
1546222853.89
1546222853.93
1546222853.96
1546222853.99
1546222854.03
1546222854.06
1546222854.09
1546222854.13
1546222854.16
1546222854.19
1546222854.23
1546222854.26
1546222854.29
1546222854.33
1546222854.36
1546222854.39
1546222854.42
1546222854.46
1546222854.49
1546222854.53
1546222854.56
1546222854.59
1546222854.63
1546222854.66
1546222854.69
1546222854.73
1546222854.76
1546222854.79
1546222854.83
1546222854.86
1546222854.89
1546222854.93
1546222854.96
1546222854.99
1546222855.03
1546222855.06
1546222855.09
1546222855.13
1546222855.16
1546222855.19
1546222855.23
1546222855.26
1546222855.29
1546222855.33
1546222855.36
1546222855.39
1546222855.42
1546222855.46
1546222855.49
1546222855.53
1546222855.56
1546222855.59
1546222855.62
1546222855.66
1546222855.69
1546222855.72
1546222855.76
1546222855.79
1546222855.83
1546222855.86
1546222855.89
1546222855.92
1546222855.96
1546222855.99
1546222856.03
1546222856.06
1546222856.09
1546222856.12
1546222856.16
1546222856.19
1546222856.22
1546222856.26
1546222856.29
1546222856.32
1546222856.36
1546222856.39
1546222856.42
1546222856.46
1546222856.49
1546222856.52
1546222856.56
1546222856.59
1546222856.62
1546222856.66
1546222856.69
1546222856.72
1546222856.76
1546222856.79
1546222856.83
1546222856.86
1546222856.89
1546222856.92
1546222856.96
1546222856.99
1546222857.03
1546222857.06
1546222857.09
1546222857.12
1546222857.16
1546222857.19
1546222857.22
1546222857.26
1546222857.29
1546222857.32
1546222857.36
1546222857.39
1546222857.42
1546222857.46
1546222857.49
1546222857.53
1546222857.56
1546222857.59
1546222857.62
1546222857.66
1546222857.69
1546222857.72
1546222857.76
1546222857.79
1546222857.83
1546222857.86
1546222857.89
1546222857.92
1546222857.96
1546222857.99
1546222858.02
1546222858.06
1546222858.09
1546222858.12
1546222858.16
1546222858.19
1546222858.22
1546222858.26
1546222858.29
1546222858.32
1546222858.36
1546222858.39
1546222858.42
1546222858.46
1546222858.49
1546222858.52
1546222858.56
1546222858.59
1546222858.62
1546222858.66
1546222858.69
1546222858.72
1546222858.76
1546222858.79
1546222858.82
1546222858.86
1546222858.89
1546222858.92
1546222858.96
1546222858.99
1546222859.02
1546222859.06
1546222859.09
1546222859.12
1546222859.16
1546222859.19
1546222859.22
1546222859.26
1546222859.29
1546222859.32
1546222859.36
1546222859.39
1546222859.42
1546222859.46
1546222859.49
1546222859.52
1546222859.56
1546222859.59
1546222859.62
1546222859.66
1546222859.69
1546222859.72
1546222859.76
1546222859.79
1546222859.82
1546222859.86
1546222859.89
1546222859.92
1546222859.96
1546222859.99
1546222860.02
1546222860.06
1546222860.09
1546222860.12
1546222860.15
1546222860.19
1546222860.22
1546222860.26
1546222860.29
1546222860.32
1546222860.36
1546222860.39
1546222860.42
1546222860.46
1546222860.49
1546222860.52
1546222860.56
1546222860.59
1546222860.62
1546222860.65
1546222860.69
1546222860.72
1546222860.75
1546222860.79
1546222860.82
1546222860.86
1546222860.89
1546222860.92
1546222860.95
1546222860.99
1546222861.02
1546222861.06
1546222861.09
1546222861.12
1546222861.15
1546222861.19
1546222861.22
1546222861.26
1546222861.29
1546222861.32
1546222861.36
1546222861.39
1546222861.42
1546222861.45
1546222861.49
1546222861.52
1546222861.56
1546222861.59
1546222861.62
1546222861.65
1546222861.69
1546222861.72
1546222861.76
1546222861.79
1546222861.82
1546222861.86
1546222861.89
1546222861.92
1546222861.95
1546222861.99
1546222862.02
1546222862.06
1546222862.09
1546222862.12
1546222862.15
1546222862.19
1546222862.22
1546222862.26
1546222862.29
1546222862.32
1546222862.36
1546222862.39
1546222862.42
1546222862.45
1546222862.49
1546222862.52
1546222862.56
1546222862.59
1546222862.62
1546222862.66
1546222862.69
1546222862.72
1546222862.76
1546222862.79
1546222862.82
1546222862.86
1546222862.89
1546222862.92
1546222862.96
1546222862.99
1546222863.02
1546222863.06
1546222863.09
1546222863.12
1546222863.16
1546222863.19
1546222863.22
1546222863.26
1546222863.29
1546222863.32
1546222863.36
1546222863.39
1546222863.42
1546222863.45
1546222863.49
1546222863.52
1546222863.56
1546222863.59
1546222863.62
1546222863.65
1546222863.69
1546222863.72
1546222863.75
1546222863.79
1546222863.82
1546222863.86
1546222863.89
1546222863.92
1546222863.95
1546222863.99
1546222864.02
1546222864.06
1546222864.09
1546222864.12
1546222864.16
1546222864.19
1546222864.22
1546222864.26
1546222864.29
1546222864.32
1546222864.36
1546222864.39
1546222864.42
1546222864.46
1546222864.49
1546222864.52
1546222864.56
1546222864.59
1546222864.62
1546222864.65
1546222864.69
1546222864.72
1546222864.76
1546222864.79
1546222864.82
1546222864.86
1546222864.89
1546222864.92
1546222864.96
1546222864.99
1546222865.02
1546222865.06
1546222865.09
1546222865.12
1546222865.15
1546222865.19
1546222865.22
1546222865.26
1546222865.29
1546222865.32
1546222865.36
1546222865.39
1546222865.42
1546222865.45
1546222865.49
1546222865.52
1546222865.56
1546222865.59
1546222865.62
1546222865.66
1546222865.69
1546222865.72
1546222865.76
1546222865.79
1546222865.82
1546222865.86
1546222865.89
1546222865.92
1546222865.95
1546222865.99
1546222866.02
1546222866.06
1546222866.09
1546222866.12
1546222866.16
1546222866.19
1546222866.22
1546222866.26
1546222866.29
1546222866.32
1546222866.36
1546222866.39
1546222866.42
1546222866.45
1546222866.49
1546222866.52
1546222866.56
1546222866.59
1546222866.62
1546222866.65
1546222866.69
1546222866.72
1546222866.76
1546222866.79
1546222866.82
1546222866.85
1546222866.89
1546222866.92
1546222866.95
1546222866.99
1546222867.02
1546222867.05
1546222867.09
1546222867.12
1546222867.15
1546222867.19
1546222867.22
1546222867.25
1546222867.29
1546222867.32
1546222867.35
1546222867.39
1546222867.42
1546222867.45
1546222867.49
1546222867.52
1546222867.55
1546222867.59
1546222867.62
1546222867.65
1546222867.69
1546222867.72
1546222867.75
1546222867.79
1546222867.82
1546222867.85
1546222867.89
1546222867.92
1546222867.95
1546222867.99
1546222868.02
1546222868.05
1546222868.09
1546222868.12
1546222868.15
1546222868.18
1546222868.22
1546222868.25
1546222868.29
1546222868.32
1546222868.35
1546222868.39
1546222868.42
1546222868.45
1546222868.49
1546222868.52
1546222868.55
1546222868.59
1546222868.62
1546222868.65
1546222868.68
1546222868.72
1546222868.75
1546222868.79
1546222868.82
1546222868.85
1546222868.89
1546222868.92
1546222868.95
1546222868.98
1546222869.02
1546222869.05
1546222869.09
1546222869.12
1546222869.15
1546222869.18
1546222869.22
1546222869.25
1546222869.29
1546222869.32
1546222869.35
1546222869.38
1546222869.42
1546222869.45
1546222869.48
1546222869.52
1546222869.55
1546222869.59
1546222869.62
1546222869.65
1546222869.68
1546222869.72
1546222869.75
1546222869.79
1546222869.82
1546222869.85
1546222869.88
1546222869.92
1546222869.95
1546222869.98
1546222870.02
1546222870.05
1546222870.09
1546222870.12
1546222870.15
1546222870.18
1546222870.22
1546222870.25
1546222870.29
1546222870.32
1546222870.35
1546222870.39
1546222870.42
1546222870.45
1546222870.48
1546222870.52
1546222870.55
1546222870.59
1546222870.62
1546222870.65
1546222870.69
