1546229641.36
1546229641.5
1546229641.54
1546229641.57
1546229641.6
1546229641.62
1546229641.65
1546229641.69
1546229641.72
1546229641.75
1546229641.79
1546229641.82
1546229641.85
1546229641.89
1546229641.92
1546229641.95
1546229641.99
1546229642.02
1546229642.05
1546229642.09
1546229642.12
1546229642.15
1546229642.19
1546229642.22
1546229642.25
1546229642.29
1546229642.32
1546229642.35
1546229642.38
1546229642.42
1546229642.45
1546229642.48
1546229642.52
1546229642.55
1546229642.59
1546229642.62
1546229642.65
1546229642.68
1546229642.72
1546229642.75
1546229642.79
1546229642.82
1546229642.85
1546229642.89
1546229642.92
1546229642.95
1546229642.99
1546229643.02
1546229643.05
1546229643.09
1546229643.12
1546229643.15
1546229643.19
1546229643.22
1546229643.25
1546229643.29
1546229643.32
1546229643.35
1546229643.39
1546229643.42
1546229643.45
1546229643.49
1546229643.52
1546229643.55
1546229643.59
1546229643.62
1546229643.65
1546229643.69
1546229643.72
1546229643.75
1546229643.79
1546229643.82
1546229643.85
1546229643.89
1546229643.92
1546229643.95
1546229643.99
1546229644.02
1546229644.05
1546229644.09
1546229644.12
1546229644.15
1546229644.19
1546229644.22
1546229644.25
1546229644.29
1546229644.32
1546229644.35
1546229644.39
1546229644.42
1546229644.45
1546229644.49
1546229644.52
1546229644.55
1546229644.59
1546229644.62
1546229644.65
1546229644.69
1546229644.72
1546229644.75
1546229644.79
1546229644.82
1546229644.85
1546229644.89
1546229644.92
1546229644.95
1546229644.99
1546229645.02
1546229645.05
1546229645.09
1546229645.12
1546229645.15
1546229645.19
1546229645.22
1546229645.25
1546229645.29
1546229645.32
1546229645.35
1546229645.39
1546229645.42
1546229645.45
1546229645.49
1546229645.52
1546229645.55
1546229645.59
1546229645.62
1546229645.65
1546229645.69
1546229645.72
1546229645.75
1546229645.79
1546229645.82
1546229645.85
1546229645.89
1546229645.92
1546229645.95
1546229645.99
1546229646.02
1546229646.05
1546229646.09
1546229646.12
1546229646.15
1546229646.19
1546229646.22
1546229646.25
1546229646.29
1546229646.32
1546229646.35
1546229646.39
1546229646.42
1546229646.45
1546229646.49
1546229646.52
1546229646.55
1546229646.59
1546229646.62
1546229646.65
1546229646.69
1546229646.72
1546229646.75
1546229646.79
1546229646.82
1546229646.85
1546229646.89
1546229646.92
1546229646.95
1546229646.98
1546229647.02
1546229647.05
1546229647.09
1546229647.12
1546229647.15
1546229647.18
1546229647.22
1546229647.25
1546229647.29
1546229647.32
1546229647.35
1546229647.38
1546229647.42
1546229647.45
1546229647.48
1546229647.52
1546229647.55
1546229647.59
1546229647.62
1546229647.65
1546229647.68
1546229647.72
1546229647.75
1546229647.78
1546229647.82
1546229647.85
1546229647.88
1546229647.92
1546229647.95
1546229647.98
1546229648.02
1546229648.05
1546229648.08
1546229648.12
1546229648.15
1546229648.18
1546229648.22
1546229648.25
1546229648.28
1546229648.32
1546229648.35
1546229648.38
1546229648.42
1546229648.45
1546229648.48
1546229648.52
1546229648.55
1546229648.58
1546229648.62
1546229648.65
1546229648.68
1546229648.72
1546229648.75
1546229648.78
1546229648.82
1546229648.85
1546229648.89
1546229648.92
1546229648.95
1546229648.98
1546229649.02
1546229649.05
1546229649.09
1546229649.12
1546229649.15
1546229649.18
1546229649.22
1546229649.25
1546229649.28
1546229649.32
1546229649.35
1546229649.38
1546229649.42
1546229649.45
1546229649.48
1546229649.52
1546229649.55
1546229649.58
1546229649.62
1546229649.65
1546229649.68
1546229649.72
1546229649.75
1546229649.79
1546229649.82
1546229649.85
1546229649.88
1546229649.92
1546229649.95
1546229649.98
1546229650.02
1546229650.05
1546229650.09
1546229650.12
1546229650.15
1546229650.18
1546229650.22
1546229650.25
1546229650.29
1546229650.32
1546229650.35
1546229650.38
1546229650.42
1546229650.45
1546229650.48
1546229650.52
1546229650.55
1546229650.58
1546229650.62
1546229650.65
1546229650.68
1546229650.72
1546229650.75
1546229650.79
1546229650.82
1546229650.85
1546229650.88
1546229650.92
1546229650.95
1546229650.98
1546229651.02
1546229651.05
1546229651.09
1546229651.12
1546229651.15
1546229651.19
1546229651.22
1546229651.25
1546229651.29
1546229651.32
1546229651.35
1546229651.39
1546229651.42
1546229651.45
1546229651.49
1546229651.52
1546229651.55
1546229651.59
1546229651.62
1546229651.65
1546229651.69
1546229651.72
1546229651.75
1546229651.79
1546229651.82
1546229651.85
1546229651.89
1546229651.92
1546229651.95
1546229651.99
1546229652.02
1546229652.05
1546229652.09
1546229652.12
1546229652.15
1546229652.19
1546229652.22
1546229652.25
1546229652.29
1546229652.32
1546229652.35
1546229652.39
1546229652.42
1546229652.45
1546229652.49
1546229652.52
1546229652.56
1546229652.59
1546229652.62
1546229652.66
1546229652.69
1546229652.72
1546229652.76
1546229652.79
1546229652.82
1546229652.86
1546229652.89
1546229652.92
1546229652.95
1546229652.99
1546229653.02
1546229653.05
1546229653.09
1546229653.12
1546229653.15
1546229653.19
1546229653.22
1546229653.26
1546229653.29
1546229653.32
1546229653.36
1546229653.39
1546229653.42
1546229653.46
1546229653.49
1546229653.52
1546229653.56
1546229653.59
1546229653.62
1546229653.66
1546229653.69
1546229653.72
1546229653.76
1546229653.79
1546229653.82
1546229653.86
1546229653.89
1546229653.92
1546229653.96
1546229653.99
1546229654.02
1546229654.06
1546229654.09
1546229654.12
1546229654.15
1546229654.18
1546229654.22
1546229654.25
1546229654.28
1546229654.32
1546229654.35
1546229654.38
1546229654.42
1546229654.45
1546229654.48
1546229654.52
1546229654.55
1546229654.58
1546229654.62
1546229654.65
1546229654.68
1546229654.72
1546229654.75
1546229654.78
1546229654.82
1546229654.85
1546229654.88
1546229654.91
1546229654.95
1546229654.98
1546229655.02
1546229655.05
1546229655.08
1546229655.12
1546229655.15
1546229655.18
1546229655.21
1546229655.25
1546229655.28
1546229655.31
1546229655.35
1546229655.38
1546229655.41
1546229655.45
1546229655.48
1546229655.51
1546229655.55
1546229655.58
1546229655.61
1546229655.65
1546229655.68
1546229655.71
1546229655.75
1546229655.78
1546229655.81
1546229655.85
1546229655.88
1546229655.91
1546229655.95
1546229655.98
1546229656.01
1546229656.05
1546229656.08
1546229656.12
1546229656.15
1546229656.18
1546229656.21
1546229656.25
1546229656.28
1546229656.31
1546229656.35
1546229656.38
1546229656.41
1546229656.45
1546229656.48
1546229656.52
1546229656.55
1546229656.58
1546229656.62
1546229656.65
1546229656.68
1546229656.71
1546229656.75
1546229656.78
1546229656.82
1546229656.85
1546229656.88
1546229656.91
1546229656.95
1546229656.98
1546229657.01
1546229657.05
1546229657.08
1546229657.11
1546229657.15
1546229657.18
1546229657.21
1546229657.25
1546229657.28
1546229657.31
1546229657.35
1546229657.38
1546229657.41
1546229657.45
1546229657.48
1546229657.51
1546229657.55
1546229657.58
1546229657.61
1546229657.65
1546229657.68
1546229657.71
1546229657.75
1546229657.78
1546229657.81
1546229657.85
1546229657.88
1546229657.91
1546229657.95
1546229657.98
1546229658.01
1546229658.05
1546229658.08
1546229658.11
1546229658.15
1546229658.18
1546229658.21
1546229658.25
1546229658.28
1546229658.31
1546229658.35
1546229658.38
1546229658.41
1546229658.45
1546229658.48
1546229658.52
1546229658.55
1546229658.58
1546229658.62
1546229658.65
1546229658.68
1546229658.71
1546229658.75
1546229658.78
1546229658.82
1546229658.85
1546229658.88
1546229658.91
1546229658.95
1546229658.98
1546229659.01
1546229659.05
1546229659.08
1546229659.12
1546229659.15
1546229659.18
1546229659.21
1546229659.25
1546229659.28
1546229659.31
1546229659.35
1546229659.38
1546229659.41
1546229659.45
1546229659.48
1546229659.51
1546229659.55
1546229659.58
1546229659.62
1546229659.65
1546229659.68
1546229659.71
1546229659.75
1546229659.78
1546229659.82
1546229659.85
1546229659.88
1546229659.91
1546229659.95
1546229659.98
1546229660.01
1546229660.05
1546229660.08
1546229660.11
1546229660.15
1546229660.18
1546229660.21
1546229660.25
1546229660.28
1546229660.31
1546229660.35
1546229660.38
1546229660.41
1546229660.45
1546229660.48
1546229660.52
1546229660.55
1546229660.58
1546229660.62
1546229660.65
1546229660.68
1546229660.71
1546229660.75
1546229660.78
1546229660.82
1546229660.85
1546229660.88
1546229660.91
1546229660.95
1546229660.98
1546229661.01
1546229661.05
1546229661.08
1546229661.11
1546229661.15
1546229661.18
1546229661.21
1546229661.25
1546229661.28
1546229661.32
1546229661.35
1546229661.38
1546229661.41
1546229661.45
1546229661.48
1546229661.51
1546229661.55
1546229661.58
1546229661.61
1546229661.65
1546229661.68
1546229661.71
1546229661.75
1546229661.78
1546229661.82
1546229661.85
1546229661.88
1546229661.91
1546229661.95
1546229661.98
1546229662.02
1546229662.05
1546229662.08
1546229662.12
1546229662.15
1546229662.18
1546229662.22
1546229662.25
1546229662.28
1546229662.31
1546229662.35
1546229662.38
1546229662.41
1546229662.45
1546229662.48
1546229662.52
1546229662.55
1546229662.58
1546229662.62
1546229662.65
1546229662.68
1546229662.71
1546229662.75
1546229662.78
1546229662.81
1546229662.85
1546229662.88
1546229662.91
1546229662.95
1546229662.98
1546229663.01
1546229663.05
1546229663.08
1546229663.12
1546229663.15
1546229663.18
1546229663.22
1546229663.25
1546229663.28
1546229663.32
1546229663.35
1546229663.38
1546229663.41
1546229663.45
1546229663.48
1546229663.52
1546229663.55
1546229663.58
1546229663.61
1546229663.65
1546229663.68
1546229663.71
1546229663.75
1546229663.78
1546229663.81
1546229663.85
1546229663.88
1546229663.91
1546229663.95
1546229663.98
1546229664.01
1546229664.05
1546229664.08
1546229664.11
1546229664.15
1546229664.18
1546229664.21
1546229664.25
1546229664.28
1546229664.31
1546229664.35
1546229664.38
1546229664.41
1546229664.45
1546229664.48
1546229664.51
1546229664.55
1546229664.58
1546229664.61
1546229664.64
1546229664.68
1546229664.71
1546229664.74
1546229664.78
1546229664.81
1546229664.85
1546229664.88
1546229664.91
1546229664.94
1546229664.98
1546229665.01
1546229665.04
1546229665.08
1546229665.11
1546229665.14
1546229665.18
1546229665.21
1546229665.24
1546229665.28
1546229665.31
1546229665.35
1546229665.38
1546229665.41
1546229665.44
1546229665.48
1546229665.51
1546229665.54
1546229665.58
1546229665.61
1546229665.64
1546229665.68
1546229665.71
1546229665.74
1546229665.78
1546229665.81
1546229665.84
1546229665.88
1546229665.91
1546229665.94
1546229665.98
1546229666.01
1546229666.04
1546229666.08
1546229666.11
1546229666.14
1546229666.18
1546229666.21
1546229666.24
1546229666.28
1546229666.31
1546229666.34
1546229666.38
1546229666.41
1546229666.44
1546229666.48
1546229666.51
1546229666.54
1546229666.58
1546229666.61
1546229666.64
1546229666.67
1546229666.71
1546229666.74
1546229666.77
1546229666.81
1546229666.84
1546229666.88
1546229666.91
1546229666.94
1546229666.97
1546229667.01
1546229667.04
1546229667.08
1546229667.11
1546229667.14
1546229667.17
1546229667.21
1546229667.24
1546229667.28
1546229667.31
1546229667.34
1546229667.38
1546229667.41
1546229667.44
1546229667.47
1546229667.51
1546229667.54
1546229667.57
1546229667.61
1546229667.64
1546229667.67
1546229667.71
1546229667.74
1546229667.77
1546229667.81
1546229667.84
1546229667.88
1546229667.91
1546229667.94
1546229667.97
1546229668.01
1546229668.04
1546229668.07
1546229668.11
1546229668.14
1546229668.17
1546229668.21
1546229668.24
1546229668.27
1546229668.31
1546229668.34
1546229668.37
1546229668.41
1546229668.44
1546229668.47
1546229668.51
1546229668.54
1546229668.57
1546229668.61
1546229668.64
1546229668.67
1546229668.71
1546229668.74
1546229668.78
1546229668.81
1546229668.84
1546229668.87
1546229668.91
1546229668.94
1546229668.97
1546229669.01
1546229669.04
1546229669.08
1546229669.11
1546229669.14
1546229669.17
1546229669.21
1546229669.24
1546229669.27
1546229669.31
1546229669.34
1546229669.38
1546229669.41
1546229669.44
1546229669.47
1546229669.51
1546229669.54
1546229669.58
1546229669.61
1546229669.64
1546229669.67
1546229669.71
1546229669.74
1546229669.78
1546229669.81
1546229669.84
1546229669.88
1546229669.91
1546229669.94
1546229669.97
1546229670.01
1546229670.04
1546229670.08
1546229670.11
1546229670.14
1546229670.17
1546229670.21
1546229670.24
1546229670.27
1546229670.31
1546229670.34
1546229670.37
1546229670.41
1546229670.44
1546229670.47
1546229670.51
1546229670.54
1546229670.58
1546229670.61
1546229670.64
1546229670.67
1546229670.71
1546229670.74
1546229670.78
1546229670.81
1546229670.84
1546229670.88
1546229670.91
1546229670.94
1546229670.98
1546229671.01
1546229671.04
1546229671.07
1546229671.11
1546229671.14
1546229671.17
1546229671.21
1546229671.24
1546229671.27
1546229671.31
1546229671.34
1546229671.38
1546229671.41
1546229671.44
1546229671.47
1546229671.51
1546229671.54
1546229671.58
1546229671.61
1546229671.64
1546229671.67
1546229671.71
1546229671.74
1546229671.77
1546229671.81
1546229671.84
1546229671.87
1546229671.91
1546229671.94
1546229671.97
1546229672.01
1546229672.04
1546229672.07
1546229672.11
1546229672.14
1546229672.17
1546229672.21
1546229672.24
1546229672.27
1546229672.31
1546229672.34
1546229672.37
1546229672.41
1546229672.44
1546229672.47
1546229672.51
1546229672.54
1546229672.58
1546229672.61
1546229672.64
1546229672.67
1546229672.71
1546229672.74
1546229672.77
1546229672.81
1546229672.84
1546229672.88
1546229672.91
1546229672.94
1546229672.97
1546229673.01
1546229673.04
1546229673.07
1546229673.11
1546229673.14
1546229673.18
1546229673.21
1546229673.24
1546229673.27
1546229673.31
1546229673.34
1546229673.38
1546229673.41
1546229673.44
1546229673.47
1546229673.51
1546229673.54
1546229673.58
1546229673.61
1546229673.64
1546229673.67
1546229673.71
1546229673.74
1546229673.77
1546229673.81
1546229673.84
1546229673.87
1546229673.91
1546229673.94
1546229673.97
1546229674.01
1546229674.04
1546229674.08
1546229674.11
1546229674.14
1546229674.17
1546229674.21
1546229674.24
1546229674.28
1546229674.31
1546229674.34
1546229674.38
1546229674.41
1546229674.44
1546229674.48
1546229674.51
1546229674.54
1546229674.58
1546229674.61
1546229674.64
1546229674.67
1546229674.71
1546229674.74
1546229674.78
1546229674.81
1546229674.84
1546229674.88
1546229674.91
1546229674.94
1546229674.98
1546229675.01
1546229675.04
1546229675.08
1546229675.11
1546229675.14
1546229675.17
1546229675.21
1546229675.24
1546229675.28
1546229675.31
1546229675.34
1546229675.38
1546229675.41
1546229675.44
1546229675.47
1546229675.51
1546229675.54
1546229675.58
1546229675.61
1546229675.64
1546229675.68
1546229675.71
1546229675.74
1546229675.78
1546229675.81
1546229675.84
1546229675.88
1546229675.91
1546229675.94
1546229675.98
1546229676.01
1546229676.04
1546229676.08
1546229676.11
1546229676.14
1546229676.18
1546229676.21
1546229676.24
1546229676.28
1546229676.31
1546229676.34
1546229676.38
1546229676.41
1546229676.44
1546229676.48
1546229676.51
1546229676.54
1546229676.58
1546229676.61
1546229676.64
1546229676.68
1546229676.71
1546229676.74
1546229676.78
1546229676.81
1546229676.84
1546229676.88
1546229676.91
1546229676.94
1546229676.98
1546229677.01
1546229677.04
1546229677.08
1546229677.11
1546229677.14
1546229677.18
1546229677.21
1546229677.24
1546229677.28
1546229677.31
1546229677.34
1546229677.38
1546229677.41
1546229677.44
1546229677.48
1546229677.51
1546229677.54
1546229677.58
1546229677.61
1546229677.64
1546229677.68
1546229677.71
1546229677.74
1546229677.78
1546229677.81
1546229677.84
1546229677.87
1546229677.9
1546229677.94
1546229677.97
1546229678.0
1546229678.04
1546229678.07
1546229678.1
1546229678.14
1546229678.17
1546229678.2
1546229678.24
1546229678.27
1546229678.3
1546229678.34
1546229678.37
1546229678.4
1546229678.44
1546229678.47
1546229678.5
1546229678.54
1546229678.57
1546229678.6
1546229678.64
1546229678.67
1546229678.7
1546229678.74
1546229678.77
1546229678.8
1546229678.84
1546229678.87
1546229678.9
1546229678.94
1546229678.97
1546229679.0
1546229679.04
1546229679.07
1546229679.1
1546229679.14
1546229679.17
1546229679.2
1546229679.24
1546229679.27
1546229679.3
1546229679.34
1546229679.37
1546229679.4
1546229679.44
1546229679.47
1546229679.5
1546229679.54
1546229679.57
1546229679.6
1546229679.64
1546229679.67
1546229679.7
1546229679.74
1546229679.77
1546229679.8
1546229679.84
1546229679.87
1546229679.9
1546229679.94
1546229679.97
1546229680.0
1546229680.04
1546229680.07
1546229680.1
1546229680.14
1546229680.17
1546229680.2
1546229680.24
1546229680.27
1546229680.3
1546229680.34
1546229680.37
1546229680.4
1546229680.44
1546229680.47
1546229680.5
1546229680.54
1546229680.57
1546229680.6
1546229680.64
1546229680.67
1546229680.7
1546229680.74
1546229680.77
1546229680.8
1546229680.84
1546229680.87
1546229680.9
1546229680.94
1546229680.97
1546229681.0
1546229681.04
1546229681.07
1546229681.1
1546229681.14
1546229681.17
1546229681.2
1546229681.24
1546229681.27
1546229681.3
1546229681.34
1546229681.37
1546229681.4
1546229681.44
1546229681.47
1546229681.5
1546229681.54
1546229681.57
1546229681.6
1546229681.64
1546229681.67
1546229681.7
1546229681.74
1546229681.77
1546229681.8
1546229681.84
1546229681.87
1546229681.9
1546229681.94
1546229681.97
1546229682.0
1546229682.04
1546229682.07
1546229682.1
1546229682.14
1546229682.17
1546229682.2
1546229682.24
1546229682.27
1546229682.3
1546229682.34
1546229682.37
1546229682.4
1546229682.43
1546229682.47
1546229682.5
1546229682.54
1546229682.57
1546229682.6
1546229682.63
1546229682.67
1546229682.7
1546229682.73
1546229682.77
1546229682.8
1546229682.84
1546229682.87
1546229682.9
1546229682.94
1546229682.97
1546229683.0
1546229683.04
1546229683.07
1546229683.1
1546229683.14
1546229683.17
1546229683.2
1546229683.24
1546229683.27
1546229683.3
1546229683.34
1546229683.37
1546229683.4
1546229683.43
1546229683.47
1546229683.5
1546229683.54
1546229683.57
1546229683.6
1546229683.64
1546229683.67
1546229683.7
1546229683.73
1546229683.77
1546229683.8
1546229683.84
1546229683.87
1546229683.9
1546229683.93
1546229683.97
1546229684.0
1546229684.04
1546229684.07
1546229684.1
1546229684.14
1546229684.17
1546229684.2
1546229684.24
1546229684.27
1546229684.3
1546229684.34
1546229684.37
1546229684.4
1546229684.44
1546229684.47
1546229684.5
1546229684.54
1546229684.57
1546229684.6
1546229684.64
1546229684.67
1546229684.7
1546229684.74
1546229684.77
1546229684.8
1546229684.84
1546229684.87
1546229684.9
1546229684.94
1546229684.97
1546229685.0
1546229685.04
1546229685.07
1546229685.1
1546229685.13
1546229685.17
1546229685.2
1546229685.23
1546229685.27
1546229685.3
1546229685.34
1546229685.37
1546229685.4
1546229685.43
1546229685.47
1546229685.5
1546229685.54
1546229685.57
1546229685.6
1546229685.63
1546229685.67
1546229685.7
1546229685.73
1546229685.77
1546229685.8
1546229685.84
1546229685.87
1546229685.9
1546229685.93
1546229685.97
1546229686.0
1546229686.03
1546229686.07
1546229686.1
1546229686.13
1546229686.17
1546229686.2
1546229686.23
1546229686.27
1546229686.3
1546229686.33
1546229686.37
1546229686.4
1546229686.43
1546229686.47
1546229686.5
1546229686.53
1546229686.57
1546229686.6
1546229686.63
1546229686.67
1546229686.7
1546229686.73
1546229686.77
1546229686.8
1546229686.83
1546229686.87
1546229686.9
1546229686.93
1546229686.97
1546229687.0
1546229687.03
1546229687.07
1546229687.1
1546229687.13
1546229687.17
1546229687.2
1546229687.23
1546229687.27
1546229687.3
1546229687.33
1546229687.37
1546229687.4
1546229687.43
1546229687.47
1546229687.5
1546229687.53
1546229687.57
1546229687.6
1546229687.63
1546229687.67
1546229687.7
1546229687.73
1546229687.77
1546229687.8
1546229687.83
1546229687.87
1546229687.9
1546229687.93
1546229687.97
1546229688.0
1546229688.03
1546229688.07
1546229688.1
1546229688.13
1546229688.17
1546229688.2
1546229688.23
1546229688.27
1546229688.3
1546229688.34
1546229688.37
1546229688.4
1546229688.43
1546229688.47
1546229688.5
1546229688.54
1546229688.57
1546229688.6
1546229688.63
1546229688.67
1546229688.7
1546229688.73
1546229688.77
1546229688.8
1546229688.84
1546229688.87
1546229688.9
1546229688.93
1546229688.97
1546229689.0
1546229689.04
1546229689.07
1546229689.1
1546229689.13
1546229689.17
1546229689.2
1546229689.23
1546229689.27
1546229689.3
1546229689.34
1546229689.37
1546229689.4
1546229689.43
1546229689.47
1546229689.5
1546229689.54
1546229689.57
1546229689.6
1546229689.63
1546229689.67
1546229689.7
1546229689.73
1546229689.77
1546229689.8
1546229689.83
1546229689.87
1546229689.9
1546229689.93
1546229689.97
1546229690.0
1546229690.03
1546229690.07
1546229690.1
1546229690.13
1546229690.17
1546229690.2
1546229690.23
1546229690.27
1546229690.3
1546229690.33
1546229690.37
1546229690.4
1546229690.43
1546229690.47
1546229690.5
1546229690.53
1546229690.57
1546229690.6
1546229690.63
1546229690.67
1546229690.7
1546229690.73
1546229690.77
1546229690.8
1546229690.83
1546229690.87
1546229690.9
1546229690.93
1546229690.97
1546229691.0
1546229691.03
1546229691.07
1546229691.1
1546229691.13
1546229691.17
1546229691.2
1546229691.23
1546229691.27
1546229691.3
1546229691.33
1546229691.37
1546229691.4
1546229691.43
1546229691.47
1546229691.5
1546229691.53
1546229691.57
1546229691.6
1546229691.63
1546229691.67
1546229691.7
1546229691.73
1546229691.77
1546229691.8
1546229691.83
1546229691.87
1546229691.9
1546229691.93
1546229691.97
1546229692.0
1546229692.03
1546229692.07
1546229692.1
1546229692.13
1546229692.16
1546229692.2
1546229692.23
1546229692.27
1546229692.3
1546229692.33
1546229692.37
1546229692.4
1546229692.43
1546229692.47
1546229692.5
1546229692.53
1546229692.57
1546229692.6
1546229692.63
1546229692.67
1546229692.7
1546229692.73
1546229692.77
1546229692.8
1546229692.83
1546229692.87
1546229692.9
1546229692.93
1546229692.97
1546229693.0
1546229693.03
1546229693.07
1546229693.1
1546229693.13
1546229693.17
1546229693.2
1546229693.23
1546229693.27
1546229693.3
1546229693.33
1546229693.37
1546229693.4
1546229693.43
1546229693.47
1546229693.5
1546229693.53
1546229693.57
1546229693.6
1546229693.63
1546229693.67
1546229693.7
1546229693.73
1546229693.77
1546229693.8
1546229693.83
1546229693.87
1546229693.9
1546229693.93
1546229693.97
1546229694.0
1546229694.03
1546229694.07
1546229694.1
1546229694.13
1546229694.17
1546229694.2
1546229694.23
1546229694.27
1546229694.3
1546229694.33
1546229694.37
1546229694.4
1546229694.43
1546229694.47
1546229694.5
1546229694.53
1546229694.57
1546229694.6
1546229694.63
1546229694.67
1546229694.7
1546229694.73
1546229694.77
1546229694.8
1546229694.83
1546229694.87
1546229694.9
1546229694.93
1546229694.96
1546229695.0
1546229695.03
1546229695.07
1546229695.1
1546229695.13
1546229695.16
1546229695.2
1546229695.23
1546229695.26
1546229695.3
1546229695.33
1546229695.37
1546229695.4
1546229695.43
1546229695.46
1546229695.5
1546229695.53
1546229695.57
1546229695.6
1546229695.63
1546229695.66
1546229695.7
1546229695.73
1546229695.76
1546229695.8
1546229695.83
1546229695.86
1546229695.9
1546229695.93
1546229695.96
1546229696.0
1546229696.03
1546229696.06
1546229696.1
1546229696.13
1546229696.16
1546229696.2
1546229696.23
1546229696.26
1546229696.3
1546229696.33
1546229696.36
1546229696.4
1546229696.43
1546229696.46
1546229696.5
1546229696.53
1546229696.56
1546229696.6
1546229696.63
1546229696.66
1546229696.7
1546229696.73
1546229696.76
1546229696.8
1546229696.83
1546229696.86
1546229696.9
1546229696.93
1546229696.96
1546229697.0
1546229697.03
1546229697.06
1546229697.1
1546229697.13
1546229697.16
1546229697.2
1546229697.23
1546229697.26
1546229697.3
1546229697.33
1546229697.37
1546229697.4
1546229697.43
1546229697.46
1546229697.5
1546229697.53
1546229697.57
1546229697.6
1546229697.63
1546229697.66
1546229697.7
1546229697.73
1546229697.77
1546229697.8
1546229697.83
1546229697.87
1546229697.9
1546229697.93
1546229697.97
1546229698.0
1546229698.03
1546229698.07
1546229698.1
1546229698.13
1546229698.17
1546229698.2
1546229698.23
1546229698.27
1546229698.3
1546229698.33
1546229698.37
1546229698.4
1546229698.43
1546229698.47
1546229698.5
1546229698.53
1546229698.57
1546229698.6
1546229698.63
1546229698.67
1546229698.7
1546229698.73
1546229698.77
1546229698.8
1546229698.83
1546229698.87
1546229698.9
1546229698.93
1546229698.97
1546229699.0
1546229699.03
1546229699.07
1546229699.1
1546229699.13
1546229699.17
1546229699.2
1546229699.23
1546229699.27
1546229699.3
1546229699.33
1546229699.37
1546229699.4
1546229699.43
1546229699.47
1546229699.5
1546229699.54
1546229699.57
1546229699.6
1546229699.63
1546229699.67
1546229699.7
1546229699.73
1546229699.77
1546229699.8
1546229699.84
1546229699.87
1546229699.9
1546229699.94
1546229699.97
1546229700.0
1546229700.03
1546229700.07
1546229700.1
1546229700.13
1546229700.17
1546229700.2
1546229700.23
1546229700.27
1546229700.3
1546229700.34
1546229700.37
1546229700.4
1546229700.43
1546229700.47
1546229700.5
1546229700.53
1546229700.57
1546229700.6
1546229700.63
1546229700.67
1546229700.7
1546229700.73
1546229700.77
1546229700.8
1546229700.83
1546229700.87
1546229700.9
1546229700.93
1546229700.97
1546229701.0
1546229701.04
1546229701.07
1546229701.1
1546229701.13
1546229701.17
1546229701.2
1546229701.23
1546229701.27
1546229701.3
1546229701.33
1546229701.37
1546229701.4
1546229701.43
1546229701.46
1546229701.49
1546229701.53
1546229701.56
1546229701.59
1546229701.63
1546229701.66
1546229701.69
1546229701.73
1546229701.76
1546229701.79
1546229701.83
1546229701.86
1546229701.89
1546229701.93
1546229701.96
1546229701.99
1546229702.03
1546229702.06
1546229702.09
1546229702.13
1546229702.16
1546229702.19
1546229702.22
1546229702.26
1546229702.29
1546229702.33
1546229702.36
1546229702.39
1546229702.42
1546229702.46
1546229702.49
1546229702.53
1546229702.56
1546229702.59
1546229702.62
1546229702.66
1546229702.69
1546229702.73
1546229702.76
1546229702.79
1546229702.82
1546229702.86
1546229702.89
1546229702.92
1546229702.96
1546229702.99
1546229703.02
1546229703.06
1546229703.09
1546229703.12
1546229703.16
1546229703.19
1546229703.22
1546229703.26
1546229703.29
1546229703.32
1546229703.36
1546229703.39
1546229703.42
1546229703.46
1546229703.49
1546229703.52
1546229703.56
1546229703.59
1546229703.62
1546229703.66
1546229703.69
1546229703.72
1546229703.76
1546229703.79
1546229703.82
1546229703.86
1546229703.89
1546229703.92
1546229703.96
1546229703.99
1546229704.03
1546229704.06
1546229704.09
1546229704.12
1546229704.16
1546229704.19
1546229704.22
1546229704.26
1546229704.29
1546229704.32
1546229704.36
1546229704.39
1546229704.42
1546229704.46
1546229704.49
1546229704.52
1546229704.56
1546229704.59
1546229704.62
1546229704.66
1546229704.69
1546229704.72
1546229704.76
1546229704.79
1546229704.83
1546229704.86
1546229704.89
1546229704.92
1546229704.96
1546229704.99
1546229705.03
1546229705.06
1546229705.09
1546229705.12
1546229705.16
1546229705.19
1546229705.22
1546229705.26
1546229705.29
1546229705.33
1546229705.36
1546229705.39
1546229705.42
1546229705.46
1546229705.49
1546229705.52
1546229705.56
1546229705.59
1546229705.62
1546229705.66
1546229705.69
1546229705.72
1546229705.76
1546229705.79
1546229705.82
1546229705.86
1546229705.89
1546229705.92
1546229705.96
1546229705.99
1546229706.02
1546229706.06
1546229706.09
1546229706.12
1546229706.16
1546229706.19
1546229706.22
1546229706.26
1546229706.29
1546229706.32
1546229706.36
1546229706.39
1546229706.42
1546229706.46
1546229706.49
1546229706.52
1546229706.56
1546229706.59
1546229706.62
1546229706.66
1546229706.69
1546229706.72
1546229706.76
1546229706.79
1546229706.82
1546229706.86
1546229706.89
1546229706.92
1546229706.95
1546229706.99
1546229707.02
1546229707.06
1546229707.09
1546229707.12
1546229707.16
1546229707.19
1546229707.22
1546229707.26
1546229707.29
1546229707.32
1546229707.36
1546229707.39
1546229707.42
1546229707.46
1546229707.49
1546229707.52
1546229707.56
1546229707.59
1546229707.62
1546229707.65
1546229707.69
1546229707.72
1546229707.76
1546229707.79
1546229707.82
1546229707.86
1546229707.89
1546229707.92
1546229707.95
1546229707.99
1546229708.02
1546229708.06
1546229708.09
1546229708.12
1546229708.16
1546229708.19
1546229708.22
1546229708.26
1546229708.29
1546229708.32
1546229708.36
1546229708.39
1546229708.42
1546229708.46
1546229708.49
1546229708.52
1546229708.55
1546229708.59
1546229708.62
1546229708.65
1546229708.69
1546229708.72
1546229708.75
1546229708.79
1546229708.82
1546229708.86
1546229708.89
1546229708.92
1546229708.95
1546229708.99
1546229709.02
1546229709.05
1546229709.09
1546229709.12
1546229709.15
1546229709.19
1546229709.22
1546229709.25
1546229709.29
1546229709.32
1546229709.35
1546229709.39
1546229709.42
1546229709.45
1546229709.49
1546229709.52
1546229709.55
1546229709.59
1546229709.62
1546229709.65
1546229709.69
1546229709.72
1546229709.75
1546229709.79
1546229709.82
1546229709.85
1546229709.89
1546229709.92
1546229709.95
1546229709.99
1546229710.02
1546229710.05
1546229710.09
1546229710.12
1546229710.15
1546229710.19
1546229710.22
1546229710.25
1546229710.29
1546229710.32
1546229710.35
1546229710.39
1546229710.42
1546229710.45
1546229710.49
1546229710.52
1546229710.55
1546229710.59
1546229710.62
1546229710.65
1546229710.69
1546229710.72
1546229710.75
1546229710.79
1546229710.82
1546229710.85
1546229710.89
1546229710.92
1546229710.95
1546229710.99
1546229711.02
1546229711.05
1546229711.09
1546229711.12
1546229711.15
1546229711.19
1546229711.22
1546229711.25
1546229711.29
1546229711.32
1546229711.35
1546229711.38
1546229711.42
1546229711.45
1546229711.48
1546229711.52
1546229711.55
1546229711.59
1546229711.62
1546229711.65
1546229711.69
1546229711.72
1546229711.75
1546229711.79
1546229711.82
1546229711.85
1546229711.89
1546229711.92
1546229711.95
1546229711.99
1546229712.02
1546229712.05
1546229712.09
1546229712.12
1546229712.15
1546229712.19
1546229712.22
1546229712.25
1546229712.29
1546229712.32
1546229712.35
1546229712.39
1546229712.42
1546229712.45
1546229712.48
1546229712.52
1546229712.55
1546229712.58
1546229712.62
1546229712.65
1546229712.68
1546229712.72
1546229712.75
1546229712.79
1546229712.82
1546229712.85
1546229712.88
1546229712.92
1546229712.95
1546229712.98
1546229713.02
1546229713.05
1546229713.08
1546229713.12
1546229713.15
1546229713.18
1546229713.22
1546229713.25
1546229713.29
1546229713.32
1546229713.35
1546229713.38
1546229713.42
1546229713.45
1546229713.48
1546229713.52
1546229713.55
1546229713.58
1546229713.62
1546229713.65
1546229713.68
1546229713.72
1546229713.75
1546229713.79
1546229713.82
1546229713.85
1546229713.88
1546229713.92
1546229713.95
1546229713.98
1546229714.02
1546229714.05
1546229714.09
1546229714.12
1546229714.15
1546229714.18
1546229714.22
1546229714.25
1546229714.29
1546229714.32
1546229714.35
1546229714.39
1546229714.42
1546229714.45
1546229714.49
1546229714.52
1546229714.55
1546229714.59
1546229714.62
1546229714.65
1546229714.68
1546229714.72
1546229714.75
1546229714.79
1546229714.82
1546229714.85
1546229714.89
1546229714.92
1546229714.95
1546229714.99
1546229715.02
1546229715.05
1546229715.09
1546229715.12
1546229715.15
1546229715.18
1546229715.22
1546229715.25
1546229715.29
1546229715.32
1546229715.35
1546229715.38
1546229715.42
1546229715.45
1546229715.48
1546229715.52
1546229715.55
1546229715.59
1546229715.62
1546229715.65
1546229715.68
1546229715.72
1546229715.75
1546229715.78
1546229715.82
1546229715.85
1546229715.88
1546229715.92
1546229715.95
1546229715.98
1546229716.02
1546229716.05
1546229716.08
1546229716.12
1546229716.15
1546229716.18
1546229716.22
1546229716.25
1546229716.28
1546229716.32
1546229716.35
1546229716.38
1546229716.42
1546229716.45
1546229716.48
1546229716.52
1546229716.55
1546229716.59
1546229716.62
1546229716.65
1546229716.68
1546229716.72
1546229716.75
1546229716.78
1546229716.82
1546229716.85
1546229716.88
1546229716.92
1546229716.95
1546229716.98
1546229717.02
1546229717.05
1546229717.09
1546229717.12
1546229717.15
1546229717.18
1546229717.22
1546229717.25
1546229717.28
1546229717.32
1546229717.35
1546229717.38
1546229717.42
1546229717.45
1546229717.48
1546229717.52
1546229717.55
1546229717.59
1546229717.62
1546229717.65
1546229717.68
1546229717.72
1546229717.75
1546229717.79
1546229717.82
1546229717.85
1546229717.88
1546229717.92
1546229717.95
1546229717.98
1546229718.02
1546229718.05
1546229718.09
1546229718.12
1546229718.15
1546229718.18
1546229718.22
1546229718.25
1546229718.29
1546229718.32
1546229718.35
1546229718.38
1546229718.42
1546229718.45
1546229718.49
1546229718.52
1546229718.55
1546229718.59
1546229718.62
1546229718.65
1546229718.69
1546229718.72
1546229718.75
1546229718.79
1546229718.82
1546229718.85
1546229718.89
1546229718.92
1546229718.95
1546229718.99
1546229719.02
1546229719.05
1546229719.09
1546229719.12
1546229719.15
1546229719.19
1546229719.22
1546229719.25
1546229719.29
1546229719.32
1546229719.35
1546229719.39
1546229719.42
1546229719.45
1546229719.49
1546229719.52
1546229719.55
1546229719.59
1546229719.62
1546229719.65
1546229719.68
1546229719.72
1546229719.75
1546229719.79
1546229719.82
1546229719.85
1546229719.88
1546229719.92
1546229719.95
1546229719.98
1546229720.02
1546229720.05
1546229720.09
1546229720.12
1546229720.15
1546229720.18
1546229720.22
1546229720.25
1546229720.29
1546229720.32
1546229720.35
1546229720.38
1546229720.42
1546229720.45
1546229720.48
1546229720.52
1546229720.55
1546229720.59
1546229720.62
1546229720.65
1546229720.69
1546229720.72
1546229720.75
1546229720.79
1546229720.82
1546229720.85
1546229720.89
1546229720.92
1546229720.95
1546229720.99
1546229721.02
1546229721.05
1546229721.09
1546229721.12
1546229721.15
1546229721.19
1546229721.22
1546229721.25
1546229721.29
1546229721.32
1546229721.36
1546229721.39
1546229721.42
1546229721.45
1546229721.49
1546229721.52
1546229721.55
1546229721.59
1546229721.62
1546229721.65
1546229721.69
1546229721.72
1546229721.75
1546229721.79
1546229721.82
1546229721.85
1546229721.89
1546229721.92
1546229721.95
1546229721.99
1546229722.02
1546229722.06
1546229722.09
1546229722.12
1546229722.15
1546229722.19
1546229722.22
1546229722.26
1546229722.29
1546229722.32
1546229722.36
1546229722.39
1546229722.42
1546229722.45
1546229722.49
1546229722.52
1546229722.56
1546229722.59
1546229722.62
1546229722.66
1546229722.69
1546229722.72
1546229722.76
1546229722.79
1546229722.82
1546229722.86
1546229722.89
1546229722.92
1546229722.95
1546229722.99
1546229723.02
1546229723.06
1546229723.09
1546229723.12
1546229723.16
1546229723.19
1546229723.22
1546229723.26
1546229723.29
1546229723.32
1546229723.36
1546229723.39
1546229723.42
1546229723.46
1546229723.49
1546229723.52
1546229723.56
1546229723.59
1546229723.62
1546229723.66
1546229723.69
1546229723.72
1546229723.76
1546229723.79
1546229723.82
1546229723.86
1546229723.89
1546229723.92
1546229723.96
1546229723.99
1546229724.02
1546229724.06
1546229724.09
1546229724.12
1546229724.16
1546229724.19
1546229724.22
1546229724.26
1546229724.29
1546229724.32
1546229724.36
1546229724.39
1546229724.42
1546229724.46
1546229724.49
1546229724.53
1546229724.56
1546229724.59
1546229724.62
1546229724.66
1546229724.69
1546229724.73
1546229724.76
1546229724.79
1546229724.83
1546229724.85
1546229724.88
1546229724.92
1546229724.95
1546229724.98
1546229725.02
1546229725.05
1546229725.08
1546229725.12
1546229725.15
1546229725.18
1546229725.22
1546229725.25
1546229725.28
1546229725.32
1546229725.35
1546229725.38
1546229725.42
1546229725.45
1546229725.48
1546229725.52
1546229725.55
1546229725.58
1546229725.62
1546229725.65
1546229725.68
1546229725.72
1546229725.75
1546229725.78
1546229725.82
1546229725.85
1546229725.88
1546229725.92
1546229725.95
1546229725.98
1546229726.02
1546229726.05
1546229726.08
1546229726.12
1546229726.15
1546229726.18
1546229726.22
1546229726.25
1546229726.28
1546229726.32
1546229726.35
1546229726.38
1546229726.42
1546229726.45
1546229726.48
1546229726.52
1546229726.55
1546229726.58
1546229726.62
1546229726.65
1546229726.68
1546229726.72
1546229726.75
1546229726.78
1546229726.82
1546229726.85
1546229726.88
1546229726.92
1546229726.95
1546229726.98
1546229727.02
1546229727.05
1546229727.08
1546229727.12
1546229727.15
1546229727.18
1546229727.21
1546229727.25
1546229727.28
1546229727.32
1546229727.35
1546229727.38
1546229727.42
1546229727.45
1546229727.48
1546229727.52
1546229727.55
1546229727.58
1546229727.62
1546229727.65
1546229727.68
1546229727.71
1546229727.75
1546229727.78
1546229727.82
1546229727.85
1546229727.88
1546229727.92
1546229727.95
1546229727.98
1546229728.02
1546229728.05
1546229728.08
1546229728.12
1546229728.15
1546229728.18
1546229728.22
1546229728.25
1546229728.28
1546229728.32
1546229728.35
1546229728.38
1546229728.42
1546229728.45
1546229728.48
1546229728.52
1546229728.55
1546229728.58
1546229728.62
1546229728.65
1546229728.68
1546229728.71
1546229728.75
1546229728.78
1546229728.82
1546229728.85
1546229728.88
1546229728.91
1546229728.95
1546229728.98
1546229729.02
1546229729.05
1546229729.08
1546229729.12
1546229729.15
1546229729.18
1546229729.22
1546229729.25
1546229729.28
1546229729.32
1546229729.35
1546229729.38
1546229729.41
1546229729.45
1546229729.48
1546229729.52
1546229729.55
1546229729.58
1546229729.62
1546229729.65
1546229729.68
1546229729.71
1546229729.75
1546229729.78
1546229729.82
1546229729.85
1546229729.88
1546229729.91
1546229729.95
1546229729.98
1546229730.02
1546229730.05
1546229730.08
1546229730.12
1546229730.15
1546229730.18
1546229730.22
1546229730.25
1546229730.28
1546229730.32
1546229730.35
1546229730.38
1546229730.41
1546229730.45
1546229730.48
1546229730.52
1546229730.55
1546229730.58
1546229730.62
1546229730.65
1546229730.68
1546229730.71
1546229730.75
1546229730.78
1546229730.82
1546229730.85
1546229730.88
1546229730.91
1546229730.95
1546229730.98
1546229731.02
1546229731.05
1546229731.08
1546229731.12
1546229731.15
1546229731.18
1546229731.22
1546229731.25
1546229731.28
1546229731.32
1546229731.35
1546229731.38
1546229731.42
1546229731.45
1546229731.48
1546229731.52
1546229731.55
1546229731.58
1546229731.62
1546229731.65
1546229731.68
1546229731.72
1546229731.75
1546229731.78
1546229731.82
1546229731.85
1546229731.88
1546229731.92
1546229731.95
1546229731.98
1546229732.02
1546229732.05
1546229732.08
1546229732.12
1546229732.15
1546229732.18
1546229732.22
1546229732.25
1546229732.28
1546229732.32
1546229732.35
1546229732.38
1546229732.42
1546229732.45
1546229732.48
1546229732.52
1546229732.55
1546229732.58
1546229732.62
1546229732.65
1546229732.68
1546229732.72
1546229732.75
1546229732.78
1546229732.82
1546229732.85
1546229732.88
1546229732.92
1546229732.95
1546229732.98
1546229733.02
1546229733.05
1546229733.08
1546229733.12
1546229733.15
1546229733.18
1546229733.22
1546229733.25
1546229733.28
1546229733.32
1546229733.35
1546229733.38
1546229733.42
1546229733.45
1546229733.48
1546229733.52
1546229733.55
1546229733.58
1546229733.62
1546229733.65
1546229733.68
1546229733.72
1546229733.75
1546229733.78
1546229733.82
1546229733.85
1546229733.88
1546229733.91
1546229733.95
1546229733.98
1546229734.02
1546229734.05
1546229734.08
1546229734.12
1546229734.15
1546229734.18
1546229734.22
1546229734.25
1546229734.28
1546229734.32
1546229734.35
1546229734.38
1546229734.42
1546229734.45
1546229734.48
1546229734.52
1546229734.55
1546229734.58
1546229734.62
1546229734.65
1546229734.68
1546229734.71
1546229734.75
1546229734.78
1546229734.82
1546229734.85
1546229734.88
1546229734.91
1546229734.95
1546229734.98
1546229735.02
1546229735.05
1546229735.08
1546229735.12
1546229735.15
1546229735.18
1546229735.21
1546229735.25
1546229735.28
1546229735.32
1546229735.35
1546229735.38
1546229735.41
1546229735.45
1546229735.48
1546229735.52
1546229735.55
1546229735.58
1546229735.62
1546229735.65
1546229735.68
1546229735.71
1546229735.75
1546229735.78
1546229735.82
1546229735.85
1546229735.88
1546229735.91
1546229735.95
1546229735.98
1546229736.02
1546229736.05
1546229736.08
1546229736.12
1546229736.15
1546229736.18
1546229736.22
1546229736.25
1546229736.28
1546229736.32
1546229736.35
1546229736.38
1546229736.41
1546229736.45
1546229736.48
1546229736.52
1546229736.55
1546229736.58
1546229736.62
1546229736.65
1546229736.68
1546229736.72
1546229736.75
1546229736.78
1546229736.82
1546229736.85
1546229736.88
1546229736.92
1546229736.95
1546229736.98
1546229737.02
1546229737.05
1546229737.08
1546229737.12
1546229737.15
1546229737.18
1546229737.22
1546229737.25
1546229737.28
1546229737.32
1546229737.35
1546229737.38
1546229737.42
1546229737.45
1546229737.48
1546229737.52
1546229737.55
1546229737.58
1546229737.62
1546229737.65
1546229737.68
1546229737.72
1546229737.75
1546229737.78
1546229737.82
1546229737.85
1546229737.88
1546229737.92
1546229737.95
1546229737.98
1546229738.02
1546229738.05
1546229738.08
1546229738.12
1546229738.15
1546229738.18
1546229738.22
1546229738.25
1546229738.28
1546229738.32
1546229738.35
1546229738.38
1546229738.41
1546229738.45
1546229738.48
1546229738.52
1546229738.55
1546229738.58
1546229738.62
1546229738.65
1546229738.68
1546229738.71
1546229738.75
1546229738.78
1546229738.82
1546229738.85
1546229738.88
1546229738.91
1546229738.95
1546229738.98
1546229739.02
1546229739.05
1546229739.08
1546229739.12
1546229739.15
1546229739.18
1546229739.21
1546229739.25
1546229739.28
1546229739.31
1546229739.35
1546229739.38
1546229739.41
1546229739.45
1546229739.48
1546229739.51
1546229739.55
1546229739.58
1546229739.61
1546229739.65
1546229739.68
1546229739.71
1546229739.75
1546229739.78
1546229739.82
1546229739.85
1546229739.88
1546229739.91
1546229739.95
1546229739.98
1546229740.02
1546229740.05
1546229740.08
1546229740.11
1546229740.15
1546229740.18
1546229740.21
1546229740.25
1546229740.28
1546229740.32
1546229740.35
1546229740.38
1546229740.42
1546229740.45
1546229740.48
1546229740.52
1546229740.55
1546229740.58
1546229740.62
1546229740.65
1546229740.68
1546229740.72
1546229740.75
1546229740.78
1546229740.82
1546229740.85
1546229740.88
1546229740.92
1546229740.95
1546229740.98
1546229741.02
1546229741.05
1546229741.08
1546229741.11
1546229741.15
1546229741.18
1546229741.21
1546229741.25
1546229741.28
1546229741.32
1546229741.35
1546229741.38
1546229741.41
1546229741.45
1546229741.48
1546229741.52
1546229741.55
1546229741.58
1546229741.61
1546229741.65
1546229741.68
1546229741.71
1546229741.75
1546229741.78
1546229741.82
1546229741.85
1546229741.88
1546229741.91
1546229741.95
1546229741.98
1546229742.01
1546229742.05
1546229742.08
1546229742.11
1546229742.15
1546229742.18
1546229742.21
1546229742.25
1546229742.28
1546229742.31
1546229742.35
1546229742.38
1546229742.41
1546229742.45
1546229742.48
1546229742.51
1546229742.55
1546229742.58
1546229742.61
1546229742.65
1546229742.68
1546229742.71
1546229742.75
1546229742.78
1546229742.81
1546229742.85
1546229742.88
1546229742.91
1546229742.95
1546229742.98
1546229743.01
1546229743.05
1546229743.08
1546229743.11
1546229743.15
1546229743.18
1546229743.21
1546229743.25
1546229743.28
1546229743.31
1546229743.35
1546229743.38
1546229743.41
1546229743.45
1546229743.48
1546229743.51
1546229743.55
1546229743.58
1546229743.61
1546229743.65
1546229743.68
1546229743.71
1546229743.75
1546229743.78
1546229743.81
1546229743.85
1546229743.88
1546229743.91
1546229743.95
1546229743.98
1546229744.01
1546229744.05
1546229744.08
1546229744.11
1546229744.15
1546229744.18
1546229744.21
1546229744.25
1546229744.28
1546229744.31
1546229744.35
1546229744.38
1546229744.41
1546229744.45
1546229744.48
1546229744.51
1546229744.55
1546229744.58
1546229744.61
1546229744.65
1546229744.68
1546229744.71
1546229744.75
1546229744.78
1546229744.81
1546229744.85
1546229744.88
1546229744.91
1546229744.95
1546229744.98
1546229745.01
1546229745.05
1546229745.08
1546229745.11
1546229745.15
1546229745.18
1546229745.21
1546229745.25
1546229745.28
1546229745.31
1546229745.35
1546229745.38
1546229745.41
1546229745.45
1546229745.48
1546229745.51
1546229745.55
1546229745.58
1546229745.61
1546229745.65
1546229745.68
1546229745.71
1546229745.75
1546229745.78
1546229745.81
1546229745.85
1546229745.88
1546229745.91
1546229745.95
1546229745.98
1546229746.01
1546229746.05
1546229746.08
1546229746.11
1546229746.15
1546229746.18
1546229746.21
1546229746.25
1546229746.28
1546229746.32
1546229746.35
1546229746.38
1546229746.41
1546229746.45
1546229746.48
1546229746.51
1546229746.55
1546229746.58
1546229746.61
1546229746.65
1546229746.68
1546229746.71
1546229746.75
1546229746.78
1546229746.82
1546229746.85
1546229746.88
1546229746.91
1546229746.95
1546229746.98
1546229747.01
1546229747.05
1546229747.08
1546229747.11
1546229747.15
1546229747.18
1546229747.21
1546229747.25
1546229747.28
1546229747.32
1546229747.35
1546229747.38
1546229747.41
1546229747.45
1546229747.48
1546229747.52
1546229747.55
1546229747.58
1546229747.62
1546229747.65
1546229747.68
1546229747.71
1546229747.75
1546229747.78
1546229747.82
1546229747.85
1546229747.88
1546229747.91
1546229747.95
1546229747.98
1546229748.02
1546229748.05
1546229748.08
1546229748.12
1546229748.15
1546229748.18
1546229748.21
1546229748.24
1546229748.28
1546229748.31
1546229748.34
1546229748.37
1546229748.41
1546229748.44
1546229748.47
1546229748.51
1546229748.54
1546229748.57
1546229748.61
1546229748.64
1546229748.67
1546229748.71
1546229748.74
1546229748.77
1546229748.81
1546229748.84
1546229748.87
1546229748.91
1546229748.94
1546229748.97
1546229749.01
1546229749.04
1546229749.08
1546229749.11
1546229749.14
1546229749.17
1546229749.21
1546229749.24
1546229749.27
1546229749.31
1546229749.34
1546229749.37
1546229749.41
1546229749.44
1546229749.47
1546229749.51
1546229749.54
1546229749.58
1546229749.61
1546229749.64
1546229749.67
1546229749.71
1546229749.74
1546229749.77
1546229749.81
1546229749.84
1546229749.87
1546229749.91
1546229749.94
1546229749.97
1546229750.01
1546229750.04
1546229750.07
1546229750.11
1546229750.14
1546229750.17
1546229750.21
1546229750.24
1546229750.27
1546229750.31
1546229750.34
1546229750.37
1546229750.41
1546229750.44
1546229750.47
1546229750.51
1546229750.54
1546229750.57
1546229750.61
1546229750.64
1546229750.67
1546229750.71
1546229750.74
1546229750.77
1546229750.81
1546229750.84
1546229750.87
1546229750.91
1546229750.94
1546229750.97
1546229751.01
1546229751.04
1546229751.07
1546229751.11
1546229751.14
1546229751.17
1546229751.21
1546229751.24
1546229751.27
1546229751.31
1546229751.34
1546229751.37
1546229751.4
1546229751.44
1546229751.47
1546229751.51
1546229751.54
1546229751.57
1546229751.61
1546229751.64
1546229751.67
1546229751.7
1546229751.74
1546229751.77
1546229751.81
1546229751.84
1546229751.87
1546229751.9
1546229751.94
1546229751.97
1546229752.01
1546229752.04
1546229752.07
1546229752.11
1546229752.14
1546229752.17
1546229752.2
1546229752.24
1546229752.27
1546229752.31
1546229752.34
1546229752.37
1546229752.4
1546229752.44
1546229752.47
1546229752.51
1546229752.54
1546229752.57
1546229752.61
1546229752.64
1546229752.67
1546229752.7
1546229752.74
1546229752.77
1546229752.8
1546229752.84
1546229752.87
1546229752.9
1546229752.94
1546229752.97
1546229753.0
1546229753.04
1546229753.07
1546229753.11
1546229753.14
1546229753.17
1546229753.2
1546229753.24
1546229753.27
1546229753.3
1546229753.34
1546229753.37
1546229753.4
1546229753.44
1546229753.47
1546229753.51
1546229753.54
1546229753.57
1546229753.6
1546229753.64
1546229753.67
1546229753.7
1546229753.74
1546229753.77
1546229753.81
1546229753.84
1546229753.87
1546229753.9
1546229753.94
1546229753.97
1546229754.0
1546229754.04
1546229754.07
1546229754.1
1546229754.14
1546229754.17
1546229754.2
1546229754.24
1546229754.27
1546229754.3
1546229754.34
1546229754.37
1546229754.4
1546229754.44
1546229754.47
1546229754.5
1546229754.54
1546229754.57
1546229754.6
1546229754.64
1546229754.67
1546229754.7
1546229754.74
1546229754.77
1546229754.8
1546229754.84
1546229754.87
