RANDOM PASSES
R-L 3
L-R 2
R-L 2
L-R 3
R-L 1
L-R 1
R-L 1
L-R 1
R-L 2
L-R 3
L-R 2
R-L 3
L-R 2
R-L 3
L-R 1
R-L 2
R-L 1
L-R 3
R-L 2
L-R 1
L-R 3
L-R 2
R-L 3
R-L 1
L-R 1
R-L 3
L-R 3
R-L 1
L-R 2
R-L 2
R-L 1
L-R 1
R-L 3
L-R 2
L-R 3
R-L 2
R-L 1
L-R 1
L-R 2
L-R 3
R-L 2
R-L 3
R-L 2
R-L 3
R-L 1
L-R 3
L-R 1
L-R 2
///////////
RANDOM PEGS
[5, 1, 3]
[6, 3, 1]
[2, 3, 1]
[1, 4, 3]
[4, 2, 3]
[6, 5, 1]
[6, 2, 5]
[2, 6, 4]
[5, 1, 3]
[5, 6, 4]
[1, 3, 2]
[6, 3, 4]
[4, 5, 2]
[3, 4, 2]
[2, 5, 6]
[3, 4, 2]
[6, 5, 4]
[4, 1, 6]
[1, 4, 2]
[1, 4, 5]
[1, 5, 2]
[4, 5, 1]
[2, 3, 1]
[4, 2, 5]
[6, 4, 5]
[5, 1, 6]
[1, 4, 2]
[1, 6, 5]
[5, 4, 6]
[2, 5, 6]
[5, 4, 6]
[4, 6, 2]
[6, 3, 2]
[5, 4, 3]
[6, 1, 5]
[6, 3, 5]
[4, 3, 6]
[3, 4, 5]
[6, 4, 1]
[1, 4, 3]
[3, 4, 1]
[1, 3, 2]
[2, 6, 1]
[5, 1, 3]
[5, 6, 2]
[2, 3, 4]
[3, 1, 5]
[6, 5, 3]
///////////
RANDOM configurations
RANDOM PASSES
L-R 2
R-L 1
L-R 3
L-R 1
R-L 3
R-L 2
R-L 3
R-L 1
R-L 2
L-R 3
L-R 2
L-R 1
R-L 2
L-R 3
R-L 1
R-L 3
L-R 1
L-R 2
R-L 3
L-R 2
R-L 2
L-R 3
L-R 1
R-L 1
R-L 3
R-L 2
L-R 2
L-R 1
L-R 3
R-L 1
L-R 2
L-R 1
R-L 3
R-L 2
R-L 1
L-R 3
L-R 2
R-L 3
L-R 3
R-L 2
L-R 1
R-L 1
L-R 1
R-L 3
R-L 2
L-R 3
R-L 1
L-R 2
///////////
RANDOM PEGS
[4, 5, 6]
[5, 1, 6]
[5, 6, 2]
[2, 4, 1]
[2, 1, 6]
[5, 3, 6]
[2, 1, 4]
[1, 4, 5]
[2, 1, 3]
[2, 1, 6]
[1, 2, 5]
[2, 5, 6]
[4, 1, 3]
[6, 4, 3]
[3, 1, 4]
[2, 5, 1]
[4, 2, 5]
[1, 5, 3]
[2, 4, 5]
[6, 5, 1]
[5, 4, 6]
[2, 5, 1]
[1, 5, 4]
[4, 1, 6]
[5, 3, 6]
[4, 6, 1]
[2, 6, 1]
[3, 1, 2]
[6, 2, 4]
[4, 5, 1]
[5, 3, 2]
[1, 4, 2]
[5, 1, 3]
[5, 4, 2]
[2, 1, 6]
[2, 4, 3]
[2, 6, 1]
[1, 2, 5]
[4, 6, 2]
[3, 1, 4]
[6, 1, 5]
[3, 6, 5]
[6, 3, 5]
[2, 6, 5]
[2, 1, 4]
[5, 6, 3]
[1, 3, 5]
[5, 1, 4]
