1546152220.94
1546152221.08
1546152221.12
1546152221.15
1546152221.18
1546152221.21
1546152221.24
1546152221.27
1546152221.3
1546152221.33
1546152221.36
1546152221.4
1546152221.43
1546152221.46
1546152221.5
1546152221.53
1546152221.56
1546152221.6
1546152221.63
1546152221.66
1546152221.7
1546152221.73
1546152221.76
1546152221.8
1546152221.83
1546152221.87
1546152221.9
1546152221.93
1546152221.96
1546152222.0
1546152222.03
1546152222.06
1546152222.1
1546152222.13
1546152222.16
1546152222.2
1546152222.23
1546152222.26
1546152222.3
1546152222.33
1546152222.36
1546152222.4
1546152222.43
1546152222.46
1546152222.5
1546152222.53
1546152222.56
1546152222.6
1546152222.63
1546152222.66
1546152222.7
1546152222.73
1546152222.76
1546152222.8
1546152222.83
1546152222.86
1546152222.9
1546152222.93
1546152222.96
1546152223.0
1546152223.03
1546152223.06
1546152223.1
1546152223.13
1546152223.16
1546152223.2
1546152223.23
1546152223.26
1546152223.3
1546152223.33
1546152223.36
1546152223.4
1546152223.43
1546152223.46
1546152223.5
1546152223.53
1546152223.57
1546152223.6
1546152223.63
1546152223.66
1546152223.7
1546152223.73
1546152223.76
1546152223.8
1546152223.83
1546152223.86
1546152223.9
1546152223.93
1546152223.96
1546152224.0
1546152224.03
1546152224.06
1546152224.1
1546152224.13
1546152224.16
1546152224.2
1546152224.23
1546152224.26
1546152224.3
1546152224.33
1546152224.36
1546152224.4
1546152224.43
1546152224.46
1546152224.5
1546152224.53
1546152224.56
1546152224.6
1546152224.63
1546152224.66
1546152224.7
1546152224.73
1546152224.76
1546152224.8
1546152224.83
1546152224.86
1546152224.9
1546152224.93
1546152224.96
1546152225.0
1546152225.03
1546152225.06
1546152225.1
1546152225.13
1546152225.16
1546152225.2
1546152225.23
1546152225.26
1546152225.3
1546152225.33
1546152225.36
1546152225.4
1546152225.43
1546152225.46
1546152225.5
1546152225.53
1546152225.56
1546152225.6
1546152225.63
1546152225.66
1546152225.7
1546152225.73
1546152225.76
1546152225.8
1546152225.83
1546152225.86
1546152225.9
1546152225.93
1546152225.96
1546152226.0
1546152226.03
1546152226.06
1546152226.1
1546152226.13
1546152226.16
1546152226.2
1546152226.23
1546152226.26
1546152226.3
1546152226.33
1546152226.36
1546152226.4
1546152226.43
1546152226.46
1546152226.5
1546152226.53
1546152226.56
1546152226.6
1546152226.63
1546152226.66
1546152226.7
1546152226.73
1546152226.76
1546152226.8
1546152226.83
1546152226.86
1546152226.9
1546152226.93
1546152226.96
1546152227.0
1546152227.03
1546152227.06
1546152227.1
1546152227.13
1546152227.16
1546152227.2
1546152227.23
1546152227.26
1546152227.3
1546152227.33
1546152227.36
1546152227.4
1546152227.43
1546152227.46
1546152227.5
1546152227.53
1546152227.56
1546152227.6
1546152227.63
1546152227.66
1546152227.7
1546152227.73
1546152227.77
1546152227.8
1546152227.83
1546152227.86
1546152227.9
1546152227.93
1546152227.96
1546152228.0
1546152228.03
1546152228.06
1546152228.1
1546152228.13
1546152228.16
1546152228.2
1546152228.23
1546152228.26
1546152228.3
1546152228.33
1546152228.36
1546152228.4
1546152228.43
1546152228.46
1546152228.5
1546152228.53
1546152228.56
1546152228.6
1546152228.63
1546152228.66
1546152228.7
1546152228.73
1546152228.76
1546152228.8
1546152228.83
1546152228.86
1546152228.9
1546152228.93
1546152228.96
1546152229.0
1546152229.03
1546152229.06
1546152229.1
1546152229.13
1546152229.16
1546152229.2
1546152229.23
1546152229.26
1546152229.3
1546152229.33
1546152229.36
1546152229.4
1546152229.43
1546152229.46
1546152229.5
1546152229.53
1546152229.57
1546152229.6
1546152229.63
1546152229.66
1546152229.7
1546152229.73
1546152229.76
1546152229.8
1546152229.83
1546152229.86
1546152229.9
1546152229.93
1546152229.96
1546152230.0
1546152230.03
1546152230.07
1546152230.1
1546152230.13
1546152230.16
1546152230.2
1546152230.23
1546152230.26
1546152230.3
1546152230.33
1546152230.36
1546152230.4
1546152230.43
1546152230.46
1546152230.5
1546152230.53
1546152230.57
1546152230.6
1546152230.63
1546152230.66
1546152230.7
1546152230.73
1546152230.77
1546152230.8
1546152230.83
1546152230.87
1546152230.9
1546152230.93
1546152230.97
1546152231.0
1546152231.03
1546152231.07
1546152231.1
1546152231.13
1546152231.16
1546152231.2
1546152231.23
1546152231.27
1546152231.3
1546152231.33
1546152231.37
1546152231.4
1546152231.43
1546152231.47
1546152231.5
1546152231.53
1546152231.57
1546152231.6
1546152231.63
1546152231.67
1546152231.7
1546152231.73
1546152231.77
1546152231.8
1546152231.83
1546152231.87
1546152231.9
1546152231.93
1546152231.97
1546152232.0
1546152232.03
1546152232.07
1546152232.1
1546152232.13
1546152232.17
1546152232.2
1546152232.23
1546152232.27
1546152232.3
1546152232.33
1546152232.37
1546152232.4
1546152232.43
1546152232.47
1546152232.5
1546152232.54
1546152232.57
1546152232.6
1546152232.63
1546152232.67
1546152232.7
1546152232.73
1546152232.77
1546152232.8
1546152232.83
1546152232.87
1546152232.9
1546152232.93
1546152232.97
1546152233.0
1546152233.04
1546152233.07
1546152233.1
1546152233.13
1546152233.17
1546152233.2
1546152233.23
1546152233.27
1546152233.3
1546152233.33
1546152233.37
1546152233.4
1546152233.43
1546152233.47
1546152233.5
1546152233.53
1546152233.57
1546152233.6
1546152233.63
1546152233.67
1546152233.69
1546152233.73
1546152233.76
1546152233.79
1546152233.83
1546152233.86
1546152233.89
1546152233.93
1546152233.96
1546152233.99
1546152234.03
1546152234.06
1546152234.1
1546152234.13
1546152234.16
1546152234.19
1546152234.23
1546152234.26
1546152234.3
1546152234.33
1546152234.36
1546152234.39
1546152234.43
1546152234.46
1546152234.49
1546152234.53
1546152234.56
1546152234.6
1546152234.63
1546152234.66
1546152234.69
1546152234.73
1546152234.76
1546152234.8
1546152234.83
1546152234.86
1546152234.89
1546152234.93
1546152234.96
1546152234.99
1546152235.03
1546152235.06
1546152235.09
1546152235.13
1546152235.16
1546152235.19
1546152235.23
1546152235.26
1546152235.29
1546152235.33
1546152235.36
1546152235.39
1546152235.43
1546152235.46
1546152235.49
1546152235.53
1546152235.56
1546152235.59
1546152235.63
1546152235.66
1546152235.69
1546152235.73
1546152235.76
1546152235.79
1546152235.83
1546152235.86
1546152235.89
1546152235.93
1546152235.96
1546152235.99
1546152236.03
1546152236.06
1546152236.09
1546152236.13
1546152236.16
1546152236.19
1546152236.23
1546152236.26
1546152236.29
1546152236.33
1546152236.36
1546152236.39
1546152236.43
1546152236.46
1546152236.49
1546152236.53
1546152236.56
1546152236.59
1546152236.63
1546152236.66
1546152236.69
1546152236.73
1546152236.76
1546152236.79
1546152236.83
1546152236.86
1546152236.89
1546152236.93
1546152236.96
1546152236.99
1546152237.03
1546152237.06
1546152237.09
1546152237.13
1546152237.16
1546152237.19
1546152237.23
1546152237.26
1546152237.29
1546152237.33
1546152237.36
1546152237.39
1546152237.43
1546152237.46
1546152237.49
1546152237.53
1546152237.56
1546152237.59
1546152237.63
1546152237.66
1546152237.69
1546152237.73
1546152237.76
1546152237.79
1546152237.83
1546152237.86
1546152237.89
1546152237.93
1546152237.96
1546152237.99
1546152238.03
1546152238.06
1546152238.09
1546152238.13
1546152238.16
1546152238.19
1546152238.23
1546152238.26
1546152238.3
1546152238.33
1546152238.36
1546152238.39
1546152238.43
1546152238.46
1546152238.49
1546152238.53
1546152238.56
1546152238.59
1546152238.63
1546152238.66
1546152238.69
1546152238.73
1546152238.76
1546152238.79
1546152238.83
1546152238.86
1546152238.89
1546152238.93
1546152238.96
1546152238.99
1546152239.03
1546152239.06
1546152239.09
1546152239.13
1546152239.16
1546152239.19
1546152239.23
1546152239.26
1546152239.29
1546152239.33
1546152239.36
1546152239.39
1546152239.43
1546152239.46
1546152239.49
1546152239.53
1546152239.56
1546152239.59
1546152239.63
1546152239.66
1546152239.69
1546152239.73
1546152239.76
1546152239.79
1546152239.83
1546152239.86
1546152239.89
1546152239.93
1546152239.96
1546152239.99
1546152240.03
1546152240.06
1546152240.09
1546152240.12
1546152240.16
1546152240.19
1546152240.22
1546152240.26
1546152240.29
1546152240.33
1546152240.36
1546152240.39
1546152240.43
1546152240.46
1546152240.49
1546152240.53
1546152240.56
1546152240.59
1546152240.62
1546152240.66
1546152240.69
1546152240.72
1546152240.76
1546152240.79
1546152240.83
1546152240.86
1546152240.89
1546152240.93
1546152240.96
1546152240.99
1546152241.03
1546152241.06
1546152241.09
1546152241.13
1546152241.16
1546152241.19
1546152241.22
1546152241.26
1546152241.29
1546152241.33
1546152241.36
1546152241.39
1546152241.43
1546152241.46
1546152241.49
1546152241.53
1546152241.56
1546152241.59
1546152241.63
1546152241.66
1546152241.69
1546152241.73
1546152241.76
1546152241.79
1546152241.83
1546152241.86
1546152241.89
1546152241.92
1546152241.96
1546152241.99
1546152242.03
1546152242.06
1546152242.09
1546152242.12
1546152242.16
1546152242.19
1546152242.22
1546152242.26
1546152242.29
1546152242.33
1546152242.36
1546152242.39
1546152242.42
1546152242.46
1546152242.49
1546152242.53
1546152242.56
1546152242.59
1546152242.63
1546152242.66
1546152242.69
1546152242.72
1546152242.76
1546152242.79
1546152242.83
1546152242.86
1546152242.89
1546152242.92
1546152242.96
1546152242.99
1546152243.03
1546152243.06
1546152243.09
1546152243.12
1546152243.16
1546152243.19
1546152243.22
1546152243.26
1546152243.29
1546152243.33
1546152243.36
1546152243.39
1546152243.42
1546152243.46
1546152243.49
1546152243.53
1546152243.56
1546152243.59
1546152243.62
1546152243.66
1546152243.69
1546152243.72
1546152243.76
1546152243.79
1546152243.83
1546152243.86
1546152243.89
1546152243.92
1546152243.96
1546152243.99
1546152244.03
1546152244.06
1546152244.09
1546152244.13
1546152244.16
1546152244.19
1546152244.23
1546152244.26
1546152244.29
1546152244.33
1546152244.36
1546152244.39
1546152244.43
1546152244.46
1546152244.49
1546152244.53
1546152244.56
1546152244.59
1546152244.63
1546152244.66
1546152244.69
1546152244.73
1546152244.76
1546152244.79
1546152244.83
1546152244.86
1546152244.89
1546152244.93
1546152244.96
1546152244.99
1546152245.03
1546152245.06
1546152245.09
1546152245.13
1546152245.16
1546152245.19
1546152245.23
1546152245.26
1546152245.29
1546152245.33
1546152245.36
1546152245.39
1546152245.43
1546152245.46
1546152245.49
1546152245.53
1546152245.56
1546152245.59
1546152245.63
1546152245.66
1546152245.69
1546152245.73
1546152245.76
1546152245.79
1546152245.83
1546152245.86
1546152245.89
1546152245.93
1546152245.96
1546152245.99
1546152246.03
1546152246.06
1546152246.09
1546152246.13
1546152246.16
1546152246.19
1546152246.23
1546152246.26
1546152246.29
1546152246.33
1546152246.36
1546152246.39
1546152246.42
1546152246.46
1546152246.49
1546152246.53
1546152246.56
1546152246.59
1546152246.62
1546152246.66
1546152246.69
1546152246.72
1546152246.76
1546152246.79
1546152246.82
1546152246.86
1546152246.89
1546152246.92
1546152246.96
1546152246.99
1546152247.03
1546152247.06
1546152247.09
1546152247.12
1546152247.16
1546152247.19
1546152247.22
1546152247.26
1546152247.29
1546152247.32
1546152247.36
1546152247.39
1546152247.42
1546152247.46
1546152247.49
1546152247.52
1546152247.56
1546152247.59
1546152247.62
1546152247.66
1546152247.69
1546152247.72
1546152247.76
1546152247.79
1546152247.82
1546152247.86
1546152247.89
1546152247.92
1546152247.96
1546152247.99
1546152248.02
1546152248.06
1546152248.09
1546152248.12
1546152248.16
1546152248.19
1546152248.22
1546152248.26
1546152248.29
1546152248.32
1546152248.36
1546152248.39
1546152248.42
1546152248.46
1546152248.49
1546152248.52
1546152248.56
1546152248.59
1546152248.62
1546152248.66
1546152248.69
1546152248.72
1546152248.76
1546152248.79
1546152248.82
1546152248.86
1546152248.89
1546152248.92
1546152248.96
1546152248.99
1546152249.02
1546152249.06
1546152249.09
1546152249.12
1546152249.16
1546152249.19
1546152249.22
1546152249.26
1546152249.29
1546152249.32
1546152249.36
1546152249.39
1546152249.42
1546152249.46
1546152249.49
1546152249.52
1546152249.56
1546152249.59
1546152249.62
1546152249.66
1546152249.69
1546152249.72
1546152249.76
1546152249.79
1546152249.82
1546152249.86
1546152249.89
1546152249.92
1546152249.96
1546152249.99
1546152250.02
1546152250.06
1546152250.09
1546152250.12
1546152250.16
1546152250.19
1546152250.22
1546152250.26
1546152250.29
1546152250.32
1546152250.36
1546152250.39
1546152250.42
1546152250.46
1546152250.49
1546152250.52
1546152250.56
1546152250.59
1546152250.62
1546152250.66
1546152250.69
1546152250.72
1546152250.76
1546152250.79
1546152250.82
1546152250.86
1546152250.89
1546152250.92
1546152250.96
1546152250.99
1546152251.02
1546152251.06
1546152251.09
1546152251.12
1546152251.16
1546152251.19
1546152251.22
1546152251.26
1546152251.29
1546152251.32
1546152251.36
1546152251.39
1546152251.42
1546152251.46
1546152251.49
1546152251.52
1546152251.56
1546152251.59
1546152251.62
1546152251.65
1546152251.69
1546152251.72
1546152251.75
1546152251.79
1546152251.82
1546152251.85
1546152251.89
1546152251.92
1546152251.95
1546152251.99
1546152252.02
1546152252.06
1546152252.09
1546152252.12
1546152252.15
1546152252.19
1546152252.22
1546152252.25
1546152252.29
1546152252.32
1546152252.35
1546152252.39
1546152252.42
1546152252.45
1546152252.49
1546152252.52
1546152252.55
1546152252.59
1546152252.62
1546152252.66
1546152252.69
1546152252.72
1546152252.76
1546152252.79
1546152252.82
1546152252.86
1546152252.89
1546152252.92
1546152252.95
1546152252.99
1546152253.02
1546152253.06
1546152253.09
1546152253.12
1546152253.16
1546152253.19
1546152253.22
1546152253.26
1546152253.29
1546152253.32
1546152253.36
1546152253.39
1546152253.42
1546152253.46
1546152253.49
1546152253.52
1546152253.56
1546152253.59
1546152253.62
1546152253.66
1546152253.69
1546152253.72
1546152253.76
1546152253.79
1546152253.82
1546152253.86
1546152253.89
1546152253.92
1546152253.96
1546152253.99
1546152254.02
1546152254.06
1546152254.09
1546152254.12
1546152254.16
1546152254.19
1546152254.22
1546152254.26
1546152254.29
1546152254.32
1546152254.36
1546152254.39
1546152254.42
1546152254.46
1546152254.49
1546152254.52
1546152254.56
1546152254.59
1546152254.62
1546152254.66
1546152254.69
1546152254.72
1546152254.76
1546152254.79
1546152254.82
1546152254.86
1546152254.89
1546152254.92
1546152254.96
1546152254.99
1546152255.02
1546152255.06
1546152255.09
1546152255.12
1546152255.16
1546152255.19
1546152255.22
1546152255.26
1546152255.29
1546152255.32
1546152255.36
1546152255.39
1546152255.42
1546152255.46
1546152255.49
1546152255.52
1546152255.56
1546152255.59
1546152255.62
1546152255.66
1546152255.69
1546152255.72
1546152255.76
1546152255.79
1546152255.83
1546152255.86
1546152255.89
1546152255.92
1546152255.96
1546152255.99
1546152256.03
1546152256.06
1546152256.09
1546152256.12
1546152256.16
1546152256.19
1546152256.22
1546152256.26
1546152256.29
1546152256.33
1546152256.36
1546152256.39
1546152256.43
1546152256.46
1546152256.49
1546152256.53
1546152256.56
1546152256.59
1546152256.63
1546152256.66
1546152256.69
1546152256.73
1546152256.76
1546152256.79
1546152256.83
1546152256.86
1546152256.89
1546152256.93
1546152256.96
1546152256.99
1546152257.03
1546152257.06
1546152257.09
1546152257.13
1546152257.16
1546152257.19
1546152257.23
1546152257.26
1546152257.29
1546152257.33
1546152257.36
1546152257.39
1546152257.43
1546152257.46
1546152257.49
1546152257.52
1546152257.55
1546152257.59
1546152257.62
1546152257.65
1546152257.68
1546152257.72
1546152257.75
1546152257.79
1546152257.82
1546152257.85
1546152257.88
1546152257.92
1546152257.95
1546152257.98
1546152258.02
1546152258.05
1546152258.09
1546152258.12
1546152258.15
1546152258.18
1546152258.22
1546152258.25
1546152258.28
1546152258.32
1546152258.35
1546152258.38
1546152258.42
1546152258.45
1546152258.48
1546152258.52
1546152258.55
1546152258.58
1546152258.62
1546152258.65
1546152258.68
1546152258.72
1546152258.75
1546152258.78
1546152258.82
1546152258.85
1546152258.88
1546152258.92
1546152258.95
1546152258.98
1546152259.02
1546152259.05
1546152259.08
1546152259.12
1546152259.15
1546152259.18
1546152259.22
1546152259.25
1546152259.28
1546152259.32
1546152259.35
1546152259.38
1546152259.42
1546152259.45
1546152259.48
1546152259.52
1546152259.55
1546152259.58
1546152259.62
1546152259.65
1546152259.68
1546152259.72
1546152259.75
1546152259.78
1546152259.82
1546152259.85
1546152259.88
1546152259.92
1546152259.95
1546152259.98
1546152260.02
1546152260.05
1546152260.08
1546152260.12
1546152260.15
1546152260.18
1546152260.22
1546152260.25
1546152260.28
1546152260.32
1546152260.35
1546152260.38
1546152260.42
1546152260.45
1546152260.48
1546152260.52
1546152260.55
1546152260.58
1546152260.62
1546152260.65
1546152260.68
1546152260.72
1546152260.75
1546152260.78
1546152260.82
1546152260.85
1546152260.88
1546152260.92
1546152260.95
1546152260.98
1546152261.02
1546152261.05
1546152261.08
1546152261.12
1546152261.15
1546152261.18
1546152261.22
1546152261.25
1546152261.28
1546152261.32
1546152261.35
1546152261.38
1546152261.42
1546152261.45
1546152261.48
1546152261.52
1546152261.55
1546152261.58
1546152261.62
1546152261.65
1546152261.68
1546152261.72
1546152261.75
1546152261.78
1546152261.82
1546152261.85
1546152261.88
1546152261.92
1546152261.95
1546152261.98
1546152262.02
1546152262.05
1546152262.08
1546152262.12
1546152262.15
1546152262.18
1546152262.22
1546152262.25
1546152262.28
1546152262.32
1546152262.35
1546152262.38
1546152262.42
1546152262.45
1546152262.48
1546152262.52
1546152262.55
1546152262.58
1546152262.62
1546152262.65
1546152262.68
1546152262.72
1546152262.75
1546152262.78
1546152262.82
1546152262.85
1546152262.88
1546152262.92
1546152262.95
1546152262.98
1546152263.02
1546152263.05
1546152263.08
1546152263.12
1546152263.15
1546152263.18
1546152263.22
1546152263.25
1546152263.28
1546152263.32
1546152263.35
1546152263.38
1546152263.42
1546152263.45
1546152263.48
1546152263.52
1546152263.55
1546152263.58
1546152263.62
1546152263.65
1546152263.68
1546152263.72
1546152263.75
1546152263.78
1546152263.82
1546152263.85
1546152263.88
1546152263.92
1546152263.95
1546152263.98
1546152264.02
1546152264.05
1546152264.08
1546152264.12
1546152264.15
1546152264.18
1546152264.22
1546152264.25
1546152264.28
1546152264.32
1546152264.35
1546152264.38
1546152264.42
1546152264.45
1546152264.48
1546152264.52
1546152264.55
1546152264.58
1546152264.62
1546152264.65
1546152264.68
1546152264.72
1546152264.75
1546152264.78
1546152264.82
1546152264.85
1546152264.88
1546152264.91
1546152264.95
1546152264.98
1546152265.02
1546152265.05
1546152265.08
1546152265.12
1546152265.15
1546152265.18
1546152265.22
1546152265.25
1546152265.28
1546152265.32
1546152265.35
1546152265.38
1546152265.41
1546152265.45
1546152265.48
1546152265.52
1546152265.55
1546152265.58
1546152265.62
1546152265.65
1546152265.68
1546152265.71
1546152265.75
1546152265.78
1546152265.81
1546152265.85
1546152265.88
1546152265.91
1546152265.95
1546152265.98
1546152266.02
1546152266.05
1546152266.08
1546152266.12
1546152266.15
1546152266.18
1546152266.22
1546152266.25
1546152266.28
1546152266.32
1546152266.35
1546152266.38
1546152266.42
1546152266.45
1546152266.48
1546152266.52
1546152266.55
1546152266.58
1546152266.62
1546152266.65
1546152266.68
1546152266.71
1546152266.75
1546152266.78
1546152266.82
1546152266.85
1546152266.88
1546152266.92
1546152266.95
1546152266.98
1546152267.02
1546152267.05
1546152267.08
1546152267.12
1546152267.15
1546152267.18
1546152267.21
1546152267.25
1546152267.28
1546152267.32
1546152267.35
1546152267.38
1546152267.42
1546152267.45
1546152267.48
1546152267.52
1546152267.55
1546152267.58
1546152267.62
1546152267.65
1546152267.68
1546152267.71
1546152267.75
1546152267.78
1546152267.82
1546152267.85
1546152267.88
1546152267.91
1546152267.95
1546152267.98
1546152268.02
1546152268.05
1546152268.08
1546152268.12
1546152268.15
1546152268.18
1546152268.21
1546152268.25
1546152268.28
1546152268.32
1546152268.35
1546152268.38
1546152268.41
1546152268.45
1546152268.48
1546152268.52
1546152268.55
1546152268.58
1546152268.62
1546152268.65
1546152268.68
1546152268.71
1546152268.75
1546152268.78
1546152268.82
1546152268.85
1546152268.88
1546152268.92
1546152268.95
1546152268.98
1546152269.02
1546152269.05
1546152269.08
1546152269.12
1546152269.15
1546152269.18
1546152269.21
1546152269.25
1546152269.28
1546152269.32
1546152269.35
1546152269.38
1546152269.41
1546152269.45
1546152269.48
1546152269.51
1546152269.55
1546152269.58
1546152269.61
1546152269.65
1546152269.68
1546152269.71
1546152269.75
1546152269.78
1546152269.82
1546152269.85
1546152269.88
1546152269.91
1546152269.95
1546152269.98
1546152270.01
1546152270.05
1546152270.08
1546152270.11
1546152270.15
1546152270.18
1546152270.21
1546152270.25
1546152270.28
1546152270.32
1546152270.35
1546152270.38
1546152270.41
1546152270.45
1546152270.48
1546152270.51
1546152270.55
1546152270.58
1546152270.61
1546152270.65
1546152270.68
1546152270.71
1546152270.75
1546152270.78
1546152270.81
1546152270.85
1546152270.88
1546152270.91
1546152270.95
1546152270.98
1546152271.01
1546152271.05
1546152271.08
1546152271.11
1546152271.15
1546152271.18
1546152271.21
1546152271.25
1546152271.28
1546152271.31
1546152271.35
1546152271.38
1546152271.41
1546152271.45
1546152271.48
1546152271.51
1546152271.55
1546152271.58
1546152271.61
1546152271.65
1546152271.68
1546152271.71
1546152271.75
1546152271.78
1546152271.81
1546152271.85
1546152271.88
1546152271.91
1546152271.95
1546152271.98
1546152272.01
1546152272.05
1546152272.08
1546152272.11
1546152272.15
1546152272.18
1546152272.21
1546152272.25
1546152272.28
1546152272.31
1546152272.35
1546152272.38
1546152272.41
1546152272.45
1546152272.48
1546152272.51
1546152272.55
1546152272.58
1546152272.61
1546152272.65
1546152272.68
1546152272.71
1546152272.75
1546152272.78
1546152272.81
1546152272.85
1546152272.88
1546152272.91
1546152272.95
1546152272.98
1546152273.01
1546152273.05
1546152273.08
1546152273.11
1546152273.15
1546152273.18
1546152273.21
1546152273.25
1546152273.28
1546152273.31
1546152273.35
1546152273.38
1546152273.41
1546152273.45
1546152273.48
1546152273.51
1546152273.55
1546152273.58
1546152273.61
1546152273.65
1546152273.68
1546152273.71
1546152273.75
1546152273.78
1546152273.81
1546152273.85
1546152273.88
1546152273.91
1546152273.94
1546152273.98
1546152274.01
1546152274.05
1546152274.08
1546152274.11
1546152274.15
1546152274.18
1546152274.21
1546152274.24
1546152274.28
1546152274.31
1546152274.35
1546152274.38
1546152274.41
1546152274.44
1546152274.48
1546152274.51
1546152274.55
1546152274.58
1546152274.61
1546152274.64
1546152274.68
1546152274.71
1546152274.74
1546152274.78
1546152274.81
1546152274.84
1546152274.88
1546152274.91
1546152274.94
1546152274.98
1546152275.01
1546152275.04
1546152275.08
1546152275.11
1546152275.14
1546152275.18
1546152275.21
1546152275.24
1546152275.28
1546152275.31
1546152275.34
1546152275.38
1546152275.41
1546152275.44
1546152275.48
1546152275.51
1546152275.54
1546152275.58
1546152275.61
1546152275.64
1546152275.68
1546152275.71
1546152275.74
1546152275.78
1546152275.81
1546152275.85
1546152275.88
1546152275.91
1546152275.94
1546152275.98
1546152276.01
1546152276.05
1546152276.08
1546152276.11
1546152276.14
1546152276.18
1546152276.21
1546152276.24
1546152276.28
1546152276.31
1546152276.35
1546152276.38
1546152276.41
1546152276.44
1546152276.48
1546152276.51
1546152276.55
1546152276.58
1546152276.61
1546152276.65
1546152276.68
1546152276.71
1546152276.75
1546152276.78
1546152276.81
1546152276.85
1546152276.88
1546152276.91
1546152276.95
1546152276.98
1546152277.01
1546152277.05
1546152277.08
1546152277.11
1546152277.15
1546152277.18
1546152277.21
1546152277.25
1546152277.28
1546152277.31
1546152277.35
1546152277.38
1546152277.41
1546152277.45
1546152277.48
1546152277.51
1546152277.55
1546152277.58
1546152277.61
1546152277.65
1546152277.68
1546152277.71
1546152277.75
1546152277.78
1546152277.81
1546152277.85
1546152277.88
1546152277.91
1546152277.95
1546152277.98
1546152278.01
1546152278.05
1546152278.08
1546152278.11
1546152278.15
1546152278.18
1546152278.21
1546152278.25
1546152278.28
1546152278.31
1546152278.35
1546152278.38
1546152278.41
1546152278.45
1546152278.48
1546152278.51
1546152278.55
1546152278.58
1546152278.61
1546152278.65
1546152278.68
1546152278.71
1546152278.75
1546152278.78
1546152278.82
1546152278.85
1546152278.88
1546152278.91
1546152278.95
1546152278.98
1546152279.02
1546152279.05
1546152279.08
1546152279.12
1546152279.15
1546152279.18
1546152279.21
1546152279.25
1546152279.28
1546152279.31
1546152279.35
1546152279.38
1546152279.41
1546152279.45
1546152279.48
1546152279.52
1546152279.55
1546152279.58
1546152279.62
1546152279.65
1546152279.68
1546152279.71
1546152279.75
1546152279.78
1546152279.82
1546152279.85
1546152279.88
1546152279.92
1546152279.95
1546152279.98
1546152280.02
1546152280.05
1546152280.08
1546152280.12
1546152280.15
1546152280.18
1546152280.22
1546152280.25
1546152280.28
1546152280.32
1546152280.35
1546152280.38
1546152280.42
1546152280.45
1546152280.48
1546152280.52
1546152280.55
1546152280.58
1546152280.62
1546152280.65
1546152280.68
1546152280.72
1546152280.75
1546152280.78
1546152280.82
1546152280.85
1546152280.88
1546152280.92
1546152280.95
1546152280.98
1546152281.02
1546152281.05
1546152281.08
1546152281.11
1546152281.14
1546152281.18
1546152281.21
1546152281.24
1546152281.28
1546152281.31
1546152281.34
1546152281.38
1546152281.41
1546152281.44
1546152281.47
1546152281.51
1546152281.54
1546152281.58
1546152281.61
1546152281.64
1546152281.67
1546152281.71
1546152281.74
1546152281.78
1546152281.81
1546152281.84
1546152281.88
1546152281.91
1546152281.94
1546152281.98
1546152282.01
1546152282.04
1546152282.08
1546152282.11
1546152282.14
1546152282.18
1546152282.21
1546152282.24
1546152282.28
1546152282.31
1546152282.34
1546152282.38
1546152282.41
1546152282.44
1546152282.48
1546152282.51
1546152282.54
1546152282.58
1546152282.61
1546152282.64
1546152282.68
1546152282.71
1546152282.74
1546152282.78
1546152282.81
1546152282.84
1546152282.88
1546152282.91
1546152282.94
1546152282.98
1546152283.01
1546152283.04
1546152283.08
1546152283.11
1546152283.14
1546152283.17
1546152283.21
1546152283.24
1546152283.28
1546152283.31
1546152283.34
1546152283.38
1546152283.41
1546152283.44
1546152283.47
1546152283.51
1546152283.54
1546152283.58
1546152283.61
1546152283.64
1546152283.67
1546152283.71
1546152283.74
1546152283.78
1546152283.81
1546152283.84
1546152283.87
1546152283.91
1546152283.94
1546152283.97
1546152284.01
1546152284.04
1546152284.07
1546152284.11
1546152284.14
1546152284.17
1546152284.21
1546152284.24
1546152284.27
1546152284.31
1546152284.34
1546152284.37
1546152284.41
1546152284.44
1546152284.47
1546152284.51
1546152284.54
1546152284.57
1546152284.61
1546152284.64
1546152284.67
1546152284.71
1546152284.74
1546152284.77
1546152284.81
1546152284.84
1546152284.87
1546152284.91
1546152284.94
1546152284.97
1546152285.01
1546152285.04
1546152285.07
1546152285.11
1546152285.14
1546152285.17
1546152285.21
1546152285.24
1546152285.27
1546152285.31
1546152285.34
1546152285.37
1546152285.41
1546152285.44
1546152285.47
1546152285.51
1546152285.54
1546152285.57
1546152285.61
1546152285.64
1546152285.67
1546152285.71
1546152285.74
1546152285.77
1546152285.81
1546152285.84
1546152285.87
1546152285.91
1546152285.94
1546152285.97
1546152286.01
1546152286.04
1546152286.07
1546152286.11
1546152286.14
1546152286.17
1546152286.21
1546152286.24
1546152286.27
1546152286.31
1546152286.34
1546152286.37
1546152286.41
1546152286.44
1546152286.47
1546152286.51
1546152286.54
1546152286.57
1546152286.61
1546152286.64
1546152286.67
1546152286.71
1546152286.74
1546152286.77
1546152286.81
1546152286.84
1546152286.87
1546152286.9
1546152286.94
1546152286.97
1546152287.01
1546152287.04
1546152287.07
1546152287.11
1546152287.14
1546152287.17
1546152287.2
1546152287.24
1546152287.27
1546152287.3
1546152287.34
1546152287.37
1546152287.4
1546152287.44
1546152287.47
1546152287.5
1546152287.54
1546152287.57
1546152287.61
1546152287.64
1546152287.67
1546152287.7
1546152287.74
1546152287.77
1546152287.8
1546152287.84
1546152287.87
1546152287.9
1546152287.94
1546152287.97
1546152288.0
1546152288.04
1546152288.07
1546152288.1
1546152288.14
1546152288.17
1546152288.2
1546152288.24
1546152288.27
1546152288.3
1546152288.34
1546152288.37
1546152288.4
1546152288.44
1546152288.47
1546152288.5
1546152288.54
1546152288.57
1546152288.61
1546152288.64
1546152288.67
1546152288.7
1546152288.74
1546152288.77
1546152288.81
1546152288.84
1546152288.87
1546152288.9
1546152288.94
1546152288.97
1546152289.01
1546152289.04
1546152289.07
1546152289.11
1546152289.14
1546152289.17
1546152289.2
1546152289.24
1546152289.27
1546152289.3
1546152289.34
1546152289.37
1546152289.4
1546152289.44
1546152289.47
1546152289.5
1546152289.54
1546152289.57
1546152289.6
1546152289.64
1546152289.67
1546152289.7
1546152289.74
1546152289.77
1546152289.8
1546152289.84
1546152289.87
1546152289.9
1546152289.94
1546152289.97
1546152290.0
1546152290.04
1546152290.07
1546152290.1
1546152290.14
1546152290.17
1546152290.2
1546152290.24
1546152290.27
1546152290.3
1546152290.34
1546152290.37
1546152290.4
1546152290.44
1546152290.47
1546152290.5
1546152290.54
1546152290.57
1546152290.6
1546152290.64
1546152290.67
1546152290.7
1546152290.74
1546152290.77
1546152290.8
1546152290.84
1546152290.87
1546152290.9
1546152290.94
1546152290.97
1546152291.0
1546152291.04
1546152291.07
1546152291.1
1546152291.14
1546152291.17
1546152291.2
1546152291.24
1546152291.27
1546152291.3
1546152291.34
1546152291.37
1546152291.4
1546152291.44
1546152291.47
1546152291.5
1546152291.54
1546152291.57
1546152291.6
1546152291.64
1546152291.67
1546152291.7
1546152291.74
1546152291.77
1546152291.8
1546152291.84
1546152291.87
1546152291.9
1546152291.94
1546152291.97
1546152292.0
1546152292.04
1546152292.07
1546152292.1
1546152292.14
1546152292.17
1546152292.2
1546152292.24
1546152292.27
1546152292.3
1546152292.34
1546152292.37
1546152292.4
1546152292.44
1546152292.47
1546152292.5
1546152292.54
1546152292.57
1546152292.6
1546152292.64
1546152292.67
1546152292.7
1546152292.73
1546152292.77
1546152292.8
1546152292.84
1546152292.87
1546152292.9
1546152292.93
1546152292.97
1546152293.0
1546152293.04
1546152293.07
1546152293.1
1546152293.14
1546152293.17
1546152293.2
1546152293.23
1546152293.27
1546152293.3
1546152293.34
1546152293.37
1546152293.4
1546152293.43
1546152293.47
1546152293.5
1546152293.54
1546152293.57
1546152293.6
1546152293.64
1546152293.67
1546152293.7
1546152293.73
1546152293.77
1546152293.8
1546152293.84
1546152293.87
1546152293.9
1546152293.93
1546152293.97
1546152294.0
1546152294.04
1546152294.07
1546152294.1
1546152294.13
1546152294.17
1546152294.2
1546152294.23
1546152294.27
1546152294.3
1546152294.33
1546152294.37
1546152294.4
1546152294.43
1546152294.47
1546152294.5
1546152294.53
1546152294.57
1546152294.6
1546152294.63
1546152294.67
1546152294.7
1546152294.73
1546152294.77
1546152294.8
1546152294.83
1546152294.87
1546152294.9
1546152294.93
1546152294.97
1546152295.0
1546152295.03
1546152295.07
1546152295.1
1546152295.13
1546152295.17
1546152295.2
1546152295.23
1546152295.27
1546152295.3
1546152295.33
1546152295.37
1546152295.4
1546152295.43
1546152295.47
1546152295.5
1546152295.53
1546152295.57
1546152295.6
1546152295.63
1546152295.67
1546152295.7
1546152295.73
1546152295.77
1546152295.8
1546152295.83
1546152295.87
1546152295.9
1546152295.93
1546152295.97
1546152296.0
1546152296.03
1546152296.07
1546152296.1
1546152296.13
1546152296.17
1546152296.2
1546152296.23
1546152296.27
1546152296.3
1546152296.33
1546152296.37
1546152296.4
1546152296.43
1546152296.46
1546152296.5
1546152296.53
1546152296.57
1546152296.6
1546152296.63
1546152296.67
1546152296.7
1546152296.73
1546152296.77
1546152296.8
1546152296.83
1546152296.87
1546152296.9
1546152296.93
1546152296.97
1546152297.0
1546152297.03
1546152297.07
1546152297.1
1546152297.13
1546152297.17
1546152297.2
1546152297.23
1546152297.27
1546152297.3
1546152297.33
1546152297.37
1546152297.4
1546152297.43
1546152297.47
1546152297.5
1546152297.53
1546152297.57
1546152297.6
1546152297.63
1546152297.67
1546152297.7
1546152297.73
1546152297.77
1546152297.8
1546152297.83
1546152297.87
1546152297.9
1546152297.93
1546152297.97
1546152298.0
1546152298.03
1546152298.07
1546152298.1
1546152298.13
1546152298.17
1546152298.2
1546152298.23
1546152298.27
1546152298.3
1546152298.33
1546152298.37
1546152298.4
1546152298.43
1546152298.46
1546152298.5
1546152298.53
1546152298.57
1546152298.6
1546152298.63
1546152298.66
1546152298.7
1546152298.73
1546152298.77
1546152298.8
1546152298.83
1546152298.87
1546152298.9
1546152298.93
1546152298.96
1546152299.0
1546152299.03
1546152299.07
1546152299.1
1546152299.13
1546152299.16
1546152299.2
1546152299.23
1546152299.27
1546152299.3
1546152299.33
1546152299.37
1546152299.4
1546152299.43
1546152299.46
1546152299.5
1546152299.53
1546152299.57
1546152299.6
1546152299.63
1546152299.66
1546152299.7
1546152299.73
1546152299.76
1546152299.8
1546152299.83
1546152299.86
1546152299.9
1546152299.93
1546152299.96
1546152300.0
1546152300.03
1546152300.07
1546152300.1
1546152300.13
1546152300.16
1546152300.2
1546152300.23
1546152300.27
1546152300.3
1546152300.33
1546152300.37
1546152300.4
1546152300.43
1546152300.46
1546152300.5
1546152300.53
1546152300.57
1546152300.6
1546152300.63
1546152300.66
1546152300.7
1546152300.73
1546152300.77
1546152300.8
1546152300.83
1546152300.87
1546152300.9
1546152300.93
1546152300.96
1546152301.0
1546152301.03
1546152301.07
1546152301.1
1546152301.13
1546152301.16
1546152301.2
1546152301.23
1546152301.27
1546152301.3
1546152301.33
1546152301.37
1546152301.4
1546152301.43
1546152301.46
1546152301.5
1546152301.53
1546152301.57
1546152301.6
1546152301.63
1546152301.67
1546152301.7
1546152301.73
1546152301.77
1546152301.8
1546152301.83
1546152301.87
1546152301.9
1546152301.93
1546152301.97
1546152302.0
1546152302.03
1546152302.07
1546152302.1
1546152302.13
1546152302.16
1546152302.2
1546152302.23
1546152302.27
1546152302.3
1546152302.33
1546152302.37
1546152302.4
1546152302.43
1546152302.47
1546152302.5
1546152302.53
1546152302.57
1546152302.6
1546152302.63
1546152302.66
1546152302.7
1546152302.73
1546152302.77
1546152302.8
1546152302.83
1546152302.87
1546152302.9
1546152302.93
1546152302.97
1546152303.0
1546152303.03
1546152303.07
1546152303.1
1546152303.13
1546152303.16
1546152303.2
1546152303.23
1546152303.27
1546152303.3
1546152303.33
1546152303.37
1546152303.4
1546152303.43
1546152303.47
1546152303.5
1546152303.53
1546152303.57
1546152303.6
1546152303.63
1546152303.67
1546152303.7
1546152303.73
1546152303.77
1546152303.8
1546152303.83
1546152303.87
1546152303.9
1546152303.93
1546152303.97
1546152304.0
1546152304.03
1546152304.07
1546152304.1
1546152304.13
1546152304.17
1546152304.2
1546152304.23
1546152304.27
1546152304.3
1546152304.34
1546152304.37
1546152304.4
1546152304.43
1546152304.47
1546152304.5
1546152304.54
1546152304.56
1546152304.6
1546152304.63
1546152304.66
1546152304.69
1546152304.73
1546152304.76
1546152304.8
1546152304.83
1546152304.86
1546152304.89
1546152304.93
1546152304.96
1546152304.99
1546152305.03
1546152305.06
1546152305.1
1546152305.13
1546152305.16
1546152305.19
1546152305.23
1546152305.26
1546152305.3
1546152305.33
1546152305.36
1546152305.39
1546152305.43
1546152305.46
1546152305.5
1546152305.53
1546152305.56
1546152305.6
1546152305.63
1546152305.66
1546152305.69
1546152305.73
1546152305.76
1546152305.8
1546152305.83
1546152305.86
1546152305.89
1546152305.93
1546152305.96
1546152305.99
1546152306.03
1546152306.06
1546152306.09
1546152306.13
1546152306.16
1546152306.19
1546152306.23
1546152306.26
1546152306.29
1546152306.33
1546152306.36
1546152306.39
1546152306.43
1546152306.46
1546152306.49
1546152306.53
1546152306.56
1546152306.59
1546152306.63
1546152306.66
1546152306.69
1546152306.73
1546152306.76
1546152306.79
1546152306.83
1546152306.86
1546152306.89
1546152306.93
1546152306.96
1546152306.99
1546152307.03
1546152307.06
1546152307.09
1546152307.13
1546152307.16
1546152307.19
1546152307.23
1546152307.26
1546152307.29
1546152307.33
1546152307.36
1546152307.39
1546152307.43
1546152307.46
1546152307.49
1546152307.53
1546152307.56
1546152307.59
1546152307.63
1546152307.66
1546152307.69
1546152307.73
1546152307.76
1546152307.79
1546152307.83
1546152307.86
1546152307.89
1546152307.93
1546152307.96
1546152307.99
1546152308.03
1546152308.06
1546152308.09
1546152308.13
1546152308.16
1546152308.19
1546152308.23
1546152308.26
1546152308.29
1546152308.33
1546152308.36
1546152308.39
1546152308.43
1546152308.46
1546152308.49
1546152308.53
1546152308.56
1546152308.59
1546152308.63
1546152308.66
1546152308.69
1546152308.73
1546152308.76
1546152308.79
1546152308.83
1546152308.86
1546152308.89
1546152308.93
1546152308.96
1546152308.99
1546152309.03
1546152309.06
1546152309.09
1546152309.13
1546152309.16
1546152309.19
1546152309.22
1546152309.26
1546152309.29
1546152309.33
1546152309.36
1546152309.39
1546152309.42
1546152309.46
1546152309.49
1546152309.53
1546152309.56
1546152309.59
1546152309.62
1546152309.66
1546152309.69
1546152309.72
1546152309.76
1546152309.79
1546152309.83
1546152309.86
1546152309.89
1546152309.93
1546152309.96
1546152309.99
1546152310.03
1546152310.06
1546152310.09
1546152310.12
1546152310.16
1546152310.19
1546152310.22
1546152310.26
1546152310.29
1546152310.33
1546152310.36
1546152310.39
1546152310.42
1546152310.46
1546152310.49
1546152310.53
1546152310.56
1546152310.59
1546152310.62
1546152310.66
1546152310.69
1546152310.72
1546152310.76
1546152310.79
1546152310.83
1546152310.86
1546152310.89
1546152310.93
1546152310.96
1546152310.99
1546152311.02
1546152311.06
1546152311.09
1546152311.12
1546152311.16
1546152311.19
1546152311.22
1546152311.26
1546152311.29
1546152311.33
1546152311.36
1546152311.39
1546152311.42
1546152311.46
1546152311.49
1546152311.52
1546152311.56
1546152311.59
1546152311.62
1546152311.66
1546152311.69
1546152311.72
1546152311.76
1546152311.79
1546152311.82
1546152311.86
1546152311.89
1546152311.92
1546152311.96
1546152311.99
1546152312.02
1546152312.06
1546152312.09
1546152312.12
1546152312.16
1546152312.19
1546152312.22
1546152312.26
1546152312.29
1546152312.32
1546152312.36
1546152312.39
1546152312.42
1546152312.46
1546152312.49
1546152312.52
1546152312.56
1546152312.59
1546152312.62
1546152312.66
1546152312.69
1546152312.72
1546152312.76
1546152312.79
1546152312.82
1546152312.86
1546152312.89
1546152312.92
1546152312.96
1546152312.99
1546152313.02
1546152313.06
1546152313.09
1546152313.12
1546152313.16
1546152313.19
1546152313.22
1546152313.26
1546152313.29
1546152313.33
1546152313.36
1546152313.39
1546152313.42
1546152313.46
1546152313.49
1546152313.52
1546152313.56
1546152313.59
1546152313.62
1546152313.66
1546152313.69
1546152313.72
1546152313.76
1546152313.79
1546152313.82
1546152313.86
1546152313.89
1546152313.92
1546152313.96
1546152313.99
1546152314.02
1546152314.06
1546152314.09
1546152314.12
1546152314.16
1546152314.19
1546152314.22
1546152314.26
1546152314.29
1546152314.32
1546152314.36
1546152314.39
1546152314.42
1546152314.46
1546152314.49
1546152314.52
1546152314.56
1546152314.59
1546152314.62
1546152314.66
1546152314.69
1546152314.72
1546152314.76
1546152314.79
1546152314.82
1546152314.86
1546152314.89
1546152314.92
1546152314.96
1546152314.99
1546152315.02
1546152315.06
1546152315.09
1546152315.12
1546152315.16
1546152315.19
1546152315.22
1546152315.26
1546152315.29
1546152315.33
1546152315.36
1546152315.39
1546152315.42
1546152315.46
1546152315.49
1546152315.52
1546152315.56
1546152315.59
1546152315.62
1546152315.66
1546152315.69
1546152315.72
1546152315.76
1546152315.79
1546152315.83
1546152315.86
1546152315.89
1546152315.92
1546152315.96
1546152315.99
1546152316.02
1546152316.06
1546152316.09
1546152316.12
1546152316.16
1546152316.19
1546152316.22
1546152316.26
1546152316.29
1546152316.32
1546152316.36
1546152316.39
1546152316.42
1546152316.46
1546152316.49
1546152316.52
1546152316.56
1546152316.59
1546152316.62
1546152316.66
1546152316.69
1546152316.72
1546152316.76
1546152316.79
1546152316.82
1546152316.86
1546152316.89
1546152316.92
1546152316.96
1546152316.99
1546152317.02
1546152317.06
1546152317.09
1546152317.12
1546152317.16
1546152317.19
1546152317.22
1546152317.26
1546152317.29
1546152317.33
1546152317.36
1546152317.39
1546152317.42
1546152317.46
1546152317.49
1546152317.52
1546152317.56
1546152317.59
1546152317.62
1546152317.66
1546152317.69
1546152317.72
1546152317.76
1546152317.79
1546152317.82
1546152317.86
1546152317.89
1546152317.92
1546152317.96
1546152317.99
1546152318.02
1546152318.06
1546152318.09
1546152318.12
1546152318.16
1546152318.19
1546152318.22
1546152318.26
1546152318.29
1546152318.32
1546152318.36
1546152318.39
1546152318.42
1546152318.46
1546152318.49
1546152318.52
1546152318.56
1546152318.59
1546152318.62
1546152318.66
1546152318.69
1546152318.72
1546152318.76
1546152318.79
1546152318.82
1546152318.86
1546152318.89
1546152318.92
1546152318.95
1546152318.99
1546152319.02
1546152319.06
1546152319.09
1546152319.12
1546152319.15
1546152319.19
1546152319.22
1546152319.26
1546152319.29
1546152319.32
1546152319.35
1546152319.39
1546152319.42
1546152319.45
1546152319.49
1546152319.52
1546152319.55
1546152319.59
1546152319.62
1546152319.65
1546152319.69
1546152319.72
1546152319.76
1546152319.79
1546152319.82
1546152319.86
1546152319.89
1546152319.92
1546152319.95
1546152319.99
1546152320.02
1546152320.06
1546152320.09
1546152320.12
1546152320.15
1546152320.19
1546152320.22
1546152320.26
1546152320.29
1546152320.32
1546152320.35
1546152320.39
1546152320.42
1546152320.45
1546152320.49
1546152320.52
1546152320.56
1546152320.59
1546152320.62
1546152320.65
1546152320.69
1546152320.72
1546152320.76
1546152320.79
1546152320.82
1546152320.86
1546152320.89
1546152320.92
1546152320.95
1546152320.99
1546152321.02
1546152321.06
1546152321.09
1546152321.12
1546152321.16
1546152321.19
1546152321.22
1546152321.26
1546152321.29
1546152321.32
1546152321.36
1546152321.39
1546152321.42
1546152321.45
1546152321.49
1546152321.52
1546152321.55
1546152321.59
1546152321.62
1546152321.65
1546152321.69
1546152321.72
1546152321.76
1546152321.79
1546152321.82
1546152321.86
1546152321.89
1546152321.92
1546152321.95
1546152321.99
1546152322.02
1546152322.06
1546152322.09
1546152322.12
1546152322.16
1546152322.19
1546152322.22
1546152322.26
1546152322.29
1546152322.32
1546152322.36
1546152322.39
1546152322.42
1546152322.46
1546152322.49
1546152322.52
1546152322.56
1546152322.59
1546152322.62
1546152322.66
1546152322.69
1546152322.72
1546152322.76
1546152322.79
1546152322.82
1546152322.86
1546152322.89
1546152322.92
1546152322.96
1546152322.99
1546152323.02
1546152323.06
1546152323.09
1546152323.12
1546152323.16
1546152323.19
1546152323.22
1546152323.26
1546152323.29
1546152323.32
1546152323.36
1546152323.39
1546152323.42
1546152323.46
1546152323.49
1546152323.52
1546152323.56
1546152323.59
1546152323.62
1546152323.66
1546152323.69
1546152323.72
1546152323.76
1546152323.79
1546152323.82
1546152323.86
1546152323.89
1546152323.92
1546152323.96
1546152323.99
1546152324.02
1546152324.06
1546152324.09
1546152324.12
1546152324.16
1546152324.19
1546152324.22
1546152324.26
1546152324.29
1546152324.32
1546152324.36
1546152324.39
1546152324.43
1546152324.46
1546152324.49
1546152324.53
1546152324.56
1546152324.59
1546152324.63
1546152324.66
1546152324.69
1546152324.72
1546152324.76
1546152324.79
1546152324.83
1546152324.86
1546152324.89
1546152324.92
1546152324.96
1546152324.99
1546152325.03
1546152325.06
1546152325.09
1546152325.12
1546152325.16
1546152325.19
1546152325.22
1546152325.26
1546152325.29
1546152325.33
1546152325.36
1546152325.39
1546152325.43
1546152325.46
1546152325.49
1546152325.53
1546152325.56
1546152325.59
1546152325.63
1546152325.66
1546152325.69
1546152325.73
1546152325.76
1546152325.79
1546152325.83
1546152325.86
1546152325.89
1546152325.93
1546152325.96
1546152325.99
1546152326.03
1546152326.06
1546152326.09
1546152326.13
1546152326.16
1546152326.19
1546152326.23
1546152326.26
1546152326.29
1546152326.33
1546152326.36
1546152326.39
1546152326.43
1546152326.46
1546152326.49
1546152326.53
1546152326.56
1546152326.59
1546152326.63
1546152326.66
1546152326.69
1546152326.73
1546152326.76
1546152326.8
1546152326.83
1546152326.86
1546152326.89
1546152326.93
1546152326.96
1546152327.0
1546152327.03
1546152327.06
1546152327.1
1546152327.13
1546152327.16
1546152327.19
1546152327.23
1546152327.26
1546152327.3
1546152327.33
1546152327.36
1546152327.39
1546152327.43
1546152327.46
1546152327.5
1546152327.53
1546152327.56
1546152327.6
1546152327.63
1546152327.66
1546152327.69
1546152327.73
1546152327.76
1546152327.8
1546152327.83
1546152327.86
1546152327.9
1546152327.92
1546152327.95
1546152327.99
1546152328.02
1546152328.05
1546152328.09
1546152328.12
1546152328.15
1546152328.19
1546152328.22
1546152328.25
1546152328.29
1546152328.32
1546152328.36
1546152328.39
1546152328.42
1546152328.45
1546152328.49
1546152328.52
1546152328.55
1546152328.59
1546152328.62
1546152328.65
1546152328.69
1546152328.72
1546152328.75
1546152328.79
1546152328.82
1546152328.85
1546152328.89
1546152328.92
1546152328.95
1546152328.99
1546152329.02
1546152329.05
1546152329.09
1546152329.12
1546152329.15
1546152329.19
1546152329.22
1546152329.25
1546152329.29
1546152329.32
1546152329.35
1546152329.39
1546152329.42
1546152329.45
1546152329.49
1546152329.52
1546152329.55
1546152329.59
1546152329.62
1546152329.65
1546152329.69
1546152329.72
1546152329.75
1546152329.79
1546152329.82
1546152329.85
1546152329.88
1546152329.92
1546152329.95
1546152329.99
1546152330.02
1546152330.05
1546152330.09
1546152330.12
1546152330.15
1546152330.19
1546152330.22
1546152330.25
1546152330.29
1546152330.32
1546152330.35
1546152330.39
1546152330.42
1546152330.45
1546152330.49
1546152330.52
1546152330.55
1546152330.59
1546152330.62
1546152330.65
1546152330.69
1546152330.72
1546152330.75
1546152330.79
1546152330.82
1546152330.85
1546152330.89
1546152330.92
1546152330.95
1546152330.99
1546152331.02
1546152331.05
1546152331.09
1546152331.12
1546152331.15
1546152331.19
1546152331.22
1546152331.25
1546152331.29
1546152331.32
1546152331.35
1546152331.39
1546152331.42
1546152331.45
1546152331.49
1546152331.52
1546152331.55
1546152331.59
1546152331.62
1546152331.65
1546152331.69
1546152331.72
1546152331.75
1546152331.79
1546152331.82
1546152331.85
1546152331.89
1546152331.92
1546152331.95
1546152331.99
1546152332.02
1546152332.05
1546152332.09
1546152332.12
1546152332.15
1546152332.19
1546152332.22
1546152332.25
1546152332.29
1546152332.32
1546152332.35
1546152332.39
1546152332.42
1546152332.45
1546152332.49
1546152332.52
1546152332.55
1546152332.59
1546152332.62
1546152332.65
1546152332.69
1546152332.72
1546152332.75
1546152332.79
1546152332.82
1546152332.85
1546152332.89
1546152332.92
1546152332.95
1546152332.99
1546152333.02
1546152333.05
1546152333.09
1546152333.12
1546152333.15
1546152333.19
1546152333.22
1546152333.25
1546152333.29
1546152333.32
1546152333.35
1546152333.39
1546152333.42
1546152333.45
1546152333.49
1546152333.52
1546152333.55
1546152333.59
1546152333.62
1546152333.65
1546152333.69
1546152333.72
1546152333.75
1546152333.79
1546152333.82
1546152333.85
1546152333.89
1546152333.92
1546152333.95
1546152333.99
1546152334.02
1546152334.05
1546152334.09
1546152334.12
1546152334.15
1546152334.19
1546152334.22
1546152334.25
1546152334.29
1546152334.32
1546152334.35
1546152334.39
1546152334.42
1546152334.45
1546152334.49
1546152334.52
1546152334.55
1546152334.59
1546152334.62
1546152334.65
1546152334.69
1546152334.72
1546152334.75
1546152334.79
1546152334.82
1546152334.85
1546152334.89
1546152334.92
1546152334.95
1546152334.99
1546152335.02
1546152335.05
1546152335.09
1546152335.12
1546152335.15
1546152335.19
1546152335.22
1546152335.25
1546152335.29
1546152335.32
1546152335.35
1546152335.39
1546152335.42
1546152335.45
1546152335.49
1546152335.52
1546152335.55
1546152335.59
1546152335.62
1546152335.65
1546152335.69
1546152335.72
1546152335.75
1546152335.79
1546152335.82
1546152335.85
1546152335.89
1546152335.92
1546152335.95
1546152335.99
1546152336.02
1546152336.05
1546152336.09
1546152336.12
1546152336.15
1546152336.19
1546152336.22
1546152336.25
1546152336.29
1546152336.32
1546152336.35
1546152336.39
1546152336.42
1546152336.45
1546152336.49
1546152336.52
1546152336.55
1546152336.59
1546152336.62
1546152336.65
1546152336.69
1546152336.72
1546152336.75
1546152336.79
1546152336.82
1546152336.85
1546152336.88
1546152336.92
1546152336.95
1546152336.99
1546152337.02
1546152337.05
1546152337.09
1546152337.12
1546152337.15
1546152337.19
1546152337.22
1546152337.25
1546152337.29
1546152337.32
1546152337.35
1546152337.39
1546152337.42
1546152337.45
1546152337.49
1546152337.52
1546152337.55
1546152337.59
1546152337.62
1546152337.65
1546152337.69
1546152337.72
1546152337.75
1546152337.79
1546152337.82
1546152337.85
1546152337.89
1546152337.92
1546152337.95
1546152337.99
1546152338.02
1546152338.05
1546152338.09
1546152338.12
1546152338.15
1546152338.19
1546152338.22
1546152338.25
1546152338.29
1546152338.32
1546152338.35
1546152338.38
1546152338.42
1546152338.45
1546152338.49
1546152338.52
1546152338.55
1546152338.59
1546152338.62
1546152338.65
1546152338.69
1546152338.72
1546152338.75
1546152338.79
1546152338.82
1546152338.85
1546152338.88
1546152338.92
1546152338.95
1546152338.98
1546152339.02
1546152339.05
1546152339.09
1546152339.12
1546152339.15
1546152339.18
1546152339.22
1546152339.25
1546152339.28
1546152339.32
1546152339.35
1546152339.38
1546152339.42
1546152339.45
1546152339.48
1546152339.52
1546152339.55
1546152339.58
1546152339.62
1546152339.65
1546152339.68
1546152339.72
1546152339.75
1546152339.78
1546152339.82
1546152339.85
1546152339.88
1546152339.92
1546152339.95
1546152339.98
1546152340.02
1546152340.05
1546152340.08
1546152340.12
1546152340.15
1546152340.18
1546152340.22
1546152340.25
1546152340.28
1546152340.32
1546152340.35
1546152340.38
1546152340.42
1546152340.45
1546152340.48
1546152340.52
1546152340.55
1546152340.58
1546152340.62
1546152340.65
1546152340.68
1546152340.72
1546152340.75
1546152340.78
1546152340.82
1546152340.85
1546152340.88
1546152340.92
1546152340.95
1546152340.98
1546152341.02
1546152341.05
1546152341.08
1546152341.12
1546152341.15
1546152341.18
1546152341.22
1546152341.25
1546152341.28
1546152341.32
1546152341.35
1546152341.38
1546152341.42
1546152341.45
1546152341.48
1546152341.52
1546152341.55
1546152341.58
1546152341.62
1546152341.65
1546152341.68
1546152341.72
1546152341.75
1546152341.79
1546152341.82
1546152341.85
1546152341.88
1546152341.92
1546152341.95
1546152341.98
1546152342.02
1546152342.05
1546152342.08
1546152342.12
1546152342.15
1546152342.18
1546152342.22
1546152342.25
1546152342.28
1546152342.32
1546152342.35
1546152342.38
1546152342.42
1546152342.45
1546152342.48
1546152342.52
1546152342.55
1546152342.58
1546152342.62
1546152342.65
1546152342.68
1546152342.72
1546152342.75
1546152342.78
1546152342.82
1546152342.85
1546152342.88
1546152342.92
1546152342.95
1546152342.98
1546152343.02
1546152343.05
1546152343.08
1546152343.12
1546152343.15
1546152343.18
1546152343.22
1546152343.25
1546152343.28
1546152343.32
1546152343.35
1546152343.38
1546152343.42
1546152343.45
1546152343.48
1546152343.52
1546152343.55
1546152343.58
1546152343.62
1546152343.65
1546152343.68
1546152343.72
1546152343.75
1546152343.78
1546152343.82
1546152343.85
1546152343.88
1546152343.92
1546152343.95
1546152343.98
1546152344.02
1546152344.05
1546152344.08
1546152344.12
1546152344.15
1546152344.18
1546152344.22
1546152344.25
1546152344.28
1546152344.32
1546152344.35
1546152344.38
1546152344.42
1546152344.45
1546152344.48
1546152344.52
1546152344.55
1546152344.58
1546152344.62
1546152344.65
1546152344.68
1546152344.72
1546152344.75
1546152344.78
1546152344.82
1546152344.85
1546152344.88
1546152344.92
1546152344.95
1546152344.98
1546152345.02
1546152345.05
1546152345.09
1546152345.12
1546152345.15
1546152345.18
1546152345.22
1546152345.25
1546152345.28
1546152345.32
1546152345.35
1546152345.38
1546152345.42
1546152345.45
1546152345.48
1546152345.52
1546152345.55
1546152345.58
1546152345.62
1546152345.65
1546152345.68
1546152345.72
1546152345.75
1546152345.78
1546152345.82
1546152345.85
1546152345.88
1546152345.92
1546152345.95
1546152345.98
1546152346.02
1546152346.05
1546152346.08
1546152346.12
1546152346.15
1546152346.18
1546152346.21
1546152346.25
1546152346.28
1546152346.32
1546152346.35
1546152346.38
1546152346.42
1546152346.45
1546152346.48
1546152346.52
1546152346.55
1546152346.58
1546152346.62
1546152346.65
1546152346.68
1546152346.72
1546152346.75
1546152346.78
1546152346.82
1546152346.85
1546152346.88
1546152346.92
1546152346.95
1546152346.98
1546152347.02
1546152347.05
1546152347.08
1546152347.12
1546152347.15
1546152347.18
1546152347.22
1546152347.25
1546152347.28
1546152347.32
1546152347.35
1546152347.38
1546152347.41
1546152347.45
1546152347.48
1546152347.52
1546152347.55
1546152347.58
1546152347.62
1546152347.65
1546152347.68
1546152347.72
1546152347.75
1546152347.78
1546152347.82
1546152347.85
1546152347.88
1546152347.92
1546152347.95
1546152347.98
1546152348.02
1546152348.05
1546152348.08
1546152348.12
1546152348.15
1546152348.18
1546152348.22
1546152348.25
1546152348.28
1546152348.32
1546152348.35
1546152348.38
1546152348.42
1546152348.45
1546152348.48
1546152348.52
1546152348.55
1546152348.59
1546152348.62
1546152348.65
1546152348.68
1546152348.72
1546152348.75
1546152348.79
1546152348.82
1546152348.85
1546152348.89
1546152348.92
1546152348.95
1546152348.98
1546152349.02
1546152349.05
1546152349.09
1546152349.12
1546152349.15
1546152349.18
1546152349.22
1546152349.25
1546152349.29
1546152349.32
1546152349.35
1546152349.38
1546152349.42
1546152349.45
1546152349.49
1546152349.52
1546152349.55
1546152349.59
1546152349.62
1546152349.65
1546152349.69
1546152349.72
1546152349.75
1546152349.79
1546152349.82
1546152349.85
1546152349.89
1546152349.92
1546152349.95
1546152349.99
1546152350.02
1546152350.05
1546152350.09
1546152350.12
1546152350.15
1546152350.19
1546152350.22
1546152350.25
1546152350.29
1546152350.32
1546152350.35
1546152350.39
1546152350.42
1546152350.45
1546152350.49
1546152350.52
1546152350.55
1546152350.59
1546152350.62
1546152350.65
1546152350.69
1546152350.72
1546152350.75
1546152350.79
1546152350.82
1546152350.85
1546152350.89
1546152350.92
1546152350.95
1546152350.99
1546152351.02
1546152351.05
1546152351.09
1546152351.12
1546152351.15
1546152351.18
1546152351.21
1546152351.25
1546152351.28
1546152351.31
1546152351.35
1546152351.38
1546152351.41
1546152351.45
1546152351.48
1546152351.51
1546152351.55
1546152351.58
1546152351.61
1546152351.65
1546152351.68
1546152351.71
1546152351.75
1546152351.78
1546152351.81
1546152351.85
1546152351.88
1546152351.91
1546152351.94
1546152351.98
1546152352.01
1546152352.05
1546152352.08
1546152352.11
1546152352.14
1546152352.18
1546152352.21
1546152352.25
1546152352.28
1546152352.31
1546152352.35
1546152352.38
1546152352.41
1546152352.45
1546152352.48
1546152352.51
1546152352.55
1546152352.58
1546152352.61
1546152352.65
1546152352.68
1546152352.71
1546152352.74
1546152352.78
1546152352.81
1546152352.85
1546152352.88
1546152352.91
1546152352.94
1546152352.98
1546152353.01
1546152353.05
1546152353.08
1546152353.11
1546152353.15
1546152353.18
1546152353.21
1546152353.25
1546152353.28
1546152353.31
1546152353.35
1546152353.38
1546152353.41
1546152353.44
1546152353.48
1546152353.51
1546152353.55
1546152353.58
1546152353.61
1546152353.64
1546152353.68
1546152353.71
1546152353.74
1546152353.78
1546152353.81
1546152353.85
1546152353.88
1546152353.91
1546152353.94
1546152353.98
1546152354.01
1546152354.05
1546152354.08
1546152354.11
1546152354.14
1546152354.18
1546152354.21
1546152354.25
1546152354.28
1546152354.31
1546152354.35
1546152354.38
1546152354.41
1546152354.44
1546152354.48
1546152354.51
1546152354.55
1546152354.58
1546152354.61
1546152354.64
1546152354.68
1546152354.71
1546152354.75
1546152354.78
1546152354.81
1546152354.85
1546152354.88
1546152354.91
1546152354.95
1546152354.98
1546152355.01
1546152355.05
1546152355.08
1546152355.11
1546152355.15
1546152355.18
1546152355.21
1546152355.25
1546152355.28
1546152355.31
1546152355.35
1546152355.38
1546152355.41
1546152355.45
1546152355.48
1546152355.51
1546152355.55
1546152355.58
1546152355.61
