1546225669.1
1546225669.24
1546225669.28
1546225669.31
1546225669.34
1546225669.37
1546225669.4
1546225669.43
1546225669.46
1546225669.49
1546225669.53
1546225669.56
1546225669.59
1546225669.63
1546225669.66
1546225669.7
1546225669.73
1546225669.76
1546225669.8
1546225669.83
1546225669.86
1546225669.89
1546225669.93
1546225669.96
1546225669.99
1546225670.03
1546225670.06
1546225670.09
1546225670.13
1546225670.16
1546225670.19
1546225670.23
1546225670.26
1546225670.29
1546225670.33
1546225670.36
1546225670.39
1546225670.43
1546225670.46
1546225670.49
1546225670.53
1546225670.56
1546225670.59
1546225670.63
1546225670.66
1546225670.69
1546225670.73
1546225670.76
1546225670.79
1546225670.83
1546225670.86
1546225670.89
1546225670.93
1546225670.96
1546225670.99
1546225671.03
1546225671.06
1546225671.09
1546225671.13
1546225671.16
1546225671.19
1546225671.23
1546225671.26
1546225671.29
1546225671.33
1546225671.36
1546225671.39
1546225671.43
1546225671.46
1546225671.49
1546225671.53
1546225671.56
1546225671.59
1546225671.63
1546225671.66
1546225671.69
1546225671.73
1546225671.76
1546225671.79
1546225671.83
1546225671.86
1546225671.89
1546225671.93
1546225671.96
1546225671.99
1546225672.03
1546225672.06
1546225672.09
1546225672.13
1546225672.16
1546225672.19
1546225672.23
1546225672.26
1546225672.29
1546225672.33
1546225672.36
1546225672.39
1546225672.42
1546225672.46
1546225672.49
1546225672.53
1546225672.56
1546225672.59
1546225672.63
1546225672.66
1546225672.69
1546225672.73
1546225672.76
1546225672.79
1546225672.83
1546225672.86
1546225672.89
1546225672.93
1546225672.96
1546225672.99
1546225673.03
1546225673.06
1546225673.09
1546225673.13
1546225673.16
1546225673.19
1546225673.22
1546225673.26
1546225673.29
1546225673.33
1546225673.36
1546225673.39
1546225673.42
1546225673.46
1546225673.49
1546225673.53
1546225673.56
1546225673.59
1546225673.62
1546225673.66
1546225673.69
1546225673.72
1546225673.76
1546225673.79
1546225673.83
1546225673.86
1546225673.89
1546225673.92
1546225673.96
1546225673.99
1546225674.02
1546225674.06
1546225674.09
1546225674.12
1546225674.16
1546225674.19
1546225674.22
1546225674.26
1546225674.29
1546225674.32
1546225674.36
1546225674.39
1546225674.42
1546225674.46
1546225674.49
1546225674.52
1546225674.56
1546225674.59
1546225674.62
1546225674.66
1546225674.69
1546225674.72
1546225674.76
1546225674.79
1546225674.82
1546225674.86
1546225674.89
1546225674.92
1546225674.96
1546225674.99
1546225675.02
1546225675.06
1546225675.09
1546225675.12
1546225675.16
1546225675.19
1546225675.22
1546225675.26
1546225675.29
1546225675.32
1546225675.36
1546225675.39
1546225675.42
1546225675.46
1546225675.49
1546225675.52
1546225675.56
1546225675.59
1546225675.62
1546225675.66
1546225675.69
1546225675.72
1546225675.76
1546225675.79
1546225675.82
1546225675.86
1546225675.89
1546225675.92
1546225675.96
1546225675.99
1546225676.02
1546225676.06
1546225676.09
1546225676.12
1546225676.16
1546225676.19
1546225676.22
1546225676.26
1546225676.29
1546225676.32
1546225676.36
1546225676.39
1546225676.42
1546225676.46
1546225676.49
1546225676.52
1546225676.56
1546225676.59
1546225676.62
1546225676.66
1546225676.69
1546225676.72
1546225676.76
1546225676.79
1546225676.82
1546225676.86
1546225676.89
1546225676.92
1546225676.96
1546225676.99
1546225677.02
1546225677.06
1546225677.09
1546225677.12
1546225677.16
1546225677.19
1546225677.22
1546225677.26
1546225677.29
1546225677.32
1546225677.36
1546225677.39
1546225677.42
1546225677.46
1546225677.49
1546225677.52
1546225677.56
1546225677.59
1546225677.62
1546225677.66
1546225677.69
1546225677.72
1546225677.76
1546225677.79
1546225677.82
1546225677.86
1546225677.89
1546225677.92
1546225677.96
1546225677.99
1546225678.02
1546225678.06
1546225678.09
1546225678.12
1546225678.16
1546225678.19
1546225678.22
1546225678.26
1546225678.29
1546225678.32
1546225678.36
1546225678.39
1546225678.42
1546225678.46
1546225678.49
1546225678.53
1546225678.56
1546225678.59
1546225678.62
1546225678.66
1546225678.69
1546225678.72
1546225678.76
1546225678.79
1546225678.82
1546225678.86
1546225678.89
1546225678.92
1546225678.96
1546225678.99
1546225679.03
1546225679.06
1546225679.09
1546225679.13
1546225679.16
1546225679.19
1546225679.23
1546225679.26
1546225679.29
1546225679.33
1546225679.36
1546225679.39
1546225679.42
1546225679.46
1546225679.49
1546225679.53
1546225679.56
1546225679.59
1546225679.63
1546225679.66
1546225679.69
1546225679.73
1546225679.76
1546225679.79
1546225679.83
1546225679.86
1546225679.89
1546225679.93
1546225679.96
1546225679.99
1546225680.03
1546225680.06
1546225680.09
1546225680.13
1546225680.16
1546225680.19
1546225680.23
1546225680.26
1546225680.29
1546225680.33
1546225680.36
1546225680.39
1546225680.43
1546225680.46
1546225680.49
1546225680.53
1546225680.56
1546225680.59
1546225680.63
1546225680.66
1546225680.69
1546225680.73
1546225680.76
1546225680.79
1546225680.83
1546225680.86
1546225680.89
1546225680.93
1546225680.96
1546225680.99
1546225681.03
1546225681.06
1546225681.1
1546225681.13
1546225681.16
1546225681.19
1546225681.23
1546225681.26
1546225681.3
1546225681.33
1546225681.36
1546225681.39
1546225681.43
1546225681.46
1546225681.5
1546225681.53
1546225681.56
1546225681.59
1546225681.63
1546225681.66
1546225681.69
1546225681.73
1546225681.76
1546225681.8
1546225681.83
1546225681.86
1546225681.89
1546225681.92
1546225681.95
1546225681.99
1546225682.02
1546225682.05
1546225682.09
1546225682.12
1546225682.15
1546225682.19
1546225682.22
1546225682.25
1546225682.29
1546225682.32
1546225682.35
1546225682.39
1546225682.42
1546225682.45
1546225682.49
1546225682.52
1546225682.55
1546225682.59
1546225682.62
1546225682.65
1546225682.69
1546225682.72
1546225682.75
1546225682.79
1546225682.82
1546225682.85
1546225682.89
1546225682.92
1546225682.95
1546225682.99
1546225683.02
1546225683.05
1546225683.09
1546225683.12
1546225683.15
1546225683.19
1546225683.22
1546225683.26
1546225683.29
1546225683.32
1546225683.36
1546225683.39
1546225683.42
1546225683.45
1546225683.49
1546225683.52
1546225683.56
1546225683.59
1546225683.62
1546225683.65
1546225683.69
1546225683.72
1546225683.75
1546225683.79
1546225683.82
1546225683.86
1546225683.89
1546225683.92
1546225683.95
1546225683.99
1546225684.02
1546225684.05
1546225684.09
1546225684.12
1546225684.15
1546225684.19
1546225684.22
1546225684.25
1546225684.29
1546225684.32
1546225684.35
1546225684.39
1546225684.42
1546225684.45
1546225684.49
1546225684.52
1546225684.55
1546225684.59
1546225684.62
1546225684.65
1546225684.69
1546225684.72
1546225684.75
1546225684.79
1546225684.82
1546225684.85
1546225684.89
1546225684.92
1546225684.95
1546225684.99
1546225685.02
1546225685.05
1546225685.09
1546225685.12
1546225685.15
1546225685.19
1546225685.22
1546225685.25
1546225685.29
1546225685.32
1546225685.35
1546225685.39
1546225685.42
1546225685.45
1546225685.49
1546225685.52
1546225685.55
1546225685.59
1546225685.62
1546225685.65
1546225685.69
1546225685.72
1546225685.75
1546225685.79
1546225685.82
1546225685.85
1546225685.89
1546225685.92
1546225685.95
1546225685.99
1546225686.02
1546225686.05
1546225686.09
1546225686.12
1546225686.15
1546225686.19
1546225686.22
1546225686.25
1546225686.29
1546225686.32
1546225686.35
1546225686.39
1546225686.42
1546225686.45
1546225686.48
1546225686.52
1546225686.55
1546225686.59
1546225686.62
1546225686.65
1546225686.69
1546225686.72
1546225686.75
1546225686.79
1546225686.82
1546225686.85
1546225686.89
1546225686.92
1546225686.95
1546225686.99
1546225687.02
1546225687.05
1546225687.09
1546225687.12
1546225687.15
1546225687.19
1546225687.22
1546225687.25
1546225687.29
1546225687.32
1546225687.35
1546225687.39
1546225687.42
1546225687.45
1546225687.49
1546225687.52
1546225687.55
1546225687.59
1546225687.62
1546225687.65
1546225687.69
1546225687.72
1546225687.75
1546225687.79
1546225687.82
1546225687.85
1546225687.89
1546225687.92
1546225687.95
1546225687.99
1546225688.02
1546225688.05
1546225688.09
1546225688.12
1546225688.15
1546225688.19
1546225688.22
1546225688.25
1546225688.29
1546225688.32
1546225688.35
1546225688.39
1546225688.42
1546225688.45
1546225688.49
1546225688.52
1546225688.56
1546225688.59
1546225688.62
1546225688.65
1546225688.69
1546225688.72
1546225688.75
1546225688.79
1546225688.82
1546225688.85
1546225688.89
1546225688.92
1546225688.95
1546225688.99
1546225689.02
1546225689.05
1546225689.09
1546225689.12
1546225689.15
1546225689.19
1546225689.22
1546225689.26
1546225689.29
1546225689.32
1546225689.36
1546225689.39
1546225689.42
1546225689.45
1546225689.49
1546225689.52
1546225689.56
1546225689.59
1546225689.62
1546225689.65
1546225689.69
1546225689.72
1546225689.76
1546225689.79
1546225689.82
1546225689.86
1546225689.89
1546225689.92
1546225689.95
1546225689.99
1546225690.02
1546225690.06
1546225690.09
1546225690.12
1546225690.16
1546225690.19
1546225690.22
1546225690.26
1546225690.29
1546225690.32
1546225690.36
1546225690.39
1546225690.42
1546225690.46
1546225690.49
1546225690.52
1546225690.56
1546225690.59
1546225690.62
1546225690.66
1546225690.69
1546225690.72
1546225690.76
1546225690.79
1546225690.82
1546225690.85
1546225690.89
1546225690.92
1546225690.95
1546225690.99
1546225691.02
1546225691.05
1546225691.09
1546225691.12
1546225691.15
1546225691.19
1546225691.22
1546225691.26
1546225691.29
1546225691.32
1546225691.36
1546225691.39
1546225691.42
1546225691.45
1546225691.49
1546225691.52
1546225691.56
1546225691.59
1546225691.62
1546225691.66
1546225691.69
1546225691.72
1546225691.75
1546225691.79
1546225691.82
1546225691.85
1546225691.89
1546225691.92
1546225691.95
1546225691.99
1546225692.02
1546225692.06
1546225692.09
1546225692.12
1546225692.15
1546225692.19
1546225692.22
1546225692.25
1546225692.29
1546225692.32
1546225692.36
1546225692.39
1546225692.42
1546225692.45
1546225692.49
1546225692.52
1546225692.55
1546225692.59
1546225692.62
1546225692.65
1546225692.69
1546225692.72
1546225692.75
1546225692.79
1546225692.82
1546225692.85
1546225692.89
1546225692.92
1546225692.95
1546225692.99
1546225693.02
1546225693.05
1546225693.09
1546225693.12
1546225693.15
1546225693.19
1546225693.22
1546225693.25
1546225693.29
1546225693.32
1546225693.35
1546225693.39
1546225693.42
1546225693.45
1546225693.49
1546225693.52
1546225693.55
1546225693.59
1546225693.62
1546225693.65
1546225693.69
1546225693.72
1546225693.75
1546225693.79
1546225693.82
1546225693.85
1546225693.89
1546225693.92
1546225693.95
1546225693.99
1546225694.02
1546225694.05
1546225694.09
1546225694.12
1546225694.15
1546225694.19
1546225694.22
1546225694.25
1546225694.29
1546225694.32
1546225694.35
1546225694.38
1546225694.42
1546225694.45
1546225694.48
1546225694.52
1546225694.55
1546225694.59
1546225694.62
1546225694.65
1546225694.68
1546225694.72
1546225694.75
1546225694.79
1546225694.82
1546225694.85
1546225694.88
1546225694.92
1546225694.95
1546225694.99
1546225695.02
1546225695.05
1546225695.09
1546225695.12
1546225695.15
1546225695.19
1546225695.22
1546225695.25
1546225695.29
1546225695.32
1546225695.35
1546225695.39
1546225695.42
1546225695.45
1546225695.49
1546225695.52
1546225695.55
1546225695.59
1546225695.62
1546225695.65
1546225695.68
1546225695.72
1546225695.75
1546225695.79
1546225695.82
1546225695.85
1546225695.88
1546225695.92
1546225695.95
1546225695.98
1546225696.02
1546225696.05
1546225696.09
1546225696.12
1546225696.15
1546225696.18
1546225696.22
1546225696.25
1546225696.28
1546225696.32
1546225696.35
1546225696.38
1546225696.42
1546225696.45
1546225696.48
1546225696.52
1546225696.55
1546225696.59
1546225696.62
1546225696.65
1546225696.68
1546225696.72
1546225696.75
1546225696.79
1546225696.82
1546225696.85
1546225696.88
1546225696.92
1546225696.95
1546225696.98
1546225697.02
1546225697.05
1546225697.09
1546225697.12
1546225697.15
1546225697.18
1546225697.22
1546225697.25
1546225697.28
1546225697.32
1546225697.35
1546225697.38
1546225697.42
1546225697.45
1546225697.48
1546225697.52
1546225697.55
1546225697.58
1546225697.62
1546225697.65
1546225697.68
1546225697.72
1546225697.75
1546225697.79
1546225697.82
1546225697.85
1546225697.88
1546225697.92
1546225697.95
1546225697.98
1546225698.02
1546225698.05
1546225698.09
1546225698.12
1546225698.15
1546225698.18
1546225698.22
1546225698.25
1546225698.28
1546225698.32
1546225698.35
1546225698.38
1546225698.42
1546225698.45
1546225698.48
1546225698.52
1546225698.55
1546225698.59
1546225698.62
1546225698.65
1546225698.68
1546225698.72
1546225698.75
1546225698.78
1546225698.82
1546225698.85
1546225698.88
1546225698.92
1546225698.95
1546225698.98
1546225699.02
1546225699.05
1546225699.08
1546225699.12
1546225699.15
1546225699.18
1546225699.22
1546225699.25
1546225699.28
1546225699.32
1546225699.35
1546225699.38
1546225699.42
1546225699.45
1546225699.48
1546225699.52
1546225699.55
1546225699.58
1546225699.62
1546225699.65
1546225699.68
1546225699.72
1546225699.75
1546225699.78
1546225699.82
1546225699.85
1546225699.88
1546225699.91
1546225699.95
1546225699.98
1546225700.02
1546225700.05
1546225700.08
1546225700.12
1546225700.15
1546225700.18
1546225700.22
1546225700.25
1546225700.28
1546225700.32
1546225700.35
1546225700.38
1546225700.41
1546225700.45
1546225700.48
1546225700.52
1546225700.55
1546225700.58
1546225700.62
1546225700.65
1546225700.68
1546225700.72
1546225700.75
1546225700.78
1546225700.82
1546225700.85
1546225700.88
1546225700.92
1546225700.95
1546225700.98
1546225701.02
1546225701.05
1546225701.08
1546225701.12
1546225701.15
1546225701.18
1546225701.22
1546225701.25
1546225701.28
1546225701.32
1546225701.35
1546225701.38
1546225701.42
1546225701.45
1546225701.48
1546225701.52
1546225701.55
1546225701.59
1546225701.62
1546225701.65
1546225701.68
1546225701.72
1546225701.75
1546225701.78
1546225701.82
1546225701.85
1546225701.88
1546225701.92
1546225701.95
1546225701.98
1546225702.02
1546225702.05
1546225702.09
1546225702.12
1546225702.15
1546225702.18
1546225702.22
1546225702.25
1546225702.28
1546225702.32
1546225702.35
1546225702.38
1546225702.42
1546225702.45
1546225702.48
1546225702.52
1546225702.55
1546225702.58
1546225702.62
1546225702.65
1546225702.68
1546225702.72
1546225702.75
1546225702.78
1546225702.82
1546225702.85
1546225702.88
1546225702.92
1546225702.95
1546225702.98
1546225703.02
1546225703.05
1546225703.08
1546225703.12
1546225703.15
1546225703.18
1546225703.22
1546225703.25
1546225703.28
1546225703.32
1546225703.35
1546225703.38
1546225703.42
1546225703.45
1546225703.49
1546225703.52
1546225703.55
1546225703.59
1546225703.62
1546225703.65
1546225703.68
1546225703.72
1546225703.75
1546225703.79
1546225703.82
1546225703.85
1546225703.89
1546225703.92
1546225703.95
1546225703.99
1546225704.02
1546225704.05
1546225704.09
1546225704.12
1546225704.15
1546225704.19
1546225704.22
1546225704.25
1546225704.29
1546225704.32
1546225704.35
1546225704.39
1546225704.42
1546225704.45
1546225704.49
1546225704.52
1546225704.55
1546225704.59
1546225704.62
1546225704.65
1546225704.69
1546225704.72
1546225704.75
1546225704.79
1546225704.82
1546225704.85
1546225704.89
1546225704.92
1546225704.95
1546225704.99
1546225705.02
1546225705.05
1546225705.09
1546225705.12
1546225705.15
1546225705.19
1546225705.22
1546225705.25
1546225705.29
1546225705.32
1546225705.36
1546225705.39
1546225705.42
1546225705.45
1546225705.49
1546225705.52
1546225705.56
1546225705.58
1546225705.61
1546225705.65
1546225705.68
1546225705.71
1546225705.75
1546225705.78
1546225705.81
1546225705.85
1546225705.88
1546225705.91
1546225705.95
1546225705.98
1546225706.01
1546225706.05
1546225706.08
1546225706.11
1546225706.15
1546225706.18
1546225706.21
1546225706.25
1546225706.28
1546225706.31
1546225706.35
1546225706.38
1546225706.41
1546225706.45
1546225706.48
1546225706.51
1546225706.55
1546225706.58
1546225706.61
1546225706.65
1546225706.68
1546225706.71
1546225706.75
1546225706.78
1546225706.81
1546225706.85
1546225706.88
1546225706.91
1546225706.95
1546225706.98
1546225707.01
1546225707.05
1546225707.08
1546225707.11
1546225707.15
1546225707.18
1546225707.21
1546225707.24
1546225707.28
1546225707.31
1546225707.34
1546225707.38
1546225707.41
1546225707.44
1546225707.48
1546225707.51
1546225707.55
1546225707.58
1546225707.61
1546225707.64
1546225707.68
1546225707.71
1546225707.74
1546225707.78
1546225707.81
1546225707.84
1546225707.88
1546225707.91
1546225707.94
1546225707.98
1546225708.01
1546225708.05
1546225708.08
1546225708.11
1546225708.14
1546225708.18
1546225708.21
1546225708.24
1546225708.28
1546225708.31
1546225708.34
1546225708.38
1546225708.41
1546225708.44
1546225708.48
1546225708.51
1546225708.54
1546225708.58
1546225708.61
1546225708.64
1546225708.68
1546225708.71
1546225708.74
1546225708.78
1546225708.81
1546225708.84
1546225708.88
1546225708.91
1546225708.94
1546225708.98
1546225709.01
1546225709.04
1546225709.08
1546225709.11
1546225709.14
1546225709.18
1546225709.21
1546225709.24
1546225709.28
1546225709.31
1546225709.34
1546225709.38
1546225709.41
1546225709.44
1546225709.48
1546225709.51
1546225709.54
1546225709.58
1546225709.61
1546225709.64
1546225709.67
1546225709.71
1546225709.74
1546225709.78
1546225709.81
1546225709.84
1546225709.88
1546225709.91
1546225709.94
1546225709.97
1546225710.01
1546225710.04
1546225710.08
1546225710.11
1546225710.14
1546225710.18
1546225710.21
1546225710.24
1546225710.28
1546225710.31
1546225710.34
1546225710.38
1546225710.41
1546225710.44
1546225710.47
1546225710.51
1546225710.54
1546225710.58
1546225710.61
1546225710.64
1546225710.68
1546225710.71
1546225710.74
1546225710.78
1546225710.81
1546225710.84
1546225710.88
1546225710.91
1546225710.94
1546225710.98
1546225711.01
1546225711.04
1546225711.08
1546225711.11
1546225711.14
1546225711.18
1546225711.21
1546225711.24
1546225711.28
1546225711.31
1546225711.34
1546225711.38
1546225711.41
1546225711.44
1546225711.48
1546225711.51
1546225711.54
1546225711.58
1546225711.61
1546225711.64
1546225711.68
1546225711.71
1546225711.74
1546225711.78
1546225711.81
1546225711.84
1546225711.88
1546225711.91
1546225711.94
1546225711.98
1546225712.01
1546225712.04
1546225712.08
1546225712.11
1546225712.14
1546225712.18
1546225712.21
1546225712.24
1546225712.28
1546225712.31
1546225712.34
1546225712.38
1546225712.41
1546225712.44
1546225712.48
1546225712.51
1546225712.54
1546225712.58
1546225712.61
1546225712.64
1546225712.68
1546225712.71
1546225712.74
1546225712.78
1546225712.81
1546225712.84
1546225712.88
1546225712.91
1546225712.94
1546225712.98
1546225713.01
1546225713.05
1546225713.08
1546225713.11
1546225713.14
1546225713.18
1546225713.21
1546225713.24
1546225713.28
1546225713.31
1546225713.35
1546225713.38
1546225713.41
1546225713.44
1546225713.48
1546225713.51
1546225713.55
1546225713.58
1546225713.61
1546225713.64
1546225713.68
1546225713.71
1546225713.74
1546225713.78
1546225713.81
1546225713.85
1546225713.88
1546225713.91
1546225713.94
1546225713.98
1546225714.01
1546225714.04
1546225714.08
1546225714.11
1546225714.14
1546225714.18
1546225714.21
1546225714.24
1546225714.28
1546225714.31
1546225714.34
1546225714.38
1546225714.41
1546225714.44
1546225714.48
1546225714.51
1546225714.54
1546225714.58
1546225714.61
1546225714.64
1546225714.68
1546225714.71
1546225714.74
1546225714.78
1546225714.81
1546225714.84
1546225714.88
1546225714.91
1546225714.94
1546225714.98
1546225715.01
1546225715.04
1546225715.08
1546225715.11
1546225715.14
1546225715.18
1546225715.21
1546225715.24
1546225715.28
1546225715.31
1546225715.34
1546225715.38
1546225715.41
1546225715.44
1546225715.48
1546225715.51
1546225715.54
1546225715.58
1546225715.61
1546225715.64
1546225715.68
1546225715.71
1546225715.74
1546225715.78
1546225715.81
1546225715.84
1546225715.88
1546225715.91
1546225715.94
1546225715.98
1546225716.01
1546225716.04
1546225716.08
1546225716.11
1546225716.14
1546225716.17
1546225716.21
1546225716.24
1546225716.28
1546225716.31
1546225716.34
1546225716.38
1546225716.41
1546225716.44
1546225716.47
1546225716.51
1546225716.54
1546225716.58
1546225716.61
1546225716.64
1546225716.67
1546225716.71
1546225716.74
1546225716.78
1546225716.81
1546225716.84
1546225716.88
1546225716.91
1546225716.94
1546225716.97
1546225717.01
1546225717.04
1546225717.08
1546225717.11
1546225717.14
1546225717.17
1546225717.21
1546225717.24
1546225717.28
1546225717.31
1546225717.34
1546225717.38
1546225717.41
1546225717.44
1546225717.47
1546225717.51
1546225717.54
1546225717.58
1546225717.61
1546225717.64
1546225717.67
1546225717.71
1546225717.74
1546225717.78
1546225717.81
1546225717.84
1546225717.87
1546225717.91
1546225717.94
1546225717.97
1546225718.01
1546225718.04
1546225718.07
1546225718.11
1546225718.14
1546225718.17
1546225718.21
1546225718.24
1546225718.27
1546225718.31
1546225718.34
1546225718.37
1546225718.41
1546225718.44
1546225718.47
1546225718.51
1546225718.54
1546225718.57
1546225718.61
1546225718.64
1546225718.67
1546225718.71
1546225718.74
1546225718.77
1546225718.81
1546225718.84
1546225718.87
1546225718.91
1546225718.94
1546225718.97
1546225719.01
1546225719.04
1546225719.08
1546225719.11
1546225719.14
1546225719.17
1546225719.21
1546225719.24
1546225719.27
1546225719.31
1546225719.34
1546225719.37
1546225719.41
1546225719.44
1546225719.47
1546225719.51
1546225719.54
1546225719.58
1546225719.61
1546225719.64
1546225719.67
1546225719.71
1546225719.74
1546225719.77
1546225719.81
1546225719.84
1546225719.87
1546225719.91
1546225719.94
1546225719.97
1546225720.01
1546225720.04
1546225720.07
1546225720.11
1546225720.14
1546225720.17
1546225720.21
1546225720.24
1546225720.27
1546225720.31
1546225720.34
1546225720.37
1546225720.41
1546225720.44
1546225720.47
1546225720.51
1546225720.54
1546225720.57
1546225720.61
1546225720.64
1546225720.67
1546225720.71
1546225720.74
1546225720.77
1546225720.81
1546225720.84
1546225720.87
1546225720.9
1546225720.94
1546225720.97
1546225721.01
1546225721.04
1546225721.07
1546225721.11
1546225721.14
1546225721.17
1546225721.2
1546225721.24
1546225721.27
1546225721.31
1546225721.34
1546225721.37
1546225721.4
1546225721.44
1546225721.47
1546225721.51
1546225721.54
1546225721.57
1546225721.61
1546225721.64
1546225721.67
1546225721.7
1546225721.74
1546225721.77
1546225721.81
1546225721.84
1546225721.87
1546225721.91
1546225721.94
1546225721.97
1546225722.01
1546225722.04
1546225722.07
1546225722.11
1546225722.14
1546225722.17
1546225722.2
1546225722.24
1546225722.27
1546225722.31
1546225722.34
1546225722.37
1546225722.41
1546225722.44
1546225722.47
1546225722.51
1546225722.54
1546225722.57
1546225722.61
1546225722.64
1546225722.67
1546225722.7
1546225722.74
1546225722.77
1546225722.81
1546225722.84
1546225722.87
1546225722.91
1546225722.94
1546225722.97
1546225723.01
1546225723.04
1546225723.07
1546225723.11
1546225723.14
1546225723.17
1546225723.2
1546225723.24
1546225723.27
1546225723.3
1546225723.34
1546225723.37
1546225723.4
1546225723.44
1546225723.47
1546225723.51
1546225723.54
1546225723.57
1546225723.61
1546225723.64
1546225723.67
1546225723.7
1546225723.74
1546225723.77
1546225723.81
1546225723.84
1546225723.87
1546225723.9
1546225723.94
1546225723.97
1546225724.0
1546225724.04
1546225724.07
1546225724.1
1546225724.14
1546225724.17
1546225724.2
1546225724.24
1546225724.27
1546225724.31
1546225724.34
1546225724.37
1546225724.4
1546225724.44
1546225724.47
1546225724.51
1546225724.54
1546225724.57
1546225724.61
1546225724.64
1546225724.67
1546225724.71
1546225724.74
1546225724.77
1546225724.81
1546225724.84
1546225724.87
1546225724.9
1546225724.94
1546225724.97
1546225725.01
1546225725.04
1546225725.07
1546225725.11
1546225725.14
1546225725.17
1546225725.21
1546225725.24
1546225725.27
1546225725.31
1546225725.34
1546225725.37
1546225725.41
1546225725.44
1546225725.47
1546225725.51
1546225725.54
1546225725.57
1546225725.61
1546225725.64
1546225725.67
1546225725.71
1546225725.74
1546225725.77
1546225725.81
1546225725.84
1546225725.87
1546225725.91
1546225725.94
1546225725.97
1546225726.01
1546225726.04
1546225726.07
1546225726.11
1546225726.14
1546225726.17
1546225726.21
1546225726.24
1546225726.27
1546225726.31
1546225726.34
1546225726.37
1546225726.41
1546225726.44
1546225726.47
1546225726.51
1546225726.54
1546225726.57
1546225726.61
1546225726.64
1546225726.67
1546225726.71
1546225726.74
1546225726.77
1546225726.81
1546225726.84
1546225726.87
1546225726.91
1546225726.94
1546225726.97
1546225727.01
1546225727.04
1546225727.07
1546225727.11
1546225727.14
1546225727.17
1546225727.21
1546225727.24
1546225727.27
1546225727.31
1546225727.34
1546225727.37
1546225727.41
1546225727.44
1546225727.47
1546225727.51
1546225727.54
1546225727.57
1546225727.61
1546225727.64
1546225727.67
1546225727.71
1546225727.74
1546225727.78
1546225727.81
1546225727.84
1546225727.88
1546225727.91
1546225727.94
1546225727.97
1546225728.01
1546225728.04
1546225728.08
1546225728.11
1546225728.14
1546225728.18
1546225728.21
1546225728.24
1546225728.28
1546225728.31
1546225728.34
1546225728.38
1546225728.41
1546225728.44
1546225728.48
1546225728.51
1546225728.54
1546225728.58
1546225728.61
1546225728.64
1546225728.68
1546225728.71
1546225728.74
1546225728.78
1546225728.81
1546225728.84
1546225728.88
1546225728.91
1546225728.94
1546225728.98
1546225729.01
1546225729.04
1546225729.08
1546225729.11
1546225729.14
1546225729.17
1546225729.2
1546225729.23
1546225729.27
1546225729.3
1546225729.34
1546225729.37
1546225729.4
1546225729.43
1546225729.47
1546225729.5
1546225729.54
1546225729.57
1546225729.6
1546225729.64
1546225729.67
1546225729.7
1546225729.74
1546225729.77
1546225729.8
1546225729.84
1546225729.87
1546225729.9
1546225729.94
1546225729.97
1546225730.0
1546225730.04
1546225730.07
1546225730.1
1546225730.13
1546225730.17
1546225730.2
1546225730.23
1546225730.27
1546225730.3
1546225730.34
1546225730.37
1546225730.4
1546225730.43
1546225730.47
1546225730.5
1546225730.54
1546225730.57
1546225730.6
1546225730.63
1546225730.67
1546225730.7
1546225730.73
1546225730.77
1546225730.8
1546225730.84
1546225730.87
1546225730.9
1546225730.93
1546225730.97
1546225731.0
1546225731.04
1546225731.07
1546225731.1
1546225731.13
1546225731.17
1546225731.2
1546225731.23
1546225731.27
1546225731.3
1546225731.33
1546225731.37
1546225731.4
1546225731.43
1546225731.47
1546225731.5
1546225731.53
1546225731.57
1546225731.6
1546225731.63
1546225731.67
1546225731.7
1546225731.73
1546225731.77
1546225731.8
1546225731.83
1546225731.87
1546225731.9
1546225731.93
1546225731.97
1546225732.0
1546225732.03
1546225732.07
1546225732.1
1546225732.13
1546225732.17
1546225732.2
1546225732.23
1546225732.27
1546225732.3
1546225732.33
1546225732.37
1546225732.4
1546225732.43
1546225732.47
1546225732.5
1546225732.53
1546225732.57
1546225732.6
1546225732.63
1546225732.66
1546225732.7
1546225732.73
1546225732.77
1546225732.8
1546225732.83
1546225732.87
1546225732.9
1546225732.93
1546225732.97
1546225733.0
1546225733.03
1546225733.07
1546225733.1
1546225733.13
1546225733.17
1546225733.2
1546225733.23
1546225733.27
1546225733.3
1546225733.33
1546225733.37
1546225733.4
1546225733.43
1546225733.47
1546225733.5
1546225733.53
1546225733.57
1546225733.6
1546225733.63
1546225733.67
1546225733.7
1546225733.73
1546225733.77
1546225733.8
1546225733.83
1546225733.87
1546225733.9
1546225733.93
1546225733.96
1546225734.0
1546225734.03
1546225734.07
1546225734.1
1546225734.13
1546225734.16
1546225734.2
1546225734.23
1546225734.27
1546225734.3
1546225734.33
1546225734.37
1546225734.4
1546225734.43
1546225734.46
1546225734.5
1546225734.53
1546225734.56
1546225734.6
1546225734.63
1546225734.66
1546225734.7
1546225734.73
1546225734.77
1546225734.8
1546225734.83
1546225734.86
1546225734.9
1546225734.93
1546225734.96
1546225735.0
1546225735.03
1546225735.06
1546225735.1
1546225735.13
1546225735.16
1546225735.2
1546225735.23
1546225735.26
1546225735.3
1546225735.33
1546225735.36
1546225735.4
1546225735.43
1546225735.46
1546225735.5
1546225735.53
1546225735.56
1546225735.6
1546225735.63
1546225735.66
1546225735.7
1546225735.73
1546225735.76
1546225735.8
1546225735.83
1546225735.86
1546225735.9
1546225735.93
1546225735.96
1546225736.0
1546225736.03
1546225736.06
1546225736.1
1546225736.13
1546225736.16
1546225736.2
1546225736.23
1546225736.26
1546225736.3
1546225736.33
1546225736.36
1546225736.4
1546225736.43
1546225736.46
1546225736.5
1546225736.53
1546225736.56
1546225736.6
1546225736.63
1546225736.66
1546225736.7
1546225736.73
1546225736.76
1546225736.8
1546225736.83
1546225736.86
1546225736.9
1546225736.93
1546225736.96
1546225736.99
1546225737.03
1546225737.06
1546225737.1
1546225737.13
1546225737.16
1546225737.2
1546225737.23
1546225737.26
1546225737.3
1546225737.33
1546225737.36
1546225737.4
1546225737.43
1546225737.46
1546225737.5
1546225737.53
1546225737.56
1546225737.6
1546225737.63
1546225737.66
1546225737.7
1546225737.73
1546225737.76
1546225737.8
1546225737.83
1546225737.86
1546225737.9
1546225737.93
1546225737.96
1546225738.0
1546225738.03
1546225738.06
1546225738.1
1546225738.13
1546225738.16
1546225738.2
1546225738.23
1546225738.26
1546225738.3
1546225738.33
1546225738.36
1546225738.4
1546225738.43
1546225738.46
1546225738.5
1546225738.53
1546225738.56
1546225738.6
1546225738.63
1546225738.66
1546225738.7
1546225738.73
1546225738.76
1546225738.8
1546225738.83
1546225738.86
1546225738.9
1546225738.93
1546225738.96
1546225739.0
1546225739.03
1546225739.06
1546225739.1
1546225739.13
1546225739.16
1546225739.2
1546225739.23
1546225739.26
1546225739.3
1546225739.33
1546225739.36
1546225739.4
1546225739.43
1546225739.46
1546225739.5
1546225739.53
1546225739.56
1546225739.6
1546225739.63
1546225739.66
1546225739.7
1546225739.73
1546225739.76
1546225739.8
1546225739.83
1546225739.86
1546225739.9
1546225739.93
1546225739.96
1546225740.0
1546225740.03
1546225740.06
1546225740.1
1546225740.13
1546225740.16
1546225740.2
1546225740.23
1546225740.26
1546225740.3
1546225740.33
1546225740.36
1546225740.39
1546225740.43
1546225740.46
1546225740.5
1546225740.53
1546225740.56
1546225740.59
1546225740.63
1546225740.66
1546225740.69
1546225740.73
1546225740.76
1546225740.79
1546225740.83
1546225740.86
1546225740.89
1546225740.93
1546225740.96
1546225740.99
1546225741.03
1546225741.06
1546225741.1
1546225741.13
1546225741.16
1546225741.19
1546225741.23
1546225741.26
1546225741.3
1546225741.33
1546225741.36
1546225741.39
1546225741.43
1546225741.46
1546225741.49
1546225741.53
1546225741.56
1546225741.59
1546225741.63
1546225741.66
1546225741.69
1546225741.73
1546225741.76
1546225741.79
1546225741.83
1546225741.86
1546225741.89
1546225741.93
1546225741.96
1546225741.99
1546225742.03
1546225742.06
1546225742.1
1546225742.13
1546225742.16
1546225742.2
1546225742.23
1546225742.26
1546225742.3
1546225742.33
1546225742.36
1546225742.39
1546225742.43
1546225742.46
1546225742.49
1546225742.53
1546225742.56
1546225742.6
1546225742.63
1546225742.66
1546225742.69
1546225742.73
1546225742.76
1546225742.8
1546225742.83
1546225742.86
1546225742.89
1546225742.93
1546225742.96
1546225742.99
1546225743.03
1546225743.06
1546225743.1
1546225743.13
1546225743.16
1546225743.19
1546225743.23
1546225743.26
1546225743.3
1546225743.33
1546225743.36
1546225743.39
1546225743.43
1546225743.46
1546225743.49
1546225743.53
1546225743.56
1546225743.59
1546225743.63
1546225743.66
1546225743.69
1546225743.73
1546225743.76
1546225743.79
1546225743.83
1546225743.86
1546225743.89
1546225743.93
1546225743.96
1546225743.99
1546225744.03
1546225744.06
1546225744.09
1546225744.13
1546225744.16
1546225744.19
1546225744.23
1546225744.26
1546225744.29
1546225744.33
1546225744.36
1546225744.39
1546225744.43
1546225744.46
1546225744.49
1546225744.53
1546225744.56
1546225744.59
1546225744.63
1546225744.66
1546225744.69
1546225744.73
1546225744.76
1546225744.79
1546225744.83
1546225744.86
1546225744.89
1546225744.93
1546225744.96
1546225744.99
1546225745.03
1546225745.06
1546225745.09
1546225745.13
1546225745.16
1546225745.19
1546225745.23
1546225745.26
1546225745.29
1546225745.33
1546225745.36
1546225745.39
1546225745.43
1546225745.46
1546225745.49
1546225745.53
1546225745.56
1546225745.59
1546225745.63
1546225745.66
1546225745.69
1546225745.73
1546225745.76
1546225745.79
1546225745.83
1546225745.86
1546225745.89
1546225745.93
1546225745.96
1546225745.99
1546225746.03
1546225746.06
1546225746.09
1546225746.13
1546225746.16
1546225746.19
1546225746.23
1546225746.26
1546225746.29
1546225746.33
1546225746.36
1546225746.39
1546225746.43
1546225746.46
1546225746.49
1546225746.53
1546225746.56
1546225746.6
1546225746.63
1546225746.66
1546225746.7
1546225746.73
1546225746.76
1546225746.8
1546225746.83
1546225746.86
1546225746.9
1546225746.93
1546225746.96
1546225746.99
1546225747.03
1546225747.06
1546225747.09
1546225747.13
1546225747.16
1546225747.19
1546225747.23
1546225747.26
1546225747.3
1546225747.33
1546225747.36
1546225747.39
1546225747.43
1546225747.46
1546225747.49
1546225747.53
1546225747.56
1546225747.6
1546225747.63
1546225747.66
1546225747.69
1546225747.73
1546225747.76
1546225747.8
1546225747.83
1546225747.86
1546225747.89
1546225747.93
1546225747.96
1546225747.99
1546225748.03
1546225748.06
1546225748.09
1546225748.13
1546225748.16
1546225748.19
1546225748.23
1546225748.26
1546225748.3
1546225748.33
1546225748.36
1546225748.39
1546225748.43
1546225748.46
1546225748.49
1546225748.53
1546225748.56
1546225748.6
1546225748.63
1546225748.66
1546225748.7
1546225748.73
1546225748.76
1546225748.8
1546225748.83
1546225748.86
1546225748.89
1546225748.93
1546225748.96
1546225749.0
1546225749.03
1546225749.06
1546225749.1
1546225749.13
1546225749.16
1546225749.2
1546225749.23
1546225749.26
1546225749.3
1546225749.33
1546225749.36
1546225749.4
1546225749.43
1546225749.46
1546225749.5
1546225749.53
1546225749.56
1546225749.6
1546225749.63
1546225749.66
1546225749.7
1546225749.73
1546225749.76
1546225749.8
1546225749.83
1546225749.86
1546225749.9
1546225749.93
1546225749.96
1546225750.0
1546225750.03
1546225750.06
1546225750.1
1546225750.13
1546225750.16
1546225750.2
1546225750.23
1546225750.26
1546225750.3
1546225750.33
1546225750.37
1546225750.4
1546225750.43
1546225750.46
1546225750.5
1546225750.53
1546225750.56
1546225750.6
1546225750.63
1546225750.66
1546225750.7
1546225750.73
1546225750.76
1546225750.8
1546225750.83
1546225750.86
1546225750.9
1546225750.93
1546225750.96
1546225751.0
1546225751.03
1546225751.07
1546225751.1
1546225751.13
1546225751.16
1546225751.2
1546225751.23
1546225751.27
1546225751.3
1546225751.33
1546225751.37
1546225751.4
1546225751.43
1546225751.46
1546225751.5
1546225751.53
1546225751.57
1546225751.6
1546225751.63
1546225751.67
1546225751.7
1546225751.73
1546225751.77
1546225751.8
1546225751.83
1546225751.87
1546225751.9
1546225751.93
1546225751.97
1546225752.0
1546225752.03
1546225752.07
1546225752.1
1546225752.13
1546225752.17
1546225752.2
1546225752.23
1546225752.27
1546225752.3
1546225752.33
1546225752.37
1546225752.4
1546225752.43
1546225752.47
1546225752.5
1546225752.53
1546225752.57
1546225752.6
1546225752.63
1546225752.66
1546225752.69
1546225752.73
1546225752.76
1546225752.79
1546225752.83
1546225752.86
1546225752.89
1546225752.93
1546225752.96
1546225752.99
1546225753.03
1546225753.06
1546225753.09
1546225753.13
1546225753.16
1546225753.19
1546225753.23
1546225753.26
1546225753.29
1546225753.33
1546225753.36
1546225753.39
1546225753.43
1546225753.46
1546225753.49
1546225753.53
1546225753.56
1546225753.59
1546225753.62
1546225753.66
1546225753.69
1546225753.73
1546225753.76
1546225753.79
1546225753.83
1546225753.86
1546225753.89
1546225753.93
1546225753.96
1546225753.99
1546225754.03
1546225754.06
1546225754.09
1546225754.12
1546225754.16
1546225754.19
1546225754.22
1546225754.26
1546225754.29
1546225754.33
1546225754.36
1546225754.39
1546225754.42
1546225754.46
1546225754.49
1546225754.53
1546225754.56
1546225754.59
1546225754.62
1546225754.66
1546225754.69
1546225754.73
1546225754.76
1546225754.79
1546225754.83
1546225754.86
1546225754.89
1546225754.92
1546225754.96
1546225754.99
1546225755.03
1546225755.06
1546225755.09
1546225755.13
1546225755.16
1546225755.19
1546225755.23
1546225755.26
1546225755.29
1546225755.33
1546225755.36
1546225755.39
1546225755.43
1546225755.46
1546225755.49
1546225755.53
1546225755.56
1546225755.59
1546225755.63
1546225755.66
1546225755.69
1546225755.73
1546225755.76
1546225755.79
1546225755.83
1546225755.86
1546225755.89
1546225755.93
1546225755.96
1546225755.99
1546225756.03
1546225756.06
1546225756.09
1546225756.12
1546225756.16
1546225756.19
1546225756.23
1546225756.26
1546225756.29
1546225756.33
1546225756.36
1546225756.39
1546225756.43
1546225756.46
1546225756.49
1546225756.53
1546225756.56
1546225756.59
1546225756.62
1546225756.66
1546225756.69
1546225756.73
1546225756.76
1546225756.79
1546225756.83
1546225756.86
1546225756.89
1546225756.92
1546225756.96
1546225756.99
1546225757.03
1546225757.06
1546225757.09
1546225757.12
1546225757.16
1546225757.19
1546225757.22
1546225757.26
1546225757.29
1546225757.33
1546225757.36
1546225757.39
1546225757.42
1546225757.46
1546225757.49
1546225757.53
1546225757.56
1546225757.59
1546225757.63
1546225757.66
1546225757.69
1546225757.73
1546225757.76
1546225757.79
1546225757.83
1546225757.86
1546225757.89
1546225757.92
1546225757.96
1546225757.99
1546225758.03
1546225758.06
1546225758.09
1546225758.12
1546225758.16
1546225758.19
1546225758.22
1546225758.26
1546225758.29
1546225758.32
1546225758.36
1546225758.39
1546225758.42
1546225758.46
1546225758.49
1546225758.52
1546225758.56
1546225758.59
1546225758.62
1546225758.66
1546225758.69
1546225758.72
1546225758.76
1546225758.79
1546225758.82
1546225758.86
1546225758.89
1546225758.92
1546225758.96
1546225758.99
1546225759.02
1546225759.06
1546225759.09
1546225759.12
1546225759.16
1546225759.19
1546225759.22
1546225759.26
1546225759.29
1546225759.32
1546225759.36
1546225759.39
1546225759.42
1546225759.46
1546225759.49
1546225759.52
1546225759.56
1546225759.59
1546225759.62
1546225759.66
1546225759.69
1546225759.72
1546225759.76
1546225759.79
1546225759.82
1546225759.86
1546225759.89
1546225759.92
1546225759.96
1546225759.99
1546225760.02
1546225760.06
1546225760.09
1546225760.12
1546225760.16
1546225760.19
1546225760.22
1546225760.26
1546225760.29
1546225760.32
1546225760.36
1546225760.39
1546225760.42
1546225760.46
1546225760.49
1546225760.52
1546225760.56
1546225760.59
1546225760.62
1546225760.66
1546225760.69
1546225760.72
1546225760.76
1546225760.79
1546225760.82
1546225760.86
1546225760.89
1546225760.92
1546225760.96
1546225760.99
1546225761.02
1546225761.06
1546225761.09
1546225761.12
1546225761.16
1546225761.19
1546225761.22
1546225761.26
1546225761.29
1546225761.32
1546225761.36
1546225761.39
1546225761.42
1546225761.46
1546225761.49
1546225761.52
1546225761.56
1546225761.59
1546225761.62
1546225761.66
1546225761.69
1546225761.72
1546225761.76
1546225761.79
1546225761.82
1546225761.86
1546225761.89
1546225761.92
1546225761.96
1546225761.99
1546225762.02
1546225762.06
1546225762.09
1546225762.12
1546225762.16
1546225762.19
1546225762.22
1546225762.26
1546225762.29
1546225762.32
1546225762.36
1546225762.39
1546225762.42
1546225762.46
1546225762.49
1546225762.52
1546225762.56
1546225762.59
1546225762.62
1546225762.65
1546225762.69
1546225762.72
1546225762.76
1546225762.79
1546225762.82
1546225762.86
1546225762.89
1546225762.92
1546225762.95
1546225762.99
1546225763.02
1546225763.06
1546225763.09
1546225763.12
1546225763.16
1546225763.19
1546225763.22
1546225763.26
1546225763.29
1546225763.32
1546225763.36
1546225763.39
1546225763.42
1546225763.46
1546225763.49
1546225763.52
1546225763.56
1546225763.59
1546225763.62
1546225763.65
1546225763.69
1546225763.72
1546225763.76
1546225763.79
1546225763.82
1546225763.86
1546225763.89
1546225763.92
1546225763.95
1546225763.99
1546225764.02
1546225764.06
1546225764.09
1546225764.12
1546225764.15
1546225764.19
1546225764.22
1546225764.26
1546225764.29
1546225764.32
1546225764.36
1546225764.39
1546225764.42
1546225764.45
1546225764.49
1546225764.52
1546225764.56
1546225764.59
1546225764.62
1546225764.65
1546225764.69
1546225764.72
1546225764.75
1546225764.79
1546225764.82
1546225764.86
1546225764.89
1546225764.92
1546225764.95
1546225764.99
1546225765.02
1546225765.06
1546225765.09
1546225765.12
1546225765.15
1546225765.19
1546225765.22
1546225765.26
1546225765.29
1546225765.32
1546225765.36
1546225765.39
1546225765.42
1546225765.45
1546225765.49
1546225765.52
1546225765.56
1546225765.59
1546225765.62
1546225765.65
1546225765.69
1546225765.72
1546225765.76
1546225765.79
1546225765.82
1546225765.86
1546225765.89
1546225765.92
1546225765.96
1546225765.99
1546225766.02
1546225766.06
1546225766.09
1546225766.12
1546225766.15
1546225766.19
1546225766.22
1546225766.26
1546225766.29
1546225766.32
1546225766.36
1546225766.39
1546225766.42
1546225766.45
1546225766.49
1546225766.52
1546225766.56
1546225766.59
1546225766.62
1546225766.65
1546225766.69
1546225766.72
1546225766.76
1546225766.79
1546225766.82
1546225766.86
1546225766.89
1546225766.92
1546225766.95
1546225766.99
1546225767.02
1546225767.06
1546225767.09
1546225767.12
1546225767.15
1546225767.19
1546225767.22
1546225767.26
1546225767.29
1546225767.32
1546225767.36
1546225767.39
1546225767.42
1546225767.46
1546225767.49
1546225767.52
1546225767.56
1546225767.59
1546225767.62
1546225767.66
1546225767.69
1546225767.72
1546225767.76
1546225767.79
1546225767.82
1546225767.86
1546225767.89
1546225767.92
1546225767.95
1546225767.99
1546225768.02
1546225768.06
1546225768.09
1546225768.12
1546225768.15
1546225768.19
1546225768.22
1546225768.26
1546225768.29
1546225768.32
1546225768.35
1546225768.39
1546225768.42
1546225768.45
1546225768.49
1546225768.52
1546225768.55
1546225768.59
1546225768.62
1546225768.65
1546225768.69
1546225768.72
1546225768.75
1546225768.79
1546225768.82
1546225768.86
1546225768.89
1546225768.92
1546225768.95
1546225768.99
1546225769.02
1546225769.05
1546225769.09
1546225769.12
1546225769.15
1546225769.19
1546225769.22
1546225769.25
1546225769.29
1546225769.32
1546225769.35
1546225769.39
1546225769.42
1546225769.45
1546225769.49
1546225769.52
1546225769.55
1546225769.59
1546225769.62
1546225769.65
1546225769.69
1546225769.72
1546225769.76
1546225769.79
1546225769.82
1546225769.86
1546225769.89
1546225769.92
1546225769.95
1546225769.99
1546225770.02
1546225770.05
1546225770.09
1546225770.12
1546225770.15
1546225770.19
1546225770.22
1546225770.26
1546225770.29
1546225770.32
1546225770.35
1546225770.39
1546225770.42
1546225770.45
1546225770.49
1546225770.52
1546225770.55
1546225770.59
1546225770.62
1546225770.65
1546225770.69
1546225770.72
1546225770.75
1546225770.79
1546225770.82
1546225770.86
1546225770.89
1546225770.92
1546225770.95
1546225770.99
1546225771.02
1546225771.06
1546225771.09
1546225771.12
1546225771.15
1546225771.19
1546225771.22
1546225771.26
1546225771.29
1546225771.32
1546225771.35
1546225771.39
1546225771.42
1546225771.45
1546225771.49
1546225771.52
1546225771.56
1546225771.59
1546225771.62
1546225771.65
1546225771.69
1546225771.72
1546225771.76
1546225771.79
1546225771.82
1546225771.86
1546225771.89
1546225771.92
1546225771.95
1546225771.99
1546225772.02
1546225772.06
1546225772.09
1546225772.12
1546225772.15
1546225772.19
1546225772.22
1546225772.26
1546225772.29
1546225772.32
1546225772.36
1546225772.39
1546225772.42
1546225772.46
1546225772.49
1546225772.52
1546225772.56
1546225772.59
1546225772.62
1546225772.66
1546225772.69
1546225772.72
1546225772.76
1546225772.79
1546225772.82
1546225772.86
1546225772.89
1546225772.92
1546225772.96
1546225772.99
1546225773.02
1546225773.06
1546225773.09
1546225773.12
1546225773.16
1546225773.19
1546225773.22
1546225773.26
1546225773.29
1546225773.32
1546225773.36
1546225773.39
1546225773.42
1546225773.46
1546225773.49
1546225773.52
1546225773.56
1546225773.59
1546225773.62
1546225773.66
1546225773.69
1546225773.72
1546225773.76
1546225773.79
1546225773.82
1546225773.86
1546225773.89
1546225773.92
1546225773.96
1546225773.99
1546225774.03
1546225774.06
1546225774.09
1546225774.12
1546225774.16
1546225774.19
1546225774.23
1546225774.26
1546225774.29
1546225774.33
1546225774.36
1546225774.39
1546225774.43
1546225774.46
1546225774.49
1546225774.53
1546225774.56
1546225774.59
1546225774.63
1546225774.66
1546225774.69
1546225774.73
1546225774.76
1546225774.79
1546225774.83
1546225774.86
1546225774.89
1546225774.93
1546225774.96
1546225774.99
1546225775.03
1546225775.06
1546225775.09
1546225775.13
1546225775.16
1546225775.2
1546225775.23
1546225775.26
1546225775.3
1546225775.33
1546225775.36
1546225775.39
1546225775.43
1546225775.46
1546225775.49
1546225775.53
1546225775.56
1546225775.6
1546225775.63
1546225775.66
1546225775.69
1546225775.73
1546225775.76
1546225775.8
1546225775.83
1546225775.86
1546225775.89
1546225775.93
1546225775.96
1546225775.99
1546225776.02
1546225776.05
1546225776.09
1546225776.12
1546225776.15
1546225776.19
1546225776.22
1546225776.25
1546225776.29
1546225776.32
1546225776.35
1546225776.39
1546225776.42
1546225776.45
1546225776.49
1546225776.52
1546225776.55
1546225776.59
1546225776.62
1546225776.65
1546225776.69
1546225776.72
1546225776.75
1546225776.79
1546225776.82
1546225776.85
1546225776.89
1546225776.92
1546225776.95
1546225776.99
1546225777.02
1546225777.05
1546225777.09
1546225777.12
1546225777.15
1546225777.19
1546225777.22
1546225777.25
1546225777.29
1546225777.32
1546225777.35
1546225777.39
1546225777.42
1546225777.45
1546225777.49
1546225777.52
1546225777.55
1546225777.59
1546225777.62
1546225777.65
1546225777.69
1546225777.72
1546225777.75
1546225777.79
1546225777.82
1546225777.85
1546225777.89
1546225777.92
1546225777.95
1546225777.98
1546225778.02
1546225778.05
1546225778.09
1546225778.12
1546225778.15
1546225778.18
1546225778.22
1546225778.25
1546225778.28
1546225778.32
1546225778.35
1546225778.38
1546225778.42
1546225778.45
1546225778.48
1546225778.52
1546225778.55
1546225778.59
1546225778.62
1546225778.65
1546225778.68
1546225778.72
1546225778.75
1546225778.78
1546225778.82
1546225778.85
1546225778.88
1546225778.92
1546225778.95
1546225778.98
1546225779.02
1546225779.05
1546225779.08
1546225779.12
1546225779.15
1546225779.18
1546225779.22
1546225779.25
1546225779.29
1546225779.32
1546225779.35
1546225779.38
1546225779.42
1546225779.45
1546225779.48
1546225779.52
1546225779.55
1546225779.58
1546225779.62
1546225779.65
1546225779.68
1546225779.72
1546225779.75
1546225779.78
1546225779.82
1546225779.85
1546225779.88
1546225779.92
1546225779.95
1546225779.98
1546225780.02
1546225780.05
1546225780.08
1546225780.12
1546225780.15
1546225780.18
1546225780.22
1546225780.25
1546225780.28
1546225780.32
1546225780.35
1546225780.38
1546225780.42
1546225780.45
1546225780.48
1546225780.52
1546225780.55
1546225780.59
1546225780.62
1546225780.65
1546225780.69
1546225780.72
1546225780.75
1546225780.79
1546225780.82
1546225780.85
1546225780.89
1546225780.92
1546225780.95
1546225780.99
1546225781.02
1546225781.05
1546225781.09
1546225781.12
1546225781.15
1546225781.19
1546225781.22
1546225781.25
1546225781.29
1546225781.32
1546225781.35
1546225781.39
1546225781.42
1546225781.45
1546225781.49
1546225781.52
1546225781.55
1546225781.59
1546225781.62
1546225781.65
1546225781.69
1546225781.72
1546225781.75
1546225781.79
1546225781.82
1546225781.85
1546225781.89
1546225781.92
1546225781.95
1546225781.99
1546225782.02
1546225782.05
1546225782.09
1546225782.12
1546225782.15
1546225782.19
1546225782.22
1546225782.25
1546225782.29
1546225782.32
1546225782.35
1546225782.39
1546225782.42
1546225782.45
1546225782.49
1546225782.52
1546225782.55
1546225782.59
1546225782.62
1546225782.65
1546225782.69
1546225782.72
1546225782.75
1546225782.79
1546225782.82
1546225782.85
1546225782.89
1546225782.92
1546225782.95
1546225782.99
1546225783.02
1546225783.05
1546225783.09
1546225783.12
1546225783.15
1546225783.19
1546225783.22
1546225783.25
1546225783.29
1546225783.32
1546225783.35
1546225783.39
1546225783.42
1546225783.45
1546225783.49
1546225783.52
1546225783.55
1546225783.59
1546225783.62
1546225783.65
1546225783.69
1546225783.72
1546225783.75
1546225783.79
1546225783.82
1546225783.85
1546225783.89
1546225783.92
1546225783.95
1546225783.99
1546225784.02
1546225784.05
1546225784.09
1546225784.12
1546225784.15
1546225784.19
1546225784.22
1546225784.25
1546225784.29
1546225784.32
1546225784.35
1546225784.39
1546225784.42
1546225784.45
1546225784.49
1546225784.52
1546225784.55
1546225784.59
1546225784.62
1546225784.65
1546225784.69
1546225784.72
1546225784.75
1546225784.79
1546225784.82
1546225784.85
1546225784.89
1546225784.92
1546225784.95
1546225784.99
1546225785.02
1546225785.05
1546225785.09
1546225785.12
1546225785.15
1546225785.18
1546225785.22
1546225785.25
1546225785.29
1546225785.32
1546225785.35
1546225785.38
1546225785.42
1546225785.45
1546225785.48
1546225785.52
1546225785.55
1546225785.59
1546225785.62
1546225785.65
1546225785.68
1546225785.72
1546225785.75
1546225785.79
1546225785.82
1546225785.85
1546225785.88
1546225785.92
1546225785.95
1546225785.98
1546225786.02
1546225786.05
1546225786.09
1546225786.12
1546225786.15
1546225786.18
1546225786.22
