1545592719.52
1545592719.67
1545592719.71
1545592719.74
1545592719.77
1545592719.8
1545592719.83
1545592719.85
1545592719.89
1545592719.92
1545592719.95
1545592719.98
1545592720.02
1545592720.05
1545592720.08
1545592720.12
1545592720.15
1545592720.18
1545592720.22
1545592720.25
1545592720.28
1545592720.32
1545592720.35
1545592720.38
1545592720.42
1545592720.45
1545592720.48
1545592720.52
1545592720.55
1545592720.58
1545592720.62
1545592720.65
1545592720.68
1545592720.72
1545592720.75
1545592720.78
1545592720.82
1545592720.85
1545592720.88
1545592720.92
1545592720.95
1545592720.98
1545592721.02
1545592721.05
1545592721.08
1545592721.12
1545592721.15
1545592721.18
1545592721.22
1545592721.25
1545592721.28
1545592721.32
1545592721.35
1545592721.38
1545592721.42
1545592721.45
1545592721.48
1545592721.52
1545592721.55
1545592721.58
1545592721.62
1545592721.65
1545592721.68
1545592721.72
1545592721.75
1545592721.79
1545592721.82
1545592721.85
1545592721.89
1545592721.92
1545592721.95
1545592721.99
1545592722.02
1545592722.05
1545592722.08
1545592722.12
1545592722.15
1545592722.18
1545592722.22
1545592722.25
1545592722.29
1545592722.32
1545592722.35
1545592722.39
1545592722.43
1545592722.46
1545592722.49
1545592722.52
1545592722.55
1545592722.59
1545592722.62
1545592722.65
1545592722.68
1545592722.72
1545592722.75
1545592722.78
1545592722.82
1545592722.85
1545592722.88
1545592722.92
