1546231821.88
1546231822.02
1546231822.06
1546231822.09
1546231822.12
1546231822.14
1546231822.17
1546231822.2
1546231822.23
1546231822.27
1546231822.3
1546231822.33
1546231822.37
1546231822.4
1546231822.43
1546231822.47
1546231822.5
1546231822.53
1546231822.57
1546231822.6
1546231822.63
1546231822.67
1546231822.7
1546231822.73
1546231822.77
1546231822.8
1546231822.83
1546231822.87
1546231822.9
1546231822.93
1546231822.97
1546231823.0
1546231823.03
1546231823.07
1546231823.1
1546231823.13
1546231823.17
1546231823.2
1546231823.23
1546231823.27
1546231823.3
1546231823.33
1546231823.37
1546231823.4
1546231823.43
1546231823.47
1546231823.5
1546231823.53
1546231823.57
1546231823.6
1546231823.63
1546231823.67
1546231823.7
1546231823.73
1546231823.77
1546231823.8
1546231823.83
1546231823.87
1546231823.9
1546231823.93
1546231823.97
1546231824.0
1546231824.03
1546231824.07
1546231824.1
1546231824.13
1546231824.17
1546231824.2
1546231824.23
1546231824.27
1546231824.3
1546231824.34
1546231824.37
1546231824.4
1546231824.43
1546231824.47
1546231824.5
1546231824.53
1546231824.57
1546231824.6
1546231824.63
1546231824.67
1546231824.7
1546231824.73
1546231824.77
1546231824.8
1546231824.83
1546231824.87
1546231824.9
1546231824.93
1546231824.97
1546231825.0
1546231825.03
1546231825.07
1546231825.1
1546231825.13
1546231825.17
1546231825.2
1546231825.23
1546231825.27
1546231825.3
1546231825.33
1546231825.37
1546231825.4
1546231825.43
1546231825.47
1546231825.5
1546231825.53
1546231825.57
1546231825.6
1546231825.63
1546231825.67
1546231825.7
1546231825.73
1546231825.77
1546231825.8
1546231825.83
1546231825.87
1546231825.9
1546231825.93
1546231825.97
1546231826.0
1546231826.03
1546231826.07
1546231826.1
1546231826.13
1546231826.17
1546231826.2
1546231826.23
1546231826.27
1546231826.3
1546231826.33
1546231826.37
1546231826.4
1546231826.43
1546231826.47
1546231826.5
1546231826.53
1546231826.57
1546231826.6
1546231826.63
1546231826.67
1546231826.7
1546231826.73
1546231826.77
1546231826.8
1546231826.83
1546231826.87
1546231826.9
1546231826.93
1546231826.97
1546231827.0
1546231827.03
1546231827.07
1546231827.1
1546231827.13
1546231827.16
1546231827.2
1546231827.23
1546231827.27
1546231827.3
1546231827.33
1546231827.37
1546231827.4
1546231827.43
1546231827.46
1546231827.5
1546231827.53
1546231827.57
1546231827.6
1546231827.63
1546231827.66
1546231827.7
1546231827.73
1546231827.77
1546231827.8
1546231827.83
1546231827.87
1546231827.9
1546231827.93
1546231827.97
1546231828.0
1546231828.03
1546231828.07
1546231828.1
1546231828.13
1546231828.17
1546231828.2
1546231828.23
1546231828.27
1546231828.3
1546231828.33
1546231828.37
1546231828.4
1546231828.43
1546231828.46
1546231828.5
1546231828.53
1546231828.57
1546231828.6
1546231828.63
1546231828.66
1546231828.7
1546231828.73
1546231828.77
1546231828.8
1546231828.83
1546231828.87
1546231828.9
1546231828.93
1546231828.96
1546231829.0
1546231829.03
1546231829.07
1546231829.1
1546231829.13
1546231829.16
1546231829.2
1546231829.23
1546231829.27
1546231829.3
1546231829.33
1546231829.37
1546231829.4
1546231829.43
1546231829.46
1546231829.5
1546231829.53
1546231829.57
1546231829.6
1546231829.63
1546231829.67
1546231829.7
1546231829.73
1546231829.77
1546231829.8
1546231829.83
1546231829.87
1546231829.9
1546231829.93
1546231829.97
1546231830.0
1546231830.03
1546231830.07
1546231830.1
1546231830.13
1546231830.17
1546231830.2
1546231830.23
1546231830.27
1546231830.3
1546231830.33
1546231830.37
1546231830.4
1546231830.43
1546231830.47
1546231830.5
1546231830.54
1546231830.57
1546231830.6
1546231830.63
1546231830.67
1546231830.7
1546231830.74
1546231830.77
1546231830.8
1546231830.84
1546231830.87
1546231830.9
1546231830.93
1546231830.97
1546231831.0
1546231831.04
1546231831.07
1546231831.1
1546231831.14
1546231831.17
1546231831.2
1546231831.24
1546231831.27
1546231831.3
1546231831.34
1546231831.37
1546231831.4
1546231831.44
1546231831.47
1546231831.5
1546231831.54
1546231831.57
1546231831.6
1546231831.64
1546231831.67
1546231831.7
1546231831.74
1546231831.77
1546231831.8
1546231831.84
1546231831.87
1546231831.9
1546231831.94
1546231831.97
1546231832.0
1546231832.04
1546231832.07
1546231832.1
1546231832.14
1546231832.17
1546231832.2
1546231832.24
1546231832.27
1546231832.31
1546231832.34
1546231832.37
1546231832.4
1546231832.44
1546231832.47
1546231832.5
1546231832.54
1546231832.57
1546231832.6
1546231832.64
1546231832.67
1546231832.7
1546231832.74
1546231832.77
1546231832.8
1546231832.84
1546231832.87
1546231832.9
1546231832.94
1546231832.97
1546231833.0
1546231833.04
1546231833.07
1546231833.1
1546231833.14
1546231833.17
1546231833.2
1546231833.24
1546231833.27
1546231833.31
1546231833.34
1546231833.37
1546231833.4
1546231833.44
1546231833.47
1546231833.5
1546231833.54
1546231833.57
1546231833.61
1546231833.64
1546231833.67
1546231833.7
1546231833.74
1546231833.77
1546231833.8
1546231833.84
1546231833.87
1546231833.9
1546231833.94
1546231833.97
1546231834.0
1546231834.04
1546231834.07
1546231834.1
1546231834.14
1546231834.17
1546231834.2
1546231834.24
1546231834.27
1546231834.3
1546231834.34
1546231834.37
1546231834.4
1546231834.43
1546231834.46
1546231834.5
1546231834.53
1546231834.56
1546231834.6
1546231834.63
1546231834.66
1546231834.7
1546231834.73
1546231834.76
1546231834.8
1546231834.83
1546231834.86
1546231834.9
1546231834.93
1546231834.96
1546231835.0
1546231835.03
1546231835.06
1546231835.1
1546231835.13
1546231835.16
1546231835.2
1546231835.23
1546231835.26
1546231835.3
1546231835.33
1546231835.36
1546231835.4
1546231835.43
1546231835.46
1546231835.5
1546231835.53
1546231835.56
1546231835.6
1546231835.63
1546231835.66
1546231835.7
1546231835.73
1546231835.76
1546231835.8
1546231835.83
1546231835.86
1546231835.9
1546231835.93
1546231835.96
1546231836.0
1546231836.03
1546231836.06
1546231836.1
1546231836.13
1546231836.16
1546231836.2
1546231836.23
1546231836.26
1546231836.3
1546231836.33
1546231836.36
1546231836.4
1546231836.43
1546231836.46
1546231836.5
1546231836.53
1546231836.56
1546231836.6
1546231836.63
1546231836.66
1546231836.69
1546231836.73
1546231836.76
1546231836.8
1546231836.83
1546231836.86
1546231836.9
1546231836.93
1546231836.96
1546231837.0
1546231837.03
1546231837.06
1546231837.1
1546231837.13
1546231837.16
1546231837.2
1546231837.23
1546231837.26
1546231837.3
1546231837.33
1546231837.36
1546231837.39
1546231837.43
1546231837.46
1546231837.49
1546231837.53
1546231837.56
1546231837.6
1546231837.63
1546231837.66
1546231837.69
1546231837.73
1546231837.76
1546231837.8
1546231837.83
1546231837.86
1546231837.89
1546231837.93
1546231837.96
1546231837.99
1546231838.03
1546231838.06
1546231838.09
1546231838.13
1546231838.16
1546231838.19
1546231838.23
1546231838.26
1546231838.29
1546231838.33
1546231838.36
1546231838.39
1546231838.43
1546231838.46
1546231838.49
1546231838.53
1546231838.56
1546231838.59
1546231838.63
1546231838.66
1546231838.69
1546231838.73
1546231838.76
1546231838.79
1546231838.83
1546231838.86
1546231838.89
1546231838.93
1546231838.96
1546231838.99
1546231839.03
1546231839.06
1546231839.09
1546231839.13
1546231839.16
1546231839.19
1546231839.23
1546231839.26
1546231839.29
1546231839.33
1546231839.36
1546231839.39
1546231839.43
1546231839.46
1546231839.49
1546231839.53
1546231839.56
1546231839.59
1546231839.63
1546231839.66
1546231839.69
1546231839.73
1546231839.76
1546231839.79
1546231839.83
1546231839.86
1546231839.89
1546231839.93
1546231839.96
1546231839.99
1546231840.03
1546231840.06
1546231840.09
1546231840.12
1546231840.16
1546231840.19
1546231840.22
1546231840.26
1546231840.29
1546231840.33
1546231840.36
1546231840.39
1546231840.42
1546231840.46
1546231840.49
1546231840.52
1546231840.56
1546231840.59
1546231840.62
1546231840.66
1546231840.69
1546231840.72
1546231840.76
1546231840.79
1546231840.82
1546231840.86
1546231840.89
1546231840.92
1546231840.96
1546231840.99
1546231841.02
1546231841.06
1546231841.09
1546231841.12
1546231841.16
1546231841.19
1546231841.22
1546231841.26
1546231841.29
1546231841.32
1546231841.36
1546231841.39
1546231841.42
1546231841.46
1546231841.49
1546231841.52
1546231841.56
1546231841.59
1546231841.62
1546231841.66
1546231841.69
1546231841.72
1546231841.76
1546231841.79
1546231841.82
1546231841.86
1546231841.89
1546231841.92
1546231841.96
1546231841.99
1546231842.02
1546231842.06
1546231842.09
1546231842.12
1546231842.16
1546231842.19
1546231842.22
1546231842.26
1546231842.29
1546231842.32
1546231842.36
1546231842.39
1546231842.42
1546231842.46
1546231842.49
1546231842.52
1546231842.56
1546231842.59
1546231842.62
1546231842.66
1546231842.69
1546231842.72
1546231842.76
1546231842.79
1546231842.82
1546231842.86
1546231842.89
1546231842.92
1546231842.96
1546231842.99
1546231843.02
1546231843.06
1546231843.09
1546231843.12
1546231843.16
1546231843.19
1546231843.22
1546231843.26
1546231843.29
1546231843.32
1546231843.36
1546231843.39
1546231843.42
1546231843.46
1546231843.49
1546231843.52
1546231843.56
1546231843.59
1546231843.62
1546231843.66
1546231843.69
1546231843.72
1546231843.76
1546231843.79
1546231843.82
1546231843.86
1546231843.89
1546231843.92
1546231843.96
1546231843.99
1546231844.02
1546231844.06
1546231844.09
1546231844.12
1546231844.16
1546231844.19
1546231844.22
1546231844.26
1546231844.29
1546231844.32
1546231844.36
1546231844.39
1546231844.42
1546231844.46
1546231844.49
1546231844.52
1546231844.56
1546231844.59
1546231844.62
1546231844.66
1546231844.69
1546231844.72
1546231844.76
1546231844.79
1546231844.82
1546231844.86
1546231844.89
1546231844.92
1546231844.96
1546231844.99
1546231845.02
1546231845.06
1546231845.09
1546231845.12
1546231845.16
1546231845.19
1546231845.22
1546231845.26
1546231845.29
1546231845.32
1546231845.36
1546231845.39
1546231845.42
1546231845.46
1546231845.49
1546231845.52
1546231845.56
1546231845.59
1546231845.62
1546231845.66
1546231845.69
1546231845.72
1546231845.76
1546231845.79
1546231845.82
1546231845.86
1546231845.89
1546231845.92
1546231845.95
1546231845.99
1546231846.02
1546231846.06
1546231846.09
1546231846.12
1546231846.15
1546231846.19
1546231846.22
1546231846.26
1546231846.29
1546231846.32
1546231846.36
1546231846.39
1546231846.42
1546231846.45
1546231846.49
1546231846.52
1546231846.56
1546231846.59
1546231846.62
1546231846.65
1546231846.69
1546231846.72
1546231846.76
1546231846.79
1546231846.82
1546231846.85
1546231846.89
1546231846.92
1546231846.95
1546231846.99
1546231847.02
1546231847.06
1546231847.09
1546231847.12
1546231847.15
1546231847.19
1546231847.22
1546231847.26
1546231847.29
1546231847.32
1546231847.36
1546231847.39
1546231847.42
1546231847.46
1546231847.49
1546231847.52
1546231847.56
1546231847.59
1546231847.62
1546231847.66
1546231847.69
1546231847.72
1546231847.76
1546231847.79
1546231847.82
1546231847.86
1546231847.89
1546231847.92
1546231847.96
1546231847.99
1546231848.02
1546231848.06
1546231848.09
1546231848.12
1546231848.16
1546231848.19
1546231848.22
1546231848.26
1546231848.29
1546231848.32
1546231848.36
1546231848.39
1546231848.42
1546231848.46
1546231848.49
1546231848.52
1546231848.56
1546231848.59
1546231848.62
1546231848.66
1546231848.69
1546231848.72
1546231848.76
1546231848.79
1546231848.82
1546231848.86
1546231848.89
1546231848.92
1546231848.96
1546231848.99
1546231849.02
1546231849.06
1546231849.09
1546231849.12
1546231849.16
1546231849.19
1546231849.22
1546231849.26
1546231849.29
1546231849.32
1546231849.36
1546231849.39
1546231849.42
1546231849.46
1546231849.49
1546231849.52
1546231849.56
1546231849.59
1546231849.62
1546231849.65
1546231849.69
1546231849.72
1546231849.76
1546231849.79
1546231849.82
1546231849.86
1546231849.89
1546231849.92
1546231849.95
1546231849.99
1546231850.02
1546231850.06
1546231850.09
1546231850.12
1546231850.15
1546231850.19
1546231850.22
1546231850.25
1546231850.29
1546231850.32
1546231850.36
1546231850.39
1546231850.42
1546231850.46
1546231850.49
1546231850.52
1546231850.55
1546231850.59
1546231850.62
1546231850.65
1546231850.69
1546231850.72
1546231850.75
1546231850.79
1546231850.82
1546231850.85
1546231850.89
1546231850.92
1546231850.95
1546231850.99
1546231851.02
1546231851.05
1546231851.09
1546231851.12
1546231851.15
1546231851.19
1546231851.22
1546231851.25
1546231851.29
1546231851.32
1546231851.35
1546231851.39
1546231851.42
1546231851.45
1546231851.49
1546231851.52
1546231851.55
1546231851.59
1546231851.62
1546231851.65
1546231851.69
1546231851.72
1546231851.75
1546231851.79
1546231851.82
1546231851.85
1546231851.89
1546231851.92
1546231851.95
1546231851.99
1546231852.02
1546231852.05
1546231852.09
1546231852.12
1546231852.15
1546231852.19
1546231852.22
1546231852.25
1546231852.29
1546231852.32
1546231852.35
1546231852.39
1546231852.42
1546231852.45
1546231852.49
1546231852.52
1546231852.55
1546231852.59
1546231852.62
1546231852.65
1546231852.69
1546231852.72
1546231852.75
1546231852.79
1546231852.82
1546231852.85
1546231852.88
1546231852.92
1546231852.95
1546231852.99
1546231853.02
1546231853.05
1546231853.09
1546231853.12
1546231853.15
1546231853.19
1546231853.22
1546231853.25
1546231853.29
1546231853.32
1546231853.35
1546231853.39
1546231853.42
1546231853.45
1546231853.49
1546231853.52
1546231853.55
1546231853.59
1546231853.62
1546231853.65
1546231853.69
1546231853.72
1546231853.75
1546231853.79
1546231853.82
1546231853.85
1546231853.89
1546231853.92
1546231853.95
1546231853.99
1546231854.02
1546231854.05
1546231854.09
1546231854.12
1546231854.15
1546231854.19
1546231854.22
1546231854.26
1546231854.29
1546231854.32
1546231854.35
1546231854.39
1546231854.42
1546231854.45
1546231854.49
1546231854.52
1546231854.56
1546231854.59
1546231854.62
1546231854.65
1546231854.69
1546231854.72
1546231854.76
1546231854.79
1546231854.82
1546231854.85
1546231854.89
1546231854.92
1546231854.95
1546231854.99
1546231855.02
1546231855.05
1546231855.09
1546231855.12
1546231855.15
1546231855.19
1546231855.22
1546231855.26
1546231855.29
1546231855.32
1546231855.36
1546231855.39
1546231855.42
1546231855.45
1546231855.49
1546231855.52
1546231855.55
1546231855.59
1546231855.62
1546231855.65
1546231855.69
1546231855.72
1546231855.75
1546231855.79
1546231855.82
1546231855.86
1546231855.89
1546231855.92
1546231855.95
1546231855.99
1546231856.02
1546231856.06
1546231856.09
1546231856.12
1546231856.15
1546231856.19
1546231856.22
1546231856.26
1546231856.29
1546231856.32
1546231856.36
1546231856.39
1546231856.42
1546231856.45
1546231856.49
1546231856.52
1546231856.56
1546231856.59
1546231856.62
1546231856.66
1546231856.69
1546231856.72
1546231856.76
1546231856.79
1546231856.83
1546231856.86
1546231856.89
1546231856.92
1546231856.96
1546231856.99
1546231857.02
1546231857.06
1546231857.09
1546231857.12
1546231857.16
1546231857.19
1546231857.22
1546231857.26
1546231857.29
1546231857.32
1546231857.36
1546231857.39
1546231857.42
1546231857.46
1546231857.49
1546231857.52
1546231857.56
1546231857.59
1546231857.62
1546231857.65
1546231857.68
1546231857.72
1546231857.75
1546231857.78
1546231857.82
1546231857.85
1546231857.88
1546231857.91
1546231857.95
1546231857.98
1546231858.02
1546231858.05
1546231858.08
1546231858.12
1546231858.15
1546231858.18
1546231858.22
1546231858.25
1546231858.28
1546231858.32
1546231858.35
1546231858.38
1546231858.42
1546231858.45
1546231858.48
1546231858.52
1546231858.55
1546231858.58
1546231858.62
1546231858.65
1546231858.68
1546231858.72
1546231858.75
1546231858.78
1546231858.82
1546231858.85
1546231858.88
1546231858.92
1546231858.95
1546231858.98
1546231859.02
1546231859.05
1546231859.08
1546231859.12
1546231859.15
1546231859.18
1546231859.21
1546231859.25
1546231859.28
1546231859.32
1546231859.35
1546231859.38
1546231859.42
1546231859.45
1546231859.48
1546231859.52
1546231859.55
1546231859.58
1546231859.61
1546231859.65
1546231859.68
1546231859.72
1546231859.75
1546231859.78
1546231859.82
1546231859.85
1546231859.88
1546231859.91
1546231859.95
1546231859.98
1546231860.02
1546231860.05
1546231860.08
1546231860.12
1546231860.15
1546231860.18
1546231860.21
1546231860.25
1546231860.28
1546231860.32
1546231860.35
1546231860.38
1546231860.41
1546231860.45
1546231860.48
1546231860.52
1546231860.55
1546231860.58
1546231860.62
1546231860.65
1546231860.68
1546231860.72
1546231860.75
1546231860.78
1546231860.82
1546231860.85
1546231860.88
1546231860.91
1546231860.95
1546231860.98
1546231861.02
1546231861.05
1546231861.08
1546231861.12
1546231861.15
1546231861.18
1546231861.21
1546231861.25
1546231861.28
1546231861.32
1546231861.35
1546231861.38
1546231861.42
1546231861.45
1546231861.48
1546231861.52
1546231861.55
1546231861.58
1546231861.62
1546231861.65
1546231861.68
1546231861.72
1546231861.75
1546231861.78
1546231861.81
1546231861.85
1546231861.88
1546231861.91
1546231861.95
1546231861.98
1546231862.01
1546231862.05
1546231862.08
1546231862.12
1546231862.15
1546231862.18
1546231862.21
1546231862.25
1546231862.28
1546231862.31
1546231862.35
1546231862.38
1546231862.41
1546231862.45
1546231862.48
1546231862.51
1546231862.55
1546231862.58
1546231862.61
1546231862.65
1546231862.68
1546231862.71
1546231862.75
1546231862.78
1546231862.82
1546231862.85
1546231862.88
1546231862.91
1546231862.95
1546231862.98
1546231863.01
1546231863.05
1546231863.08
1546231863.11
1546231863.15
1546231863.18
1546231863.21
1546231863.25
1546231863.28
1546231863.32
1546231863.35
1546231863.38
1546231863.41
1546231863.45
1546231863.48
1546231863.51
1546231863.55
1546231863.58
1546231863.61
1546231863.65
1546231863.68
1546231863.71
1546231863.75
1546231863.78
1546231863.82
1546231863.85
1546231863.88
1546231863.91
1546231863.95
1546231863.98
1546231864.01
1546231864.05
1546231864.08
1546231864.12
1546231864.15
1546231864.18
1546231864.21
1546231864.25
1546231864.28
1546231864.31
1546231864.35
1546231864.38
1546231864.41
1546231864.45
1546231864.48
1546231864.52
1546231864.55
1546231864.58
1546231864.62
1546231864.65
1546231864.68
1546231864.71
1546231864.75
1546231864.78
1546231864.82
1546231864.85
1546231864.88
1546231864.91
1546231864.95
1546231864.98
1546231865.02
1546231865.05
1546231865.08
1546231865.12
1546231865.15
1546231865.18
1546231865.21
1546231865.25
1546231865.28
1546231865.32
1546231865.35
1546231865.38
1546231865.41
1546231865.45
1546231865.48
1546231865.52
1546231865.55
1546231865.58
1546231865.62
1546231865.65
1546231865.68
1546231865.72
1546231865.75
1546231865.78
1546231865.82
1546231865.85
1546231865.88
1546231865.91
1546231865.95
1546231865.98
1546231866.02
1546231866.05
1546231866.08
1546231866.11
1546231866.15
1546231866.18
1546231866.21
1546231866.25
1546231866.28
1546231866.31
1546231866.35
1546231866.38
1546231866.41
1546231866.45
1546231866.48
1546231866.52
1546231866.55
1546231866.58
1546231866.62
1546231866.65
1546231866.68
1546231866.72
1546231866.75
1546231866.78
1546231866.81
1546231866.85
1546231866.88
1546231866.91
1546231866.95
1546231866.98
1546231867.01
1546231867.05
1546231867.08
1546231867.11
1546231867.15
1546231867.18
1546231867.21
1546231867.25
1546231867.28
1546231867.31
1546231867.35
1546231867.38
1546231867.41
1546231867.45
1546231867.48
1546231867.51
1546231867.55
1546231867.58
1546231867.61
1546231867.65
1546231867.68
1546231867.71
1546231867.75
1546231867.78
1546231867.81
1546231867.85
1546231867.88
1546231867.91
1546231867.95
1546231867.98
1546231868.01
1546231868.05
1546231868.08
1546231868.11
1546231868.15
1546231868.18
1546231868.21
1546231868.25
1546231868.28
1546231868.32
1546231868.35
1546231868.38
1546231868.41
1546231868.45
1546231868.48
1546231868.51
1546231868.55
1546231868.58
1546231868.62
1546231868.65
1546231868.68
1546231868.71
1546231868.75
1546231868.78
1546231868.81
1546231868.85
1546231868.88
1546231868.91
1546231868.95
1546231868.98
1546231869.02
1546231869.05
1546231869.08
1546231869.11
1546231869.15
1546231869.18
1546231869.21
1546231869.25
1546231869.28
1546231869.32
1546231869.35
1546231869.38
1546231869.41
1546231869.45
1546231869.48
1546231869.51
1546231869.55
1546231869.58
1546231869.61
1546231869.65
1546231869.68
1546231869.71
1546231869.75
1546231869.78
1546231869.81
1546231869.85
1546231869.88
1546231869.91
1546231869.95
1546231869.98
1546231870.01
1546231870.05
1546231870.08
1546231870.12
1546231870.15
1546231870.18
1546231870.21
1546231870.25
1546231870.28
1546231870.32
1546231870.35
1546231870.38
1546231870.41
1546231870.45
1546231870.48
1546231870.51
1546231870.55
1546231870.58
1546231870.61
1546231870.65
1546231870.68
1546231870.71
1546231870.75
1546231870.78
1546231870.81
1546231870.85
1546231870.88
1546231870.91
1546231870.95
1546231870.98
1546231871.01
1546231871.05
1546231871.08
1546231871.11
1546231871.15
1546231871.18
1546231871.21
1546231871.25
1546231871.28
1546231871.31
1546231871.35
1546231871.38
1546231871.41
1546231871.45
1546231871.48
1546231871.51
1546231871.55
1546231871.58
1546231871.61
1546231871.65
1546231871.68
1546231871.71
1546231871.75
1546231871.78
1546231871.81
1546231871.85
1546231871.88
1546231871.91
1546231871.95
1546231871.98
1546231872.01
1546231872.05
1546231872.08
1546231872.11
1546231872.15
1546231872.18
1546231872.21
1546231872.24
1546231872.28
1546231872.31
1546231872.35
1546231872.38
1546231872.41
1546231872.45
1546231872.48
1546231872.51
1546231872.55
1546231872.58
1546231872.61
1546231872.65
1546231872.68
1546231872.71
1546231872.75
1546231872.78
1546231872.81
1546231872.85
1546231872.88
1546231872.91
1546231872.95
1546231872.98
1546231873.01
1546231873.05
1546231873.08
1546231873.11
1546231873.15
1546231873.18
1546231873.21
1546231873.25
1546231873.28
1546231873.31
1546231873.35
1546231873.38
1546231873.41
1546231873.45
1546231873.48
1546231873.51
1546231873.55
1546231873.58
1546231873.61
1546231873.65
1546231873.68
1546231873.71
1546231873.75
1546231873.78
1546231873.81
1546231873.85
1546231873.88
1546231873.91
1546231873.95
1546231873.98
1546231874.01
1546231874.05
1546231874.08
1546231874.11
1546231874.15
1546231874.18
1546231874.21
1546231874.25
1546231874.28
1546231874.31
1546231874.35
1546231874.38
1546231874.41
1546231874.45
1546231874.48
1546231874.51
1546231874.55
1546231874.58
1546231874.61
1546231874.65
1546231874.68
1546231874.71
1546231874.75
1546231874.78
1546231874.81
1546231874.85
1546231874.88
1546231874.91
1546231874.95
1546231874.98
1546231875.01
1546231875.05
1546231875.08
1546231875.11
1546231875.15
1546231875.18
1546231875.21
1546231875.25
1546231875.28
1546231875.31
1546231875.35
1546231875.38
1546231875.41
1546231875.45
1546231875.48
1546231875.51
1546231875.55
1546231875.58
1546231875.62
1546231875.65
1546231875.68
1546231875.71
1546231875.75
1546231875.78
1546231875.81
1546231875.85
1546231875.88
1546231875.91
1546231875.95
1546231875.98
1546231876.01
1546231876.05
1546231876.08
1546231876.11
1546231876.15
1546231876.18
1546231876.21
1546231876.25
1546231876.28
1546231876.31
1546231876.35
1546231876.38
1546231876.41
1546231876.45
1546231876.48
1546231876.51
1546231876.55
1546231876.58
1546231876.61
1546231876.65
1546231876.68
1546231876.71
1546231876.75
1546231876.78
1546231876.81
1546231876.85
1546231876.88
1546231876.91
1546231876.95
1546231876.98
1546231877.02
1546231877.05
1546231877.08
1546231877.11
1546231877.15
1546231877.18
1546231877.21
1546231877.25
1546231877.28
1546231877.32
1546231877.35
1546231877.38
1546231877.41
1546231877.45
1546231877.48
1546231877.51
1546231877.55
1546231877.58
1546231877.61
1546231877.65
1546231877.68
1546231877.71
1546231877.75
1546231877.78
1546231877.81
1546231877.85
1546231877.88
1546231877.91
1546231877.95
1546231877.98
1546231878.01
1546231878.05
1546231878.08
1546231878.11
1546231878.15
1546231878.18
1546231878.21
1546231878.25
1546231878.28
1546231878.32
1546231878.35
1546231878.38
1546231878.41
1546231878.45
1546231878.48
1546231878.51
1546231878.55
1546231878.58
1546231878.62
1546231878.65
1546231878.68
1546231878.71
1546231878.75
1546231878.78
1546231878.82
1546231878.85
1546231878.88
1546231878.91
1546231878.95
1546231878.98
1546231879.01
1546231879.05
1546231879.08
1546231879.12
1546231879.15
1546231879.18
1546231879.22
1546231879.25
1546231879.28
1546231879.32
1546231879.35
1546231879.38
1546231879.41
1546231879.45
1546231879.48
1546231879.52
1546231879.55
1546231879.58
1546231879.62
1546231879.65
1546231879.68
1546231879.71
1546231879.75
1546231879.78
1546231879.82
1546231879.85
1546231879.88
1546231879.92
1546231879.95
1546231879.98
1546231880.02
1546231880.05
1546231880.08
1546231880.12
1546231880.15
1546231880.18
1546231880.21
1546231880.25
1546231880.28
1546231880.32
1546231880.35
1546231880.38
1546231880.42
1546231880.45
1546231880.48
1546231880.52
1546231880.55
1546231880.58
1546231880.62
1546231880.65
1546231880.68
1546231880.72
1546231880.75
1546231880.78
1546231880.81
1546231880.84
1546231880.88
1546231880.91
1546231880.94
1546231880.98
1546231881.01
1546231881.04
1546231881.08
1546231881.11
1546231881.14
1546231881.18
1546231881.21
1546231881.24
1546231881.28
1546231881.31
1546231881.34
1546231881.38
1546231881.41
1546231881.44
1546231881.48
1546231881.51
1546231881.54
1546231881.58
1546231881.61
1546231881.64
1546231881.68
1546231881.71
1546231881.74
1546231881.78
1546231881.81
1546231881.84
1546231881.88
1546231881.91
1546231881.94
1546231881.98
1546231882.01
1546231882.04
1546231882.08
1546231882.11
1546231882.14
1546231882.18
1546231882.21
1546231882.24
1546231882.28
1546231882.31
1546231882.35
1546231882.38
1546231882.41
1546231882.44
1546231882.48
1546231882.51
1546231882.54
1546231882.58
1546231882.61
1546231882.64
1546231882.68
1546231882.71
1546231882.74
1546231882.78
1546231882.81
1546231882.84
1546231882.88
1546231882.91
1546231882.94
1546231882.98
1546231883.01
1546231883.04
1546231883.08
1546231883.11
1546231883.14
1546231883.18
1546231883.21
1546231883.24
1546231883.28
1546231883.31
1546231883.34
1546231883.38
1546231883.41
1546231883.44
1546231883.48
1546231883.51
1546231883.54
1546231883.58
1546231883.61
1546231883.64
1546231883.68
1546231883.71
1546231883.74
1546231883.78
1546231883.81
1546231883.84
1546231883.88
1546231883.91
1546231883.94
1546231883.98
1546231884.01
1546231884.04
1546231884.08
1546231884.11
1546231884.14
1546231884.18
1546231884.21
1546231884.24
1546231884.28
1546231884.31
1546231884.34
1546231884.38
1546231884.41
1546231884.44
1546231884.48
1546231884.51
1546231884.54
1546231884.58
1546231884.61
1546231884.64
1546231884.68
1546231884.71
1546231884.74
1546231884.78
1546231884.81
1546231884.84
1546231884.88
1546231884.91
1546231884.94
1546231884.98
1546231885.01
1546231885.04
1546231885.08
1546231885.11
1546231885.14
1546231885.18
1546231885.21
1546231885.24
1546231885.28
1546231885.31
1546231885.34
1546231885.38
1546231885.41
1546231885.44
1546231885.47
1546231885.51
1546231885.54
1546231885.58
1546231885.61
1546231885.64
1546231885.68
1546231885.71
1546231885.74
1546231885.78
1546231885.81
1546231885.84
1546231885.88
1546231885.91
1546231885.94
1546231885.98
1546231886.01
1546231886.04
1546231886.08
1546231886.11
1546231886.14
1546231886.18
1546231886.21
1546231886.24
1546231886.28
1546231886.31
1546231886.34
1546231886.38
1546231886.41
1546231886.44
1546231886.48
1546231886.51
1546231886.54
1546231886.58
1546231886.61
1546231886.64
1546231886.68
1546231886.71
1546231886.74
1546231886.78
1546231886.81
1546231886.84
1546231886.88
1546231886.91
1546231886.94
1546231886.98
1546231887.01
1546231887.04
1546231887.08
1546231887.11
1546231887.14
1546231887.18
1546231887.21
1546231887.24
1546231887.28
1546231887.31
1546231887.34
1546231887.38
1546231887.41
1546231887.44
1546231887.48
1546231887.51
1546231887.54
1546231887.58
1546231887.61
1546231887.64
1546231887.68
1546231887.71
1546231887.74
1546231887.77
1546231887.81
1546231887.84
1546231887.88
1546231887.91
1546231887.94
1546231887.97
1546231888.01
1546231888.04
1546231888.08
1546231888.11
1546231888.14
1546231888.18
1546231888.21
1546231888.24
1546231888.28
1546231888.31
1546231888.34
1546231888.38
1546231888.41
1546231888.44
1546231888.48
1546231888.51
1546231888.54
1546231888.58
1546231888.61
1546231888.64
1546231888.67
1546231888.71
1546231888.74
1546231888.78
1546231888.81
1546231888.84
1546231888.88
1546231888.91
1546231888.94
1546231888.97
1546231889.01
1546231889.04
1546231889.08
1546231889.11
1546231889.14
1546231889.18
1546231889.21
1546231889.24
1546231889.28
1546231889.31
1546231889.34
1546231889.38
1546231889.41
1546231889.44
1546231889.48
1546231889.51
1546231889.54
1546231889.58
1546231889.61
1546231889.64
1546231889.68
1546231889.71
1546231889.74
1546231889.78
1546231889.81
1546231889.84
1546231889.88
1546231889.91
1546231889.94
1546231889.98
1546231890.01
1546231890.04
1546231890.08
1546231890.11
1546231890.14
1546231890.17
1546231890.21
1546231890.24
1546231890.28
1546231890.31
1546231890.34
1546231890.38
1546231890.41
1546231890.44
1546231890.47
1546231890.51
1546231890.54
1546231890.58
1546231890.61
1546231890.64
1546231890.68
1546231890.71
1546231890.74
1546231890.78
1546231890.81
1546231890.84
1546231890.88
1546231890.91
1546231890.94
1546231890.97
1546231891.01
1546231891.04
1546231891.08
1546231891.11
1546231891.14
1546231891.18
1546231891.21
1546231891.24
1546231891.28
1546231891.31
1546231891.34
1546231891.38
1546231891.41
1546231891.44
1546231891.47
1546231891.51
1546231891.54
1546231891.58
1546231891.61
1546231891.64
1546231891.67
1546231891.71
1546231891.74
1546231891.78
1546231891.81
1546231891.84
1546231891.88
1546231891.91
1546231891.94
1546231891.98
1546231892.01
1546231892.04
1546231892.07
1546231892.11
1546231892.14
1546231892.17
1546231892.21
1546231892.24
1546231892.28
1546231892.31
1546231892.34
1546231892.38
1546231892.41
1546231892.44
1546231892.47
1546231892.51
1546231892.54
1546231892.57
1546231892.61
1546231892.64
1546231892.67
1546231892.71
1546231892.74
1546231892.77
1546231892.81
1546231892.84
1546231892.88
1546231892.91
1546231892.94
1546231892.97
1546231893.01
1546231893.04
1546231893.07
1546231893.11
1546231893.14
1546231893.17
1546231893.21
1546231893.24
1546231893.27
1546231893.31
1546231893.34
1546231893.37
1546231893.41
1546231893.44
1546231893.47
1546231893.51
1546231893.54
1546231893.57
1546231893.61
1546231893.64
1546231893.67
1546231893.71
1546231893.74
1546231893.77
1546231893.81
1546231893.84
1546231893.87
1546231893.91
1546231893.94
1546231893.97
1546231894.01
1546231894.04
1546231894.07
1546231894.11
1546231894.14
1546231894.17
1546231894.21
1546231894.24
1546231894.27
1546231894.31
1546231894.34
1546231894.37
1546231894.41
1546231894.44
1546231894.47
1546231894.51
1546231894.54
1546231894.57
1546231894.61
1546231894.64
1546231894.67
1546231894.71
1546231894.74
1546231894.77
1546231894.81
1546231894.84
1546231894.87
1546231894.91
1546231894.94
1546231894.97
1546231895.01
1546231895.04
1546231895.07
1546231895.11
1546231895.14
1546231895.17
1546231895.21
1546231895.24
1546231895.27
1546231895.31
1546231895.34
1546231895.37
1546231895.41
1546231895.44
1546231895.47
1546231895.51
1546231895.54
1546231895.57
1546231895.61
1546231895.64
1546231895.67
1546231895.7
1546231895.74
1546231895.77
1546231895.81
1546231895.84
1546231895.87
1546231895.91
1546231895.94
1546231895.97
1546231896.01
1546231896.04
1546231896.07
1546231896.11
1546231896.14
1546231896.17
1546231896.21
1546231896.24
1546231896.27
1546231896.31
1546231896.34
1546231896.37
1546231896.41
1546231896.44
1546231896.47
1546231896.51
1546231896.54
1546231896.57
1546231896.61
1546231896.64
1546231896.67
1546231896.71
1546231896.74
1546231896.77
1546231896.81
1546231896.84
1546231896.87
1546231896.91
1546231896.94
1546231896.97
1546231897.01
1546231897.04
1546231897.07
1546231897.11
1546231897.14
1546231897.17
1546231897.21
1546231897.24
1546231897.27
1546231897.31
1546231897.34
1546231897.37
1546231897.41
1546231897.44
1546231897.47
1546231897.51
1546231897.54
1546231897.57
1546231897.61
1546231897.64
1546231897.67
1546231897.7
1546231897.74
1546231897.77
1546231897.81
1546231897.84
1546231897.87
1546231897.9
1546231897.94
1546231897.97
1546231898.0
1546231898.04
1546231898.07
1546231898.11
1546231898.14
1546231898.17
1546231898.2
1546231898.24
1546231898.27
1546231898.3
1546231898.34
1546231898.37
1546231898.4
1546231898.44
1546231898.47
1546231898.51
1546231898.54
1546231898.57
1546231898.61
1546231898.64
1546231898.67
1546231898.7
1546231898.74
1546231898.77
1546231898.8
1546231898.84
1546231898.87
1546231898.9
1546231898.94
1546231898.97
1546231899.01
1546231899.04
1546231899.07
1546231899.11
1546231899.14
1546231899.17
1546231899.2
1546231899.24
1546231899.27
1546231899.31
1546231899.34
1546231899.37
1546231899.4
1546231899.44
1546231899.47
1546231899.5
1546231899.54
1546231899.57
1546231899.61
1546231899.64
1546231899.67
1546231899.71
1546231899.74
1546231899.77
1546231899.81
1546231899.84
1546231899.87
1546231899.91
1546231899.94
1546231899.97
1546231900.01
1546231900.04
1546231900.07
1546231900.11
1546231900.14
1546231900.17
1546231900.21
1546231900.24
1546231900.27
1546231900.31
1546231900.34
1546231900.38
1546231900.41
1546231900.44
1546231900.47
1546231900.51
1546231900.54
1546231900.57
1546231900.61
1546231900.64
1546231900.67
1546231900.71
1546231900.74
1546231900.77
1546231900.81
1546231900.84
1546231900.87
1546231900.91
1546231900.94
1546231900.97
1546231901.01
1546231901.04
1546231901.08
1546231901.11
1546231901.14
1546231901.18
1546231901.21
1546231901.24
1546231901.28
1546231901.31
1546231901.34
1546231901.38
1546231901.41
1546231901.44
1546231901.47
1546231901.51
1546231901.54
1546231901.58
1546231901.61
1546231901.64
1546231901.67
1546231901.71
1546231901.74
1546231901.78
1546231901.81
1546231901.84
1546231901.88
1546231901.91
1546231901.94
1546231901.98
1546231902.01
1546231902.04
1546231902.08
1546231902.11
1546231902.14
1546231902.18
1546231902.21
1546231902.24
1546231902.28
1546231902.31
1546231902.34
1546231902.38
1546231902.41
1546231902.44
1546231902.48
1546231902.51
1546231902.54
1546231902.58
1546231902.61
1546231902.64
1546231902.68
1546231902.71
1546231902.74
1546231902.78
1546231902.81
1546231902.84
1546231902.88
1546231902.91
1546231902.94
1546231902.98
1546231903.01
1546231903.04
1546231903.08
1546231903.11
1546231903.14
1546231903.18
1546231903.21
1546231903.24
1546231903.28
1546231903.31
1546231903.34
1546231903.38
1546231903.41
1546231903.44
1546231903.48
1546231903.51
1546231903.55
1546231903.58
1546231903.61
1546231903.64
1546231903.68
1546231903.71
1546231903.74
1546231903.78
1546231903.81
1546231903.84
1546231903.87
1546231903.9
1546231903.94
1546231903.97
1546231904.0
1546231904.04
1546231904.07
1546231904.1
1546231904.14
1546231904.17
1546231904.2
1546231904.24
1546231904.27
1546231904.3
1546231904.34
1546231904.37
1546231904.4
1546231904.44
1546231904.47
1546231904.5
1546231904.54
1546231904.57
1546231904.6
1546231904.64
1546231904.67
1546231904.7
1546231904.74
1546231904.77
1546231904.8
1546231904.84
1546231904.87
1546231904.9
1546231904.94
1546231904.97
1546231905.01
1546231905.04
1546231905.07
1546231905.11
1546231905.14
1546231905.17
1546231905.2
1546231905.24
1546231905.27
1546231905.31
1546231905.34
1546231905.37
1546231905.4
1546231905.44
1546231905.47
1546231905.5
1546231905.54
1546231905.57
1546231905.6
1546231905.64
1546231905.67
1546231905.7
1546231905.74
1546231905.77
1546231905.8
1546231905.84
1546231905.87
1546231905.9
1546231905.94
1546231905.97
1546231906.0
1546231906.04
1546231906.07
1546231906.1
1546231906.14
1546231906.17
1546231906.2
1546231906.24
1546231906.27
1546231906.3
1546231906.34
1546231906.37
1546231906.4
1546231906.44
1546231906.47
1546231906.5
1546231906.54
1546231906.57
1546231906.6
1546231906.64
1546231906.67
1546231906.7
1546231906.74
1546231906.77
1546231906.8
1546231906.84
1546231906.87
1546231906.9
1546231906.94
1546231906.97
1546231907.0
1546231907.04
1546231907.07
1546231907.1
1546231907.14
1546231907.17
1546231907.2
1546231907.24
1546231907.27
1546231907.3
1546231907.34
1546231907.37
1546231907.4
1546231907.44
1546231907.47
1546231907.5
1546231907.54
1546231907.57
1546231907.6
1546231907.64
1546231907.67
1546231907.7
1546231907.74
1546231907.77
1546231907.8
1546231907.84
1546231907.87
1546231907.9
1546231907.94
1546231907.97
1546231908.0
1546231908.04
1546231908.07
1546231908.1
1546231908.13
1546231908.17
1546231908.2
1546231908.24
1546231908.27
1546231908.3
1546231908.34
1546231908.37
1546231908.4
1546231908.44
1546231908.47
1546231908.5
1546231908.54
1546231908.57
1546231908.6
1546231908.64
1546231908.67
1546231908.7
1546231908.74
1546231908.77
1546231908.8
1546231908.84
1546231908.87
1546231908.9
1546231908.94
1546231908.97
1546231909.0
1546231909.04
1546231909.07
1546231909.1
1546231909.14
1546231909.17
1546231909.2
1546231909.23
1546231909.27
1546231909.3
1546231909.34
1546231909.37
1546231909.4
1546231909.44
1546231909.47
1546231909.5
1546231909.54
1546231909.57
1546231909.6
1546231909.64
1546231909.67
1546231909.7
1546231909.74
1546231909.77
1546231909.8
1546231909.84
1546231909.87
1546231909.9
1546231909.93
1546231909.97
1546231910.0
1546231910.04
1546231910.07
1546231910.1
1546231910.13
1546231910.17
1546231910.2
1546231910.23
1546231910.27
1546231910.3
1546231910.34
1546231910.37
1546231910.4
1546231910.43
1546231910.47
1546231910.5
1546231910.53
1546231910.57
1546231910.6
1546231910.63
1546231910.67
1546231910.7
1546231910.73
1546231910.77
1546231910.8
1546231910.84
1546231910.87
1546231910.9
1546231910.93
1546231910.97
1546231911.0
1546231911.04
1546231911.07
1546231911.1
1546231911.13
1546231911.17
1546231911.2
1546231911.23
1546231911.27
1546231911.3
1546231911.34
1546231911.37
1546231911.4
1546231911.44
1546231911.47
1546231911.5
1546231911.54
1546231911.57
1546231911.6
1546231911.63
1546231911.67
1546231911.7
1546231911.73
1546231911.77
1546231911.8
1546231911.84
1546231911.87
1546231911.9
1546231911.93
1546231911.97
1546231912.0
1546231912.03
1546231912.07
1546231912.1
1546231912.13
1546231912.17
1546231912.2
1546231912.23
1546231912.27
1546231912.3
1546231912.33
1546231912.37
1546231912.4
1546231912.43
1546231912.47
1546231912.5
1546231912.54
1546231912.57
1546231912.6
1546231912.63
1546231912.67
1546231912.7
1546231912.73
1546231912.77
1546231912.8
1546231912.83
1546231912.87
1546231912.9
1546231912.93
1546231912.97
1546231913.0
1546231913.03
1546231913.07
1546231913.1
1546231913.13
1546231913.17
1546231913.2
1546231913.23
1546231913.27
1546231913.3
1546231913.34
1546231913.37
1546231913.4
1546231913.43
1546231913.47
1546231913.5
1546231913.53
1546231913.57
1546231913.6
1546231913.63
1546231913.67
1546231913.7
1546231913.73
1546231913.77
1546231913.8
1546231913.84
1546231913.87
1546231913.9
1546231913.93
1546231913.97
1546231914.0
1546231914.03
1546231914.07
1546231914.1
1546231914.13
1546231914.17
1546231914.2
1546231914.23
1546231914.27
1546231914.3
1546231914.34
1546231914.37
1546231914.4
1546231914.43
