1546226005.3
1546226005.45
1546226005.48
1546226005.51
1546226005.54
1546226005.57
1546226005.6
1546226005.63
1546226005.66
1546226005.69
1546226005.73
1546226005.76
1546226005.8
1546226005.83
1546226005.86
1546226005.89
1546226005.93
1546226005.96
1546226005.99
1546226006.03
1546226006.06
1546226006.09
1546226006.13
1546226006.16
1546226006.19
1546226006.23
1546226006.26
1546226006.29
1546226006.33
1546226006.36
1546226006.39
1546226006.43
1546226006.46
1546226006.49
1546226006.53
1546226006.56
1546226006.59
1546226006.63
1546226006.66
1546226006.69
1546226006.73
1546226006.76
1546226006.79
1546226006.83
1546226006.86
1546226006.89
1546226006.93
1546226006.96
1546226006.99
1546226007.03
1546226007.06
1546226007.09
1546226007.13
1546226007.16
1546226007.19
1546226007.23
1546226007.26
1546226007.29
1546226007.33
1546226007.36
1546226007.39
1546226007.43
1546226007.46
1546226007.49
1546226007.53
1546226007.56
1546226007.59
1546226007.62
1546226007.66
1546226007.69
1546226007.73
1546226007.76
1546226007.79
1546226007.83
1546226007.86
1546226007.89
1546226007.93
1546226007.96
1546226007.99
1546226008.03
1546226008.06
1546226008.09
1546226008.12
1546226008.16
1546226008.19
1546226008.23
1546226008.26
1546226008.29
1546226008.33
1546226008.36
1546226008.39
1546226008.42
1546226008.46
1546226008.49
1546226008.53
1546226008.56
1546226008.59
1546226008.62
1546226008.66
1546226008.69
1546226008.72
1546226008.76
1546226008.79
1546226008.83
1546226008.86
1546226008.89
1546226008.92
1546226008.96
1546226008.99
1546226009.02
1546226009.06
1546226009.09
1546226009.12
1546226009.16
1546226009.19
1546226009.22
1546226009.26
1546226009.29
1546226009.32
1546226009.36
1546226009.39
1546226009.42
1546226009.46
1546226009.49
1546226009.52
1546226009.56
1546226009.59
1546226009.62
1546226009.66
1546226009.69
1546226009.72
1546226009.76
1546226009.79
1546226009.82
1546226009.86
1546226009.89
1546226009.92
1546226009.96
1546226009.99
1546226010.02
1546226010.06
1546226010.09
1546226010.12
1546226010.15
1546226010.19
1546226010.22
1546226010.26
1546226010.29
1546226010.32
1546226010.36
1546226010.39
1546226010.42
1546226010.46
1546226010.49
1546226010.52
1546226010.56
1546226010.59
1546226010.62
1546226010.66
1546226010.69
1546226010.72
1546226010.76
1546226010.79
1546226010.82
1546226010.86
1546226010.89
1546226010.92
1546226010.96
1546226010.99
1546226011.02
1546226011.06
1546226011.09
1546226011.12
1546226011.16
1546226011.19
1546226011.22
1546226011.26
1546226011.29
1546226011.32
1546226011.36
1546226011.39
1546226011.42
1546226011.46
1546226011.49
1546226011.52
1546226011.56
1546226011.59
1546226011.62
1546226011.66
1546226011.69
1546226011.72
1546226011.76
1546226011.79
1546226011.82
1546226011.86
1546226011.89
1546226011.92
1546226011.96
1546226011.99
1546226012.02
1546226012.06
1546226012.09
1546226012.12
1546226012.16
1546226012.19
1546226012.22
1546226012.26
1546226012.29
1546226012.32
1546226012.36
1546226012.39
1546226012.42
1546226012.46
1546226012.49
1546226012.52
1546226012.56
1546226012.59
1546226012.62
1546226012.65
1546226012.69
1546226012.72
1546226012.76
1546226012.79
1546226012.82
1546226012.86
1546226012.89
1546226012.92
1546226012.95
1546226012.99
1546226013.02
1546226013.06
1546226013.09
1546226013.12
1546226013.15
1546226013.19
1546226013.22
1546226013.26
1546226013.29
1546226013.32
1546226013.36
1546226013.39
1546226013.42
1546226013.46
1546226013.49
1546226013.52
1546226013.56
1546226013.59
1546226013.62
1546226013.66
1546226013.69
1546226013.72
1546226013.76
1546226013.79
1546226013.82
1546226013.86
1546226013.89
1546226013.92
1546226013.96
1546226013.99
1546226014.02
1546226014.06
1546226014.09
1546226014.12
1546226014.16
1546226014.19
1546226014.22
1546226014.26
1546226014.29
1546226014.32
1546226014.36
1546226014.39
1546226014.42
1546226014.46
1546226014.49
1546226014.53
1546226014.56
1546226014.59
1546226014.62
1546226014.66
1546226014.69
1546226014.72
1546226014.76
1546226014.79
1546226014.83
1546226014.86
1546226014.89
1546226014.93
1546226014.96
1546226014.99
1546226015.03
1546226015.06
1546226015.09
1546226015.12
1546226015.16
1546226015.19
1546226015.22
1546226015.26
1546226015.29
1546226015.33
1546226015.36
1546226015.39
1546226015.43
1546226015.46
1546226015.49
1546226015.53
1546226015.56
1546226015.59
1546226015.62
1546226015.66
1546226015.69
1546226015.73
1546226015.76
1546226015.79
1546226015.83
1546226015.86
1546226015.89
1546226015.92
1546226015.96
1546226015.99
1546226016.03
1546226016.06
1546226016.09
1546226016.12
1546226016.16
1546226016.19
1546226016.23
1546226016.26
1546226016.29
1546226016.33
1546226016.36
1546226016.39
1546226016.43
1546226016.46
1546226016.49
1546226016.53
1546226016.56
1546226016.59
1546226016.63
1546226016.66
1546226016.69
1546226016.73
1546226016.76
1546226016.79
1546226016.83
1546226016.86
1546226016.89
1546226016.93
1546226016.96
1546226016.99
1546226017.03
1546226017.06
1546226017.09
1546226017.13
1546226017.16
1546226017.19
1546226017.23
1546226017.26
1546226017.29
1546226017.33
1546226017.36
1546226017.39
1546226017.43
1546226017.46
1546226017.49
1546226017.53
1546226017.56
1546226017.59
1546226017.63
1546226017.66
1546226017.69
1546226017.73
1546226017.76
1546226017.79
1546226017.83
1546226017.86
1546226017.89
1546226017.93
1546226017.96
1546226017.99
1546226018.03
1546226018.06
1546226018.1
1546226018.13
1546226018.16
1546226018.19
1546226018.22
1546226018.25
1546226018.29
1546226018.32
1546226018.35
1546226018.39
1546226018.42
1546226018.45
1546226018.49
1546226018.52
1546226018.55
1546226018.59
1546226018.62
1546226018.65
1546226018.69
1546226018.72
1546226018.75
1546226018.79
1546226018.82
1546226018.85
1546226018.89
1546226018.92
1546226018.95
1546226018.99
1546226019.02
1546226019.05
1546226019.09
1546226019.12
1546226019.15
1546226019.19
1546226019.22
1546226019.25
1546226019.29
1546226019.32
1546226019.35
1546226019.39
1546226019.42
1546226019.45
1546226019.49
1546226019.52
1546226019.55
1546226019.59
1546226019.62
1546226019.65
1546226019.68
1546226019.72
1546226019.75
1546226019.79
1546226019.82
1546226019.85
1546226019.88
1546226019.92
1546226019.95
1546226019.98
1546226020.02
1546226020.05
1546226020.09
1546226020.12
1546226020.15
1546226020.19
1546226020.22
1546226020.25
1546226020.29
1546226020.32
1546226020.35
1546226020.38
1546226020.42
1546226020.45
1546226020.48
1546226020.52
1546226020.55
1546226020.59
1546226020.62
1546226020.65
1546226020.68
1546226020.72
1546226020.75
1546226020.79
1546226020.82
1546226020.85
1546226020.88
1546226020.92
1546226020.95
1546226020.98
1546226021.02
1546226021.05
1546226021.09
1546226021.12
1546226021.15
1546226021.18
1546226021.22
1546226021.25
1546226021.29
1546226021.32
1546226021.35
1546226021.38
1546226021.42
1546226021.45
1546226021.48
1546226021.52
1546226021.55
1546226021.59
1546226021.62
1546226021.65
1546226021.68
1546226021.72
1546226021.75
1546226021.79
1546226021.82
1546226021.85
1546226021.88
1546226021.92
1546226021.95
1546226021.98
1546226022.02
1546226022.05
1546226022.09
1546226022.12
1546226022.15
1546226022.19
1546226022.22
1546226022.25
1546226022.29
1546226022.32
1546226022.35
1546226022.39
1546226022.42
1546226022.45
1546226022.49
1546226022.52
1546226022.55
1546226022.59
1546226022.62
1546226022.65
1546226022.69
1546226022.72
1546226022.75
1546226022.79
1546226022.82
1546226022.85
1546226022.89
1546226022.92
1546226022.95
1546226022.99
1546226023.02
1546226023.05
1546226023.09
1546226023.12
1546226023.15
1546226023.19
1546226023.22
1546226023.25
1546226023.29
1546226023.32
1546226023.35
1546226023.39
1546226023.42
1546226023.45
1546226023.49
1546226023.52
1546226023.55
1546226023.59
1546226023.62
1546226023.65
1546226023.69
1546226023.72
1546226023.75
1546226023.79
1546226023.82
1546226023.85
1546226023.89
1546226023.92
1546226023.95
1546226023.98
1546226024.02
1546226024.05
1546226024.09
1546226024.12
1546226024.15
1546226024.18
1546226024.22
1546226024.25
1546226024.29
1546226024.32
1546226024.35
1546226024.38
1546226024.42
1546226024.45
1546226024.48
1546226024.52
1546226024.55
1546226024.59
1546226024.62
1546226024.65
1546226024.68
1546226024.72
1546226024.75
1546226024.78
1546226024.82
1546226024.85
1546226024.88
1546226024.92
1546226024.95
1546226024.98
1546226025.02
1546226025.05
1546226025.08
1546226025.12
1546226025.15
1546226025.18
1546226025.22
1546226025.25
1546226025.28
1546226025.32
1546226025.35
1546226025.38
1546226025.42
1546226025.45
1546226025.48
1546226025.52
1546226025.55
1546226025.58
1546226025.62
1546226025.65
1546226025.68
1546226025.72
1546226025.75
1546226025.79
1546226025.82
1546226025.85
1546226025.88
1546226025.92
1546226025.95
1546226025.98
1546226026.02
1546226026.05
1546226026.08
1546226026.12
1546226026.15
1546226026.18
1546226026.22
1546226026.25
1546226026.28
1546226026.32
1546226026.35
1546226026.38
1546226026.42
1546226026.45
1546226026.48
1546226026.52
1546226026.55
1546226026.58
1546226026.62
1546226026.65
1546226026.68
1546226026.72
1546226026.75
1546226026.79
1546226026.82
1546226026.85
1546226026.88
1546226026.92
1546226026.95
1546226026.99
1546226027.02
1546226027.05
1546226027.08
1546226027.12
1546226027.15
1546226027.18
1546226027.22
1546226027.25
1546226027.29
1546226027.32
1546226027.35
1546226027.38
1546226027.42
1546226027.45
1546226027.48
1546226027.52
1546226027.55
1546226027.58
1546226027.62
1546226027.65
1546226027.68
1546226027.72
1546226027.75
1546226027.78
1546226027.82
1546226027.85
1546226027.88
1546226027.92
1546226027.95
1546226027.98
1546226028.02
1546226028.05
1546226028.08
1546226028.12
1546226028.15
1546226028.18
1546226028.22
1546226028.25
1546226028.28
1546226028.32
1546226028.35
1546226028.38
1546226028.42
1546226028.45
1546226028.48
1546226028.52
1546226028.55
1546226028.58
1546226028.62
1546226028.65
1546226028.68
1546226028.72
1546226028.75
1546226028.78
1546226028.82
1546226028.85
1546226028.88
1546226028.92
1546226028.95
1546226028.98
1546226029.02
1546226029.05
1546226029.08
1546226029.12
1546226029.15
1546226029.18
1546226029.22
1546226029.25
1546226029.28
1546226029.32
1546226029.35
1546226029.38
1546226029.42
1546226029.45
1546226029.48
1546226029.52
1546226029.55
1546226029.58
1546226029.62
1546226029.65
1546226029.68
1546226029.72
1546226029.75
1546226029.78
1546226029.82
1546226029.85
1546226029.88
1546226029.92
1546226029.95
1546226029.98
1546226030.02
1546226030.05
1546226030.08
1546226030.12
1546226030.15
1546226030.18
1546226030.22
1546226030.25
1546226030.28
1546226030.32
1546226030.35
1546226030.38
1546226030.42
1546226030.45
1546226030.48
1546226030.52
1546226030.55
1546226030.58
1546226030.62
1546226030.65
1546226030.68
1546226030.72
1546226030.75
1546226030.78
1546226030.82
1546226030.85
1546226030.88
1546226030.92
1546226030.95
1546226030.98
1546226031.02
1546226031.05
1546226031.08
1546226031.12
1546226031.15
1546226031.18
1546226031.22
1546226031.25
1546226031.28
1546226031.32
1546226031.35
1546226031.38
1546226031.42
1546226031.45
1546226031.48
1546226031.52
1546226031.55
1546226031.58
1546226031.62
1546226031.65
1546226031.68
1546226031.72
1546226031.75
1546226031.78
1546226031.82
1546226031.85
1546226031.88
1546226031.92
1546226031.95
1546226031.98
1546226032.02
1546226032.05
1546226032.08
1546226032.12
1546226032.15
1546226032.18
1546226032.22
1546226032.25
1546226032.28
1546226032.32
1546226032.35
1546226032.38
1546226032.41
1546226032.45
1546226032.48
1546226032.52
1546226032.55
1546226032.58
1546226032.62
1546226032.65
1546226032.68
1546226032.71
1546226032.75
1546226032.78
1546226032.82
1546226032.85
1546226032.88
1546226032.92
1546226032.95
1546226032.98
1546226033.02
1546226033.05
1546226033.08
1546226033.12
1546226033.15
1546226033.18
1546226033.22
1546226033.25
1546226033.28
1546226033.31
1546226033.35
1546226033.38
1546226033.41
1546226033.45
1546226033.48
1546226033.52
1546226033.55
1546226033.58
1546226033.62
1546226033.65
1546226033.68
1546226033.71
1546226033.75
1546226033.78
1546226033.82
1546226033.85
1546226033.88
1546226033.91
1546226033.95
1546226033.98
1546226034.02
1546226034.05
1546226034.08
1546226034.11
1546226034.15
1546226034.18
1546226034.21
1546226034.25
1546226034.28
1546226034.31
1546226034.35
1546226034.38
1546226034.41
1546226034.45
1546226034.48
1546226034.51
1546226034.55
1546226034.58
1546226034.61
1546226034.65
1546226034.68
1546226034.71
1546226034.75
1546226034.78
1546226034.82
1546226034.85
1546226034.88
1546226034.91
1546226034.95
1546226034.98
1546226035.01
1546226035.05
1546226035.08
1546226035.11
1546226035.15
1546226035.18
1546226035.21
1546226035.25
1546226035.28
1546226035.31
1546226035.35
1546226035.38
1546226035.41
1546226035.45
1546226035.48
1546226035.51
1546226035.55
1546226035.58
1546226035.61
1546226035.65
1546226035.68
1546226035.71
1546226035.75
1546226035.78
1546226035.81
1546226035.85
1546226035.88
1546226035.91
1546226035.95
1546226035.98
1546226036.01
1546226036.05
1546226036.08
1546226036.11
1546226036.15
1546226036.18
1546226036.21
1546226036.25
1546226036.28
1546226036.31
1546226036.35
1546226036.38
1546226036.41
1546226036.45
1546226036.48
1546226036.51
1546226036.55
1546226036.58
1546226036.61
1546226036.65
1546226036.68
1546226036.71
1546226036.74
1546226036.78
1546226036.81
1546226036.85
1546226036.88
1546226036.91
1546226036.94
1546226036.98
1546226037.01
1546226037.05
1546226037.08
1546226037.11
1546226037.15
1546226037.18
1546226037.21
1546226037.24
1546226037.28
1546226037.31
1546226037.35
1546226037.38
1546226037.41
1546226037.44
1546226037.48
1546226037.51
1546226037.55
1546226037.58
1546226037.61
1546226037.64
1546226037.68
1546226037.71
1546226037.74
1546226037.78
1546226037.81
1546226037.85
1546226037.88
1546226037.91
1546226037.94
1546226037.98
1546226038.01
1546226038.05
1546226038.08
1546226038.11
1546226038.14
1546226038.18
1546226038.21
1546226038.24
1546226038.28
1546226038.31
1546226038.35
1546226038.38
1546226038.41
1546226038.44
1546226038.48
1546226038.51
1546226038.55
1546226038.58
1546226038.61
1546226038.64
1546226038.68
1546226038.71
1546226038.74
1546226038.78
1546226038.81
1546226038.85
1546226038.88
1546226038.91
1546226038.94
1546226038.98
1546226039.01
1546226039.05
1546226039.08
1546226039.11
1546226039.15
1546226039.18
1546226039.21
1546226039.25
1546226039.28
1546226039.31
1546226039.35
1546226039.38
1546226039.41
1546226039.45
1546226039.48
1546226039.51
1546226039.55
1546226039.58
1546226039.61
1546226039.65
1546226039.68
1546226039.71
1546226039.75
1546226039.78
1546226039.81
1546226039.85
1546226039.88
1546226039.91
1546226039.95
1546226039.98
1546226040.01
1546226040.05
1546226040.08
1546226040.11
1546226040.15
1546226040.18
1546226040.21
1546226040.25
1546226040.28
1546226040.32
1546226040.35
1546226040.38
1546226040.41
1546226040.45
1546226040.48
1546226040.52
1546226040.55
1546226040.58
1546226040.61
1546226040.65
1546226040.68
1546226040.71
1546226040.75
1546226040.78
1546226040.82
1546226040.85
1546226040.88
1546226040.91
1546226040.95
1546226040.98
1546226041.01
1546226041.05
1546226041.08
1546226041.11
1546226041.15
1546226041.18
1546226041.21
1546226041.25
1546226041.28
1546226041.31
1546226041.35
1546226041.38
1546226041.41
1546226041.45
1546226041.48
1546226041.51
1546226041.55
1546226041.58
1546226041.62
1546226041.65
1546226041.68
1546226041.71
1546226041.75
1546226041.78
1546226041.82
1546226041.85
1546226041.88
1546226041.91
1546226041.95
1546226041.98
1546226042.02
1546226042.05
1546226042.08
1546226042.12
1546226042.15
1546226042.18
1546226042.21
1546226042.24
1546226042.28
1546226042.31
1546226042.34
1546226042.38
1546226042.41
1546226042.44
1546226042.48
1546226042.51
1546226042.54
1546226042.58
1546226042.61
1546226042.64
1546226042.68
1546226042.71
1546226042.74
1546226042.78
1546226042.81
1546226042.84
1546226042.88
1546226042.91
1546226042.94
1546226042.98
1546226043.01
1546226043.04
1546226043.08
1546226043.11
1546226043.14
1546226043.18
1546226043.21
1546226043.24
1546226043.28
1546226043.31
1546226043.34
1546226043.38
1546226043.41
1546226043.44
1546226043.48
1546226043.51
1546226043.54
1546226043.58
1546226043.61
1546226043.64
1546226043.68
1546226043.71
1546226043.74
1546226043.78
1546226043.81
1546226043.84
1546226043.88
1546226043.91
1546226043.94
1546226043.98
1546226044.01
1546226044.04
1546226044.08
1546226044.11
1546226044.14
1546226044.18
1546226044.21
1546226044.24
1546226044.28
1546226044.31
1546226044.34
1546226044.38
1546226044.41
1546226044.44
1546226044.48
1546226044.51
1546226044.54
1546226044.58
1546226044.61
1546226044.64
1546226044.67
1546226044.71
1546226044.74
1546226044.78
1546226044.81
1546226044.84
1546226044.88
1546226044.91
1546226044.94
1546226044.97
1546226045.01
1546226045.04
1546226045.07
1546226045.11
1546226045.14
1546226045.18
1546226045.21
1546226045.24
1546226045.28
1546226045.31
1546226045.34
1546226045.38
1546226045.41
1546226045.44
1546226045.48
1546226045.51
1546226045.54
1546226045.58
1546226045.61
1546226045.64
1546226045.68
1546226045.71
1546226045.74
1546226045.78
1546226045.81
1546226045.84
1546226045.88
1546226045.91
1546226045.94
1546226045.97
1546226046.01
1546226046.04
1546226046.08
1546226046.11
1546226046.14
1546226046.17
1546226046.21
1546226046.24
1546226046.27
1546226046.31
1546226046.34
1546226046.38
1546226046.41
1546226046.44
1546226046.47
1546226046.51
1546226046.54
1546226046.58
1546226046.61
1546226046.64
1546226046.67
1546226046.71
1546226046.74
1546226046.78
1546226046.81
1546226046.84
1546226046.88
1546226046.91
1546226046.94
1546226046.97
1546226047.01
1546226047.04
1546226047.07
1546226047.11
1546226047.14
1546226047.17
1546226047.21
1546226047.24
1546226047.27
1546226047.31
1546226047.34
1546226047.37
1546226047.41
1546226047.44
1546226047.47
1546226047.51
1546226047.54
1546226047.57
1546226047.61
1546226047.64
1546226047.67
1546226047.71
1546226047.74
1546226047.77
1546226047.81
1546226047.84
1546226047.87
1546226047.91
1546226047.94
1546226047.97
1546226048.01
1546226048.04
1546226048.07
1546226048.11
1546226048.14
1546226048.17
1546226048.2
1546226048.24
1546226048.27
1546226048.31
1546226048.34
1546226048.37
1546226048.41
1546226048.44
1546226048.47
1546226048.51
1546226048.54
1546226048.57
1546226048.61
1546226048.64
1546226048.67
1546226048.71
1546226048.74
1546226048.77
1546226048.81
1546226048.84
1546226048.87
1546226048.91
1546226048.94
1546226048.97
1546226049.01
1546226049.04
1546226049.07
1546226049.11
1546226049.14
1546226049.17
1546226049.21
1546226049.24
1546226049.27
1546226049.31
1546226049.34
1546226049.37
1546226049.41
1546226049.44
1546226049.47
1546226049.51
1546226049.54
1546226049.57
1546226049.61
1546226049.64
1546226049.67
1546226049.71
1546226049.74
1546226049.77
1546226049.81
1546226049.84
1546226049.88
1546226049.91
1546226049.94
1546226049.97
1546226050.01
1546226050.04
1546226050.08
1546226050.11
1546226050.14
1546226050.17
1546226050.21
1546226050.24
1546226050.27
1546226050.31
1546226050.34
1546226050.37
1546226050.41
1546226050.44
1546226050.47
1546226050.51
1546226050.54
1546226050.57
1546226050.61
1546226050.64
1546226050.67
1546226050.71
1546226050.74
1546226050.77
1546226050.81
1546226050.84
1546226050.87
1546226050.91
1546226050.94
1546226050.97
1546226051.01
1546226051.04
1546226051.07
1546226051.11
1546226051.14
1546226051.17
1546226051.21
1546226051.24
1546226051.27
1546226051.31
1546226051.34
1546226051.37
1546226051.41
1546226051.44
1546226051.47
1546226051.51
1546226051.54
1546226051.57
1546226051.61
1546226051.64
1546226051.67
1546226051.7
1546226051.74
1546226051.77
1546226051.81
1546226051.84
1546226051.87
1546226051.91
1546226051.94
1546226051.97
1546226052.01
1546226052.04
1546226052.07
1546226052.11
1546226052.14
1546226052.17
1546226052.2
1546226052.24
1546226052.27
1546226052.31
1546226052.34
1546226052.37
1546226052.4
1546226052.44
1546226052.47
1546226052.5
1546226052.54
1546226052.57
1546226052.6
1546226052.64
1546226052.67
1546226052.7
1546226052.74
1546226052.77
1546226052.8
1546226052.84
1546226052.87
1546226052.9
1546226052.94
1546226052.97
1546226053.0
1546226053.04
1546226053.07
1546226053.1
1546226053.14
1546226053.17
1546226053.2
1546226053.24
1546226053.27
1546226053.3
1546226053.34
1546226053.37
1546226053.4
1546226053.44
1546226053.47
1546226053.5
1546226053.54
1546226053.57
1546226053.6
1546226053.63
1546226053.67
1546226053.7
1546226053.74
1546226053.77
1546226053.8
1546226053.84
1546226053.87
1546226053.9
1546226053.94
1546226053.97
1546226054.0
1546226054.04
1546226054.07
1546226054.1
1546226054.13
1546226054.17
1546226054.2
1546226054.23
1546226054.27
1546226054.3
1546226054.34
1546226054.37
1546226054.4
1546226054.43
1546226054.47
1546226054.5
1546226054.53
1546226054.57
1546226054.6
1546226054.63
1546226054.67
1546226054.7
1546226054.73
1546226054.77
1546226054.8
1546226054.83
1546226054.87
1546226054.9
1546226054.93
1546226054.97
1546226055.0
1546226055.04
1546226055.07
1546226055.1
1546226055.13
1546226055.17
1546226055.2
1546226055.23
1546226055.27
1546226055.3
1546226055.34
1546226055.37
1546226055.4
1546226055.43
1546226055.47
1546226055.5
1546226055.54
1546226055.57
1546226055.6
1546226055.64
1546226055.67
1546226055.7
1546226055.73
1546226055.77
1546226055.8
1546226055.84
1546226055.87
1546226055.9
1546226055.93
1546226055.97
1546226056.0
1546226056.03
1546226056.07
1546226056.1
1546226056.13
1546226056.17
1546226056.2
1546226056.23
1546226056.27
1546226056.3
1546226056.33
1546226056.37
1546226056.4
1546226056.43
1546226056.47
1546226056.5
1546226056.53
1546226056.57
1546226056.6
1546226056.63
1546226056.67
1546226056.7
1546226056.73
1546226056.77
1546226056.8
1546226056.83
1546226056.87
1546226056.9
1546226056.93
1546226056.97
1546226057.0
1546226057.03
1546226057.07
1546226057.1
1546226057.13
1546226057.17
1546226057.2
1546226057.23
1546226057.27
1546226057.3
1546226057.33
1546226057.37
1546226057.4
1546226057.43
1546226057.47
1546226057.5
1546226057.53
1546226057.57
1546226057.6
1546226057.63
1546226057.67
1546226057.7
1546226057.73
1546226057.77
1546226057.8
1546226057.83
1546226057.87
1546226057.9
1546226057.93
1546226057.97
1546226058.0
1546226058.03
1546226058.07
1546226058.1
1546226058.13
1546226058.17
1546226058.2
1546226058.23
1546226058.27
1546226058.3
1546226058.33
1546226058.37
1546226058.4
1546226058.43
1546226058.46
1546226058.5
1546226058.53
1546226058.57
1546226058.6
1546226058.63
1546226058.66
1546226058.7
1546226058.73
1546226058.76
1546226058.8
1546226058.83
1546226058.86
1546226058.9
1546226058.93
1546226058.96
1546226059.0
1546226059.03
1546226059.06
1546226059.1
1546226059.13
1546226059.16
1546226059.2
1546226059.23
1546226059.26
1546226059.3
1546226059.33
1546226059.36
1546226059.4
1546226059.43
1546226059.46
1546226059.5
1546226059.53
1546226059.56
1546226059.6
1546226059.63
1546226059.66
1546226059.7
1546226059.73
1546226059.76
1546226059.8
1546226059.83
1546226059.87
1546226059.9
1546226059.93
1546226059.96
1546226060.0
1546226060.03
1546226060.06
1546226060.1
1546226060.13
1546226060.16
1546226060.2
1546226060.23
1546226060.27
1546226060.3
1546226060.33
1546226060.37
1546226060.4
1546226060.43
1546226060.46
1546226060.5
1546226060.53
1546226060.57
1546226060.6
1546226060.63
1546226060.66
1546226060.7
1546226060.73
1546226060.77
1546226060.8
1546226060.83
1546226060.87
1546226060.9
1546226060.93
1546226060.96
1546226061.0
1546226061.03
1546226061.07
1546226061.1
1546226061.13
1546226061.16
1546226061.2
1546226061.23
1546226061.27
1546226061.3
1546226061.33
1546226061.37
1546226061.4
1546226061.43
1546226061.46
1546226061.5
1546226061.53
1546226061.57
1546226061.6
1546226061.63
1546226061.66
1546226061.7
1546226061.73
1546226061.77
1546226061.8
1546226061.83
1546226061.87
1546226061.9
1546226061.93
1546226061.96
1546226062.0
1546226062.03
1546226062.07
1546226062.1
1546226062.13
1546226062.17
1546226062.2
1546226062.23
1546226062.27
1546226062.3
1546226062.33
1546226062.37
1546226062.4
1546226062.43
1546226062.46
1546226062.5
1546226062.53
1546226062.57
1546226062.6
1546226062.63
1546226062.67
1546226062.7
1546226062.73
1546226062.77
1546226062.8
1546226062.83
1546226062.87
1546226062.9
1546226062.93
1546226062.97
1546226063.0
1546226063.03
1546226063.07
1546226063.1
1546226063.13
1546226063.17
1546226063.2
1546226063.23
1546226063.27
1546226063.3
1546226063.33
1546226063.37
1546226063.4
1546226063.43
1546226063.47
1546226063.5
1546226063.53
1546226063.57
1546226063.6
1546226063.63
1546226063.67
1546226063.7
1546226063.73
1546226063.77
1546226063.8
1546226063.84
1546226063.87
1546226063.9
1546226063.94
1546226063.97
1546226064.0
1546226064.04
1546226064.07
1546226064.1
1546226064.13
1546226064.17
1546226064.2
1546226064.23
1546226064.27
1546226064.3
1546226064.34
1546226064.37
1546226064.4
1546226064.44
1546226064.47
1546226064.5
1546226064.54
1546226064.57
1546226064.6
1546226064.64
1546226064.67
1546226064.7
1546226064.74
1546226064.77
1546226064.8
1546226064.84
1546226064.87
1546226064.9
1546226064.94
1546226064.97
1546226065.0
1546226065.04
1546226065.07
1546226065.1
1546226065.14
1546226065.17
1546226065.2
1546226065.24
1546226065.27
1546226065.3
1546226065.34
1546226065.37
1546226065.4
1546226065.44
1546226065.47
1546226065.5
1546226065.54
1546226065.57
1546226065.6
1546226065.64
1546226065.67
1546226065.7
1546226065.74
1546226065.77
1546226065.8
1546226065.84
1546226065.87
1546226065.9
1546226065.94
1546226065.97
1546226066.0
1546226066.03
1546226066.06
1546226066.1
1546226066.13
1546226066.16
1546226066.19
1546226066.23
1546226066.26
1546226066.3
1546226066.33
1546226066.36
1546226066.39
1546226066.43
1546226066.46
1546226066.49
1546226066.53
1546226066.56
1546226066.6
1546226066.63
1546226066.66
1546226066.7
1546226066.73
1546226066.76
1546226066.8
1546226066.83
1546226066.86
1546226066.9
1546226066.93
1546226066.96
1546226067.0
1546226067.03
1546226067.06
1546226067.1
1546226067.13
1546226067.16
1546226067.2
1546226067.23
1546226067.26
1546226067.3
1546226067.33
1546226067.36
1546226067.4
1546226067.43
1546226067.46
1546226067.5
1546226067.53
1546226067.56
1546226067.6
1546226067.63
1546226067.66
1546226067.7
1546226067.73
1546226067.76
1546226067.8
1546226067.83
1546226067.86
1546226067.9
1546226067.93
1546226067.96
1546226068.0
1546226068.03
1546226068.06
1546226068.1
1546226068.13
1546226068.16
1546226068.2
1546226068.23
1546226068.26
1546226068.3
1546226068.33
1546226068.36
1546226068.4
1546226068.43
1546226068.46
1546226068.5
1546226068.53
1546226068.56
1546226068.6
1546226068.63
1546226068.66
1546226068.69
1546226068.73
1546226068.76
1546226068.8
1546226068.83
1546226068.86
1546226068.9
1546226068.93
1546226068.96
1546226069.0
1546226069.03
1546226069.06
1546226069.1
1546226069.13
1546226069.16
1546226069.19
1546226069.23
1546226069.26
1546226069.3
1546226069.33
1546226069.36
1546226069.39
1546226069.43
1546226069.46
1546226069.49
1546226069.53
1546226069.56
1546226069.59
1546226069.63
1546226069.66
1546226069.69
1546226069.73
1546226069.76
1546226069.8
1546226069.83
1546226069.86
1546226069.89
1546226069.93
1546226069.96
1546226069.99
1546226070.03
1546226070.06
1546226070.09
1546226070.13
1546226070.16
1546226070.19
1546226070.23
1546226070.26
1546226070.29
1546226070.33
1546226070.36
1546226070.39
1546226070.43
1546226070.46
1546226070.49
1546226070.53
1546226070.56
1546226070.59
1546226070.63
1546226070.66
1546226070.69
1546226070.73
1546226070.76
1546226070.79
1546226070.83
1546226070.86
1546226070.89
1546226070.93
1546226070.96
1546226070.99
1546226071.03
1546226071.06
1546226071.09
1546226071.13
1546226071.16
1546226071.19
1546226071.23
1546226071.26
1546226071.29
1546226071.33
1546226071.36
1546226071.39
1546226071.43
1546226071.46
1546226071.49
1546226071.53
1546226071.56
1546226071.59
1546226071.63
1546226071.66
1546226071.69
1546226071.72
1546226071.76
1546226071.79
1546226071.83
1546226071.86
1546226071.89
1546226071.93
1546226071.96
1546226071.99
1546226072.03
1546226072.06
1546226072.09
1546226072.12
1546226072.16
1546226072.19
1546226072.23
1546226072.26
1546226072.29
1546226072.33
1546226072.36
1546226072.39
1546226072.43
1546226072.46
1546226072.49
1546226072.53
1546226072.56
1546226072.59
1546226072.62
1546226072.66
1546226072.69
1546226072.72
1546226072.76
1546226072.79
1546226072.83
1546226072.86
1546226072.89
1546226072.93
1546226072.96
1546226072.99
1546226073.02
1546226073.06
1546226073.09
1546226073.12
1546226073.16
1546226073.19
1546226073.22
1546226073.26
1546226073.29
1546226073.33
1546226073.36
1546226073.39
1546226073.42
1546226073.46
1546226073.49
1546226073.52
1546226073.56
1546226073.59
1546226073.62
1546226073.66
1546226073.69
1546226073.72
1546226073.76
1546226073.79
1546226073.82
1546226073.86
1546226073.89
1546226073.92
1546226073.96
1546226073.99
1546226074.02
1546226074.06
1546226074.09
1546226074.12
1546226074.16
1546226074.19
1546226074.22
1546226074.26
1546226074.29
1546226074.32
1546226074.36
1546226074.39
1546226074.42
1546226074.46
1546226074.49
1546226074.52
1546226074.56
1546226074.59
1546226074.62
1546226074.65
1546226074.69
1546226074.72
1546226074.76
1546226074.79
1546226074.82
1546226074.86
1546226074.89
1546226074.92
1546226074.96
1546226074.99
1546226075.02
1546226075.06
1546226075.09
1546226075.12
1546226075.15
1546226075.19
1546226075.22
1546226075.26
1546226075.29
1546226075.32
1546226075.35
1546226075.39
1546226075.42
1546226075.45
1546226075.49
1546226075.52
1546226075.56
1546226075.59
1546226075.62
1546226075.65
1546226075.69
1546226075.72
1546226075.76
1546226075.79
1546226075.82
1546226075.86
1546226075.89
1546226075.92
1546226075.95
1546226075.99
1546226076.02
1546226076.06
1546226076.09
1546226076.12
1546226076.15
1546226076.19
1546226076.22
1546226076.25
1546226076.29
1546226076.32
1546226076.35
1546226076.39
1546226076.42
1546226076.45
1546226076.49
1546226076.52
1546226076.55
1546226076.59
1546226076.62
1546226076.65
1546226076.69
1546226076.72
1546226076.75
1546226076.79
1546226076.82
1546226076.85
1546226076.89
1546226076.92
1546226076.95
1546226076.99
1546226077.02
1546226077.06
1546226077.09
1546226077.12
1546226077.15
1546226077.19
1546226077.22
1546226077.25
1546226077.29
1546226077.32
1546226077.35
1546226077.39
1546226077.42
1546226077.45
1546226077.49
1546226077.52
1546226077.55
1546226077.59
1546226077.62
1546226077.65
1546226077.69
1546226077.72
1546226077.76
1546226077.79
1546226077.82
1546226077.86
1546226077.89
1546226077.92
1546226077.95
1546226077.99
1546226078.02
1546226078.06
1546226078.09
1546226078.12
1546226078.16
1546226078.19
1546226078.22
1546226078.26
1546226078.29
1546226078.32
1546226078.36
1546226078.39
1546226078.42
1546226078.45
1546226078.49
1546226078.52
1546226078.56
1546226078.59
1546226078.62
1546226078.65
1546226078.69
1546226078.72
1546226078.76
1546226078.79
1546226078.82
1546226078.86
1546226078.89
1546226078.92
1546226078.96
1546226078.99
1546226079.02
1546226079.06
1546226079.09
1546226079.12
1546226079.16
1546226079.19
1546226079.22
1546226079.26
1546226079.29
1546226079.32
1546226079.36
1546226079.39
1546226079.42
1546226079.46
1546226079.49
1546226079.52
1546226079.56
1546226079.59
1546226079.62
1546226079.65
1546226079.69
1546226079.72
1546226079.76
1546226079.79
1546226079.82
1546226079.86
1546226079.89
1546226079.92
1546226079.96
1546226079.99
1546226080.02
1546226080.06
1546226080.09
1546226080.12
1546226080.15
1546226080.19
1546226080.22
1546226080.26
1546226080.29
1546226080.32
1546226080.36
1546226080.39
1546226080.42
1546226080.45
1546226080.49
1546226080.52
1546226080.55
1546226080.59
1546226080.62
1546226080.65
1546226080.69
1546226080.72
1546226080.75
1546226080.79
1546226080.82
1546226080.86
1546226080.89
1546226080.92
1546226080.95
1546226080.99
1546226081.02
1546226081.05
1546226081.09
1546226081.12
1546226081.15
1546226081.19
1546226081.22
1546226081.25
1546226081.29
1546226081.32
1546226081.35
1546226081.39
1546226081.42
1546226081.45
1546226081.49
1546226081.52
1546226081.55
1546226081.59
1546226081.62
1546226081.65
1546226081.69
1546226081.72
1546226081.75
1546226081.79
1546226081.82
1546226081.85
1546226081.88
1546226081.92
1546226081.95
1546226081.98
1546226082.02
1546226082.05
1546226082.09
1546226082.12
1546226082.15
1546226082.19
1546226082.22
1546226082.25
1546226082.29
1546226082.32
1546226082.35
1546226082.39
1546226082.42
1546226082.45
1546226082.48
1546226082.52
1546226082.55
1546226082.59
1546226082.62
1546226082.65
1546226082.69
1546226082.72
1546226082.75
1546226082.79
1546226082.82
1546226082.85
1546226082.89
1546226082.92
1546226082.95
1546226082.99
1546226083.02
1546226083.05
1546226083.09
1546226083.12
1546226083.15
1546226083.19
1546226083.22
1546226083.25
1546226083.29
1546226083.32
1546226083.35
1546226083.39
1546226083.42
1546226083.45
1546226083.49
1546226083.52
1546226083.55
1546226083.59
1546226083.62
1546226083.65
1546226083.69
1546226083.72
1546226083.75
1546226083.79
1546226083.82
1546226083.85
1546226083.89
1546226083.92
1546226083.95
1546226083.99
1546226084.02
1546226084.05
1546226084.09
1546226084.12
1546226084.15
1546226084.19
1546226084.22
1546226084.25
1546226084.29
1546226084.32
1546226084.35
1546226084.39
1546226084.42
1546226084.45
1546226084.49
1546226084.52
1546226084.55
1546226084.59
1546226084.62
1546226084.65
1546226084.69
1546226084.72
1546226084.75
1546226084.79
1546226084.82
1546226084.85
1546226084.88
1546226084.92
1546226084.95
1546226084.99
1546226085.02
1546226085.05
1546226085.09
1546226085.12
1546226085.15
1546226085.19
1546226085.22
1546226085.25
1546226085.29
1546226085.32
1546226085.35
1546226085.39
1546226085.42
1546226085.45
1546226085.49
1546226085.52
1546226085.55
1546226085.59
1546226085.62
1546226085.65
1546226085.69
1546226085.72
1546226085.75
1546226085.79
1546226085.82
1546226085.85
1546226085.89
1546226085.92
1546226085.95
1546226085.99
1546226086.02
1546226086.05
1546226086.09
1546226086.12
1546226086.15
1546226086.19
1546226086.22
1546226086.25
1546226086.29
1546226086.32
1546226086.35
1546226086.39
1546226086.42
1546226086.46
1546226086.49
1546226086.52
1546226086.56
1546226086.59
1546226086.62
1546226086.66
1546226086.69
1546226086.72
1546226086.76
1546226086.79
1546226086.82
1546226086.86
1546226086.89
1546226086.92
1546226086.95
1546226086.99
1546226087.02
1546226087.06
1546226087.09
1546226087.12
1546226087.16
1546226087.19
1546226087.22
1546226087.26
1546226087.29
1546226087.32
1546226087.36
1546226087.39
1546226087.42
1546226087.46
1546226087.49
1546226087.52
1546226087.56
1546226087.59
1546226087.62
1546226087.66
1546226087.69
1546226087.72
1546226087.76
1546226087.79
1546226087.82
1546226087.86
1546226087.89
1546226087.92
1546226087.96
1546226087.99
1546226088.02
1546226088.06
1546226088.09
1546226088.12
1546226088.16
1546226088.19
1546226088.22
1546226088.26
1546226088.29
1546226088.32
1546226088.36
1546226088.39
1546226088.42
1546226088.46
1546226088.49
1546226088.52
1546226088.56
1546226088.59
1546226088.62
1546226088.66
1546226088.69
1546226088.72
1546226088.76
1546226088.79
1546226088.83
1546226088.86
1546226088.89
1546226088.92
1546226088.96
1546226088.99
1546226089.03
1546226089.06
1546226089.09
1546226089.12
1546226089.16
1546226089.19
1546226089.22
1546226089.26
1546226089.29
1546226089.33
1546226089.36
1546226089.39
1546226089.42
1546226089.46
1546226089.49
1546226089.53
1546226089.56
1546226089.59
1546226089.62
1546226089.66
1546226089.69
1546226089.72
1546226089.75
1546226089.78
1546226089.82
1546226089.85
1546226089.88
1546226089.92
1546226089.95
1546226089.98
1546226090.02
1546226090.05
1546226090.09
1546226090.12
1546226090.15
1546226090.18
1546226090.22
1546226090.25
1546226090.28
1546226090.32
1546226090.35
1546226090.38
1546226090.42
1546226090.45
1546226090.48
1546226090.52
1546226090.55
1546226090.58
1546226090.62
1546226090.65
1546226090.68
1546226090.72
1546226090.75
1546226090.78
1546226090.82
1546226090.85
1546226090.88
1546226090.92
1546226090.95
1546226090.98
1546226091.02
1546226091.05
1546226091.08
1546226091.12
1546226091.15
1546226091.18
1546226091.22
1546226091.25
1546226091.28
1546226091.32
1546226091.35
1546226091.38
1546226091.42
1546226091.45
1546226091.48
1546226091.52
1546226091.55
1546226091.58
1546226091.62
1546226091.65
1546226091.68
1546226091.72
1546226091.75
1546226091.78
1546226091.82
1546226091.85
1546226091.88
1546226091.92
1546226091.95
1546226091.98
1546226092.02
1546226092.05
1546226092.08
1546226092.12
1546226092.15
1546226092.18
1546226092.22
1546226092.25
1546226092.28
1546226092.32
1546226092.35
1546226092.38
1546226092.42
1546226092.45
1546226092.48
1546226092.52
1546226092.55
1546226092.58
1546226092.62
1546226092.65
1546226092.68
1546226092.72
1546226092.75
1546226092.78
1546226092.82
1546226092.85
1546226092.88
1546226092.92
1546226092.95
1546226092.98
1546226093.02
1546226093.05
1546226093.08
1546226093.12
1546226093.15
1546226093.18
1546226093.22
1546226093.25
1546226093.28
1546226093.32
1546226093.35
1546226093.38
1546226093.42
1546226093.45
1546226093.48
1546226093.52
1546226093.55
1546226093.58
1546226093.62
1546226093.65
1546226093.68
1546226093.72
1546226093.75
1546226093.78
1546226093.82
1546226093.85
1546226093.88
1546226093.92
1546226093.95
1546226093.98
1546226094.02
1546226094.05
1546226094.08
1546226094.12
1546226094.15
1546226094.18
1546226094.22
1546226094.25
1546226094.28
1546226094.32
1546226094.35
1546226094.38
1546226094.42
1546226094.45
1546226094.48
1546226094.52
1546226094.55
1546226094.58
1546226094.62
1546226094.65
1546226094.68
1546226094.72
1546226094.75
1546226094.78
1546226094.82
1546226094.85
1546226094.88
1546226094.91
1546226094.95
1546226094.98
1546226095.02
1546226095.05
1546226095.08
1546226095.12
1546226095.15
1546226095.18
1546226095.22
1546226095.25
1546226095.28
1546226095.32
1546226095.35
1546226095.38
1546226095.42
1546226095.45
1546226095.48
1546226095.52
1546226095.55
1546226095.58
1546226095.62
1546226095.65
1546226095.68
1546226095.72
1546226095.75
1546226095.78
1546226095.82
1546226095.85
1546226095.88
1546226095.92
1546226095.95
1546226095.98
1546226096.02
1546226096.05
1546226096.08
1546226096.12
1546226096.15
1546226096.18
1546226096.22
1546226096.25
1546226096.28
1546226096.32
1546226096.35
1546226096.38
1546226096.42
1546226096.45
1546226096.48
1546226096.52
1546226096.55
1546226096.58
1546226096.62
1546226096.65
1546226096.68
1546226096.72
1546226096.75
1546226096.78
1546226096.82
1546226096.85
1546226096.88
1546226096.92
1546226096.95
1546226096.98
1546226097.02
1546226097.05
1546226097.08
1546226097.12
1546226097.15
1546226097.18
1546226097.22
1546226097.25
1546226097.28
1546226097.32
1546226097.35
1546226097.38
1546226097.42
1546226097.45
1546226097.48
1546226097.52
1546226097.55
1546226097.58
1546226097.62
1546226097.65
1546226097.68
1546226097.72
1546226097.75
1546226097.78
1546226097.82
1546226097.85
1546226097.88
1546226097.92
1546226097.95
1546226097.98
1546226098.02
1546226098.05
1546226098.08
1546226098.12
1546226098.15
1546226098.18
1546226098.22
1546226098.25
1546226098.28
1546226098.32
1546226098.35
1546226098.38
1546226098.42
1546226098.45
1546226098.48
1546226098.52
1546226098.55
1546226098.58
1546226098.62
1546226098.65
1546226098.68
1546226098.72
1546226098.75
1546226098.78
1546226098.82
1546226098.85
1546226098.88
1546226098.92
1546226098.95
1546226098.98
1546226099.02
1546226099.05
1546226099.08
1546226099.12
1546226099.15
1546226099.18
1546226099.22
1546226099.25
1546226099.28
1546226099.32
1546226099.35
1546226099.38
1546226099.42
1546226099.45
1546226099.48
1546226099.52
1546226099.55
1546226099.58
1546226099.62
1546226099.65
1546226099.68
1546226099.72
1546226099.75
1546226099.78
1546226099.82
1546226099.85
1546226099.88
1546226099.91
1546226099.95
1546226099.98
1546226100.02
1546226100.05
1546226100.08
1546226100.12
1546226100.15
1546226100.18
1546226100.21
1546226100.25
1546226100.28
1546226100.32
1546226100.35
1546226100.38
1546226100.41
1546226100.45
1546226100.48
1546226100.52
1546226100.55
1546226100.58
1546226100.62
1546226100.65
1546226100.68
1546226100.71
1546226100.75
1546226100.78
1546226100.82
1546226100.85
1546226100.88
1546226100.92
1546226100.95
1546226100.98
1546226101.02
1546226101.05
1546226101.08
1546226101.12
1546226101.15
1546226101.18
1546226101.22
1546226101.25
1546226101.28
1546226101.32
1546226101.35
1546226101.38
1546226101.42
1546226101.45
1546226101.48
1546226101.52
1546226101.55
1546226101.58
1546226101.62
1546226101.65
1546226101.68
1546226101.72
1546226101.75
1546226101.78
1546226101.82
1546226101.85
1546226101.88
1546226101.92
1546226101.95
1546226101.98
1546226102.02
1546226102.05
1546226102.08
1546226102.12
1546226102.15
1546226102.18
1546226102.22
1546226102.25
1546226102.28
1546226102.32
1546226102.35
1546226102.38
1546226102.41
1546226102.45
1546226102.48
1546226102.51
1546226102.55
1546226102.58
1546226102.62
1546226102.65
1546226102.68
1546226102.71
1546226102.75
1546226102.78
1546226102.82
1546226102.85
1546226102.88
1546226102.91
1546226102.95
1546226102.98
1546226103.01
1546226103.05
1546226103.08
1546226103.11
1546226103.15
1546226103.18
1546226103.21
1546226103.25
1546226103.28
1546226103.31
1546226103.35
1546226103.38
1546226103.41
1546226103.45
1546226103.48
1546226103.51
1546226103.55
1546226103.58
1546226103.61
1546226103.65
1546226103.68
1546226103.71
1546226103.75
1546226103.78
1546226103.81
1546226103.85
1546226103.88
1546226103.91
1546226103.95
1546226103.98
1546226104.01
1546226104.05
1546226104.08
1546226104.11
1546226104.15
1546226104.18
1546226104.21
1546226104.25
1546226104.28
1546226104.32
1546226104.35
1546226104.38
1546226104.41
1546226104.45
1546226104.48
1546226104.51
1546226104.55
1546226104.58
1546226104.62
1546226104.65
1546226104.68
1546226104.71
1546226104.75
1546226104.78
1546226104.82
1546226104.85
1546226104.88
1546226104.91
1546226104.95
1546226104.98
1546226105.02
1546226105.05
1546226105.08
1546226105.11
1546226105.15
1546226105.18
1546226105.21
1546226105.25
1546226105.28
1546226105.31
1546226105.35
1546226105.38
1546226105.41
1546226105.45
1546226105.48
1546226105.51
1546226105.55
1546226105.58
1546226105.61
1546226105.65
1546226105.68
1546226105.71
1546226105.75
1546226105.78
1546226105.81
1546226105.85
1546226105.88
1546226105.91
1546226105.95
1546226105.98
1546226106.01
1546226106.05
1546226106.08
1546226106.11
1546226106.15
1546226106.18
1546226106.21
1546226106.25
1546226106.28
1546226106.31
1546226106.35
1546226106.38
1546226106.41
1546226106.45
1546226106.48
1546226106.51
1546226106.55
1546226106.58
1546226106.61
1546226106.64
1546226106.68
1546226106.71
1546226106.75
1546226106.78
1546226106.81
1546226106.84
1546226106.88
1546226106.91
1546226106.95
1546226106.98
1546226107.01
1546226107.05
1546226107.08
1546226107.11
1546226107.14
1546226107.18
1546226107.21
1546226107.24
1546226107.28
1546226107.31
1546226107.34
1546226107.38
1546226107.41
1546226107.44
1546226107.48
1546226107.51
1546226107.55
1546226107.58
1546226107.61
1546226107.64
1546226107.68
1546226107.71
1546226107.74
1546226107.78
1546226107.81
1546226107.84
1546226107.88
1546226107.91
1546226107.94
1546226107.98
1546226108.01
1546226108.04
1546226108.08
1546226108.11
1546226108.14
1546226108.18
1546226108.21
1546226108.24
1546226108.28
1546226108.31
1546226108.34
1546226108.38
1546226108.41
1546226108.44
1546226108.48
1546226108.51
1546226108.54
1546226108.58
1546226108.61
1546226108.64
1546226108.68
1546226108.71
1546226108.74
1546226108.78
1546226108.81
1546226108.84
1546226108.88
1546226108.91
1546226108.94
1546226108.98
1546226109.01
1546226109.04
1546226109.08
1546226109.11
1546226109.14
1546226109.18
1546226109.21
1546226109.24
1546226109.28
1546226109.31
1546226109.35
1546226109.38
1546226109.41
1546226109.44
1546226109.48
1546226109.51
1546226109.55
1546226109.58
1546226109.61
1546226109.64
1546226109.68
1546226109.71
1546226109.74
1546226109.78
1546226109.81
1546226109.84
1546226109.88
1546226109.91
1546226109.95
1546226109.98
1546226110.01
1546226110.04
1546226110.08
1546226110.11
1546226110.14
1546226110.18
1546226110.21
1546226110.24
1546226110.28
1546226110.31
1546226110.35
1546226110.38
1546226110.41
1546226110.44
1546226110.48
1546226110.51
1546226110.55
1546226110.58
1546226110.61
1546226110.65
1546226110.68
1546226110.71
1546226110.75
1546226110.78
1546226110.81
1546226110.85
1546226110.88
1546226110.91
1546226110.95
1546226110.98
1546226111.01
1546226111.05
1546226111.08
1546226111.11
1546226111.15
1546226111.18
1546226111.21
1546226111.25
1546226111.28
1546226111.31
1546226111.35
1546226111.38
1546226111.41
1546226111.44
1546226111.48
1546226111.51
1546226111.55
1546226111.58
1546226111.61
1546226111.65
1546226111.68
1546226111.71
1546226111.75
1546226111.78
1546226111.81
1546226111.85
1546226111.88
1546226111.91
1546226111.95
1546226111.98
1546226112.01
1546226112.05
1546226112.08
1546226112.11
1546226112.15
1546226112.18
1546226112.21
1546226112.25
1546226112.28
1546226112.31
1546226112.35
1546226112.38
1546226112.41
1546226112.45
1546226112.48
1546226112.51
1546226112.55
1546226112.58
1546226112.61
1546226112.65
1546226112.68
1546226112.71
1546226112.75
1546226112.78
1546226112.82
1546226112.85
1546226112.88
1546226112.92
1546226112.95
1546226112.98
1546226113.02
1546226113.05
1546226113.08
1546226113.12
1546226113.15
1546226113.18
1546226113.22
1546226113.25
1546226113.28
1546226113.31
1546226113.34
1546226113.38
1546226113.41
1546226113.44
1546226113.47
1546226113.51
1546226113.54
1546226113.58
1546226113.61
1546226113.64
1546226113.68
1546226113.71
1546226113.74
1546226113.78
1546226113.81
1546226113.84
1546226113.88
1546226113.91
1546226113.94
1546226113.98
1546226114.01
1546226114.04
1546226114.08
1546226114.11
1546226114.14
1546226114.18
1546226114.21
1546226114.24
1546226114.28
1546226114.31
1546226114.34
1546226114.38
1546226114.41
1546226114.44
1546226114.48
1546226114.51
1546226114.54
1546226114.58
1546226114.61
1546226114.64
1546226114.68
1546226114.71
1546226114.74
1546226114.78
1546226114.81
1546226114.84
1546226114.88
1546226114.91
1546226114.94
1546226114.98
1546226115.01
1546226115.04
1546226115.08
1546226115.11
1546226115.14
1546226115.18
1546226115.21
1546226115.24
1546226115.28
1546226115.31
1546226115.34
1546226115.38
1546226115.41
1546226115.44
1546226115.48
1546226115.51
1546226115.54
1546226115.58
1546226115.61
1546226115.64
1546226115.68
1546226115.71
1546226115.74
1546226115.78
1546226115.81
1546226115.84
1546226115.88
1546226115.91
1546226115.94
1546226115.98
1546226116.01
1546226116.04
1546226116.08
1546226116.11
1546226116.14
1546226116.18
1546226116.21
1546226116.24
1546226116.28
1546226116.31
1546226116.34
1546226116.38
1546226116.41
1546226116.44
1546226116.48
1546226116.51
1546226116.54
1546226116.58
1546226116.61
1546226116.64
1546226116.68
1546226116.71
1546226116.74
1546226116.78
1546226116.81
1546226116.84
1546226116.88
1546226116.91
1546226116.94
1546226116.98
1546226117.01
1546226117.04
1546226117.08
1546226117.11
1546226117.14
1546226117.18
1546226117.21
1546226117.24
1546226117.28
1546226117.31
1546226117.34
1546226117.38
1546226117.41
1546226117.44
1546226117.48
1546226117.51
1546226117.54
1546226117.58
1546226117.61
1546226117.64
1546226117.68
1546226117.71
1546226117.74
1546226117.78
1546226117.81
1546226117.85
1546226117.88
1546226117.91
1546226117.94
1546226117.98
1546226118.01
1546226118.04
1546226118.08
1546226118.11
1546226118.14
1546226118.18
1546226118.21
1546226118.24
1546226118.28
1546226118.31
1546226118.34
1546226118.38
1546226118.41
1546226118.44
1546226118.48
1546226118.51
1546226118.54
1546226118.58
1546226118.61
1546226118.64
1546226118.68
1546226118.71
1546226118.74
1546226118.78
1546226118.81
1546226118.84
1546226118.88
1546226118.91
1546226118.94
1546226118.97
1546226119.01
1546226119.04
1546226119.08
1546226119.11
1546226119.14
1546226119.17
1546226119.21
1546226119.24
1546226119.28
1546226119.31
1546226119.34
1546226119.38
1546226119.41
1546226119.44
1546226119.47
1546226119.51
1546226119.54
1546226119.58
1546226119.61
1546226119.64
1546226119.67
1546226119.71
1546226119.74
1546226119.78
1546226119.81
1546226119.84
1546226119.88
1546226119.91
1546226119.94
1546226119.98
1546226120.01
1546226120.04
1546226120.08
1546226120.11
1546226120.14
1546226120.18
1546226120.21
1546226120.24
1546226120.28
1546226120.31
1546226120.34
1546226120.38
1546226120.41
1546226120.44
1546226120.48
1546226120.51
1546226120.54
1546226120.58
1546226120.61
1546226120.64
1546226120.67
