1546231641.31
1546231641.45
1546231641.49
1546231641.52
1546231641.55
1546231641.58
1546231641.61
1546231641.64
1546231641.67
1546231641.7
1546231641.73
1546231641.77
1546231641.8
1546231641.84
1546231641.87
1546231641.9
1546231641.93
1546231641.97
1546231642.0
1546231642.04
1546231642.07
1546231642.1
1546231642.13
1546231642.17
1546231642.2
1546231642.23
1546231642.27
1546231642.3
1546231642.34
1546231642.37
1546231642.4
1546231642.43
1546231642.47
1546231642.5
1546231642.54
1546231642.57
1546231642.6
1546231642.63
1546231642.67
1546231642.7
1546231642.74
1546231642.77
1546231642.8
1546231642.84
1546231642.87
1546231642.9
1546231642.93
1546231642.97
1546231643.0
1546231643.04
1546231643.07
1546231643.1
1546231643.13
1546231643.17
1546231643.2
1546231643.23
1546231643.27
1546231643.3
1546231643.34
1546231643.37
1546231643.4
1546231643.43
1546231643.47
1546231643.5
1546231643.54
1546231643.57
1546231643.6
1546231643.63
1546231643.67
1546231643.7
1546231643.73
1546231643.77
1546231643.8
1546231643.84
1546231643.87
1546231643.9
1546231643.93
1546231643.97
1546231644.0
1546231644.04
1546231644.07
1546231644.1
1546231644.13
1546231644.17
1546231644.2
1546231644.23
1546231644.27
1546231644.3
1546231644.33
1546231644.37
1546231644.4
1546231644.43
1546231644.47
1546231644.5
1546231644.53
1546231644.57
1546231644.6
1546231644.63
1546231644.67
1546231644.7
1546231644.73
1546231644.77
1546231644.8
1546231644.83
1546231644.87
1546231644.9
1546231644.93
1546231644.97
1546231645.0
1546231645.03
1546231645.07
1546231645.1
1546231645.13
1546231645.17
1546231645.2
1546231645.23
1546231645.27
1546231645.3
1546231645.33
1546231645.37
1546231645.4
1546231645.43
1546231645.47
1546231645.5
1546231645.54
1546231645.57
1546231645.6
1546231645.63
1546231645.67
1546231645.7
1546231645.73
1546231645.77
1546231645.8
1546231645.83
1546231645.87
1546231645.9
1546231645.93
1546231645.97
1546231646.0
1546231646.03
1546231646.07
1546231646.1
1546231646.13
1546231646.17
1546231646.2
1546231646.23
1546231646.27
1546231646.3
1546231646.33
1546231646.37
1546231646.4
1546231646.43
1546231646.47
1546231646.5
1546231646.53
1546231646.57
1546231646.6
1546231646.63
1546231646.67
1546231646.7
1546231646.73
1546231646.77
1546231646.8
1546231646.83
1546231646.87
1546231646.9
1546231646.93
1546231646.97
1546231647.0
1546231647.03
1546231647.07
1546231647.1
1546231647.13
1546231647.17
1546231647.2
1546231647.23
1546231647.27
1546231647.3
1546231647.33
1546231647.37
1546231647.4
1546231647.43
1546231647.47
1546231647.5
1546231647.53
1546231647.57
1546231647.6
1546231647.63
1546231647.66
1546231647.7
1546231647.73
1546231647.77
1546231647.8
1546231647.83
1546231647.87
1546231647.9
1546231647.93
1546231647.96
1546231648.0
1546231648.03
1546231648.07
1546231648.1
1546231648.13
1546231648.16
1546231648.2
1546231648.23
1546231648.27
1546231648.3
1546231648.33
1546231648.37
1546231648.4
1546231648.43
1546231648.47
1546231648.5
1546231648.53
1546231648.57
1546231648.6
1546231648.63
1546231648.67
1546231648.7
1546231648.73
1546231648.77
1546231648.8
1546231648.83
1546231648.87
1546231648.9
1546231648.93
1546231648.97
1546231649.0
1546231649.03
1546231649.07
1546231649.1
1546231649.13
1546231649.17
1546231649.2
1546231649.23
1546231649.27
1546231649.3
1546231649.33
1546231649.37
1546231649.4
1546231649.43
1546231649.47
1546231649.5
1546231649.53
1546231649.57
1546231649.6
1546231649.63
1546231649.67
1546231649.7
1546231649.73
1546231649.77
1546231649.8
1546231649.83
1546231649.87
1546231649.9
1546231649.93
1546231649.97
1546231650.0
1546231650.03
1546231650.07
1546231650.1
1546231650.13
1546231650.16
1546231650.2
1546231650.23
1546231650.27
1546231650.3
1546231650.33
1546231650.37
1546231650.4
1546231650.43
1546231650.47
1546231650.5
1546231650.53
1546231650.57
1546231650.6
1546231650.63
1546231650.67
1546231650.7
1546231650.73
1546231650.77
1546231650.8
1546231650.83
1546231650.87
1546231650.9
1546231650.93
1546231650.97
1546231651.0
1546231651.03
1546231651.07
1546231651.1
1546231651.13
1546231651.17
1546231651.2
1546231651.23
1546231651.27
1546231651.3
1546231651.33
1546231651.37
1546231651.4
1546231651.43
1546231651.47
1546231651.5
1546231651.53
1546231651.57
1546231651.6
1546231651.63
1546231651.67
1546231651.7
1546231651.73
1546231651.77
1546231651.8
1546231651.84
1546231651.87
1546231651.9
1546231651.93
1546231651.97
1546231652.0
1546231652.04
1546231652.07
1546231652.1
1546231652.13
1546231652.17
1546231652.2
1546231652.23
1546231652.27
1546231652.3
1546231652.34
1546231652.37
1546231652.4
1546231652.43
1546231652.47
1546231652.5
1546231652.54
1546231652.57
1546231652.6
1546231652.64
1546231652.67
1546231652.7
1546231652.74
1546231652.77
1546231652.8
1546231652.84
1546231652.87
1546231652.9
1546231652.94
1546231652.97
1546231653.0
1546231653.04
1546231653.07
1546231653.1
1546231653.14
1546231653.17
1546231653.2
1546231653.24
1546231653.27
1546231653.3
1546231653.34
1546231653.37
1546231653.4
1546231653.44
1546231653.47
1546231653.51
1546231653.54
1546231653.57
1546231653.6
1546231653.64
1546231653.67
1546231653.7
1546231653.74
1546231653.77
1546231653.8
1546231653.83
1546231653.86
1546231653.9
1546231653.93
1546231653.96
1546231654.0
1546231654.03
1546231654.06
1546231654.1
1546231654.13
1546231654.16
1546231654.2
1546231654.23
1546231654.26
1546231654.3
1546231654.33
1546231654.36
1546231654.4
1546231654.43
1546231654.46
1546231654.5
1546231654.53
1546231654.56
1546231654.6
1546231654.63
1546231654.66
1546231654.7
1546231654.73
1546231654.76
1546231654.8
1546231654.83
1546231654.86
1546231654.9
1546231654.93
1546231654.96
1546231655.0
1546231655.03
1546231655.06
1546231655.1
1546231655.13
1546231655.16
1546231655.2
1546231655.23
1546231655.26
1546231655.3
1546231655.33
1546231655.36
1546231655.4
1546231655.43
1546231655.46
1546231655.5
1546231655.53
1546231655.56
1546231655.6
1546231655.63
1546231655.66
1546231655.7
1546231655.73
1546231655.76
1546231655.8
1546231655.83
1546231655.86
1546231655.9
1546231655.93
1546231655.96
1546231656.0
1546231656.03
1546231656.06
1546231656.1
1546231656.13
1546231656.16
1546231656.2
1546231656.23
1546231656.26
1546231656.3
1546231656.33
1546231656.36
1546231656.4
1546231656.43
1546231656.46
1546231656.5
1546231656.53
1546231656.56
1546231656.6
1546231656.63
1546231656.66
1546231656.7
1546231656.73
1546231656.76
1546231656.8
1546231656.83
1546231656.86
1546231656.9
1546231656.93
1546231656.96
1546231657.0
1546231657.03
1546231657.06
1546231657.1
1546231657.13
1546231657.16
1546231657.2
1546231657.23
1546231657.26
1546231657.3
1546231657.33
1546231657.36
1546231657.39
1546231657.43
1546231657.46
1546231657.5
1546231657.53
1546231657.56
1546231657.6
1546231657.63
1546231657.66
1546231657.7
1546231657.73
1546231657.76
1546231657.8
1546231657.83
1546231657.86
1546231657.89
1546231657.93
1546231657.96
1546231657.99
1546231658.03
1546231658.06
1546231658.1
1546231658.13
1546231658.16
1546231658.19
1546231658.23
1546231658.26
1546231658.3
1546231658.33
1546231658.36
1546231658.4
1546231658.43
1546231658.46
1546231658.49
1546231658.53
1546231658.56
1546231658.6
1546231658.63
1546231658.66
1546231658.7
1546231658.73
1546231658.76
1546231658.8
1546231658.83
1546231658.86
1546231658.9
1546231658.93
1546231658.96
1546231659.0
1546231659.03
1546231659.06
1546231659.1
1546231659.13
1546231659.16
1546231659.2
1546231659.23
1546231659.26
1546231659.3
1546231659.33
1546231659.36
1546231659.4
1546231659.43
1546231659.46
1546231659.49
1546231659.53
1546231659.56
1546231659.6
1546231659.63
1546231659.66
1546231659.7
1546231659.73
1546231659.76
1546231659.8
1546231659.83
1546231659.86
1546231659.9
1546231659.93
1546231659.96
1546231660.0
1546231660.03
1546231660.06
1546231660.1
1546231660.13
1546231660.16
1546231660.2
1546231660.23
1546231660.26
1546231660.3
1546231660.33
1546231660.36
1546231660.39
1546231660.43
1546231660.46
1546231660.49
1546231660.53
1546231660.56
1546231660.6
1546231660.63
1546231660.66
1546231660.69
1546231660.73
1546231660.76
1546231660.8
1546231660.83
1546231660.86
1546231660.89
1546231660.93
1546231660.96
1546231660.99
1546231661.03
1546231661.06
1546231661.1
1546231661.13
1546231661.16
1546231661.19
1546231661.23
1546231661.26
1546231661.29
1546231661.33
1546231661.36
1546231661.39
1546231661.43
1546231661.46
1546231661.49
1546231661.53
1546231661.56
1546231661.59
1546231661.63
1546231661.66
1546231661.69
1546231661.73
1546231661.76
1546231661.79
1546231661.83
1546231661.86
1546231661.89
1546231661.93
1546231661.96
1546231661.99
1546231662.03
1546231662.06
1546231662.09
1546231662.13
1546231662.16
1546231662.19
1546231662.23
1546231662.26
1546231662.29
1546231662.33
1546231662.36
1546231662.39
1546231662.43
1546231662.46
1546231662.49
1546231662.53
1546231662.56
1546231662.59
1546231662.63
1546231662.66
1546231662.69
1546231662.73
1546231662.76
1546231662.79
1546231662.83
1546231662.86
1546231662.89
1546231662.93
1546231662.96
1546231662.99
1546231663.03
1546231663.06
1546231663.09
1546231663.13
1546231663.16
1546231663.19
1546231663.23
1546231663.26
1546231663.29
1546231663.33
1546231663.36
1546231663.39
1546231663.43
1546231663.46
1546231663.49
1546231663.53
1546231663.56
1546231663.59
1546231663.63
1546231663.66
1546231663.69
1546231663.73
1546231663.76
1546231663.79
1546231663.83
1546231663.86
1546231663.89
1546231663.93
1546231663.96
1546231663.99
1546231664.03
1546231664.06
1546231664.09
1546231664.13
1546231664.16
1546231664.19
1546231664.23
1546231664.26
1546231664.29
1546231664.33
1546231664.36
1546231664.39
1546231664.43
1546231664.46
1546231664.49
1546231664.53
1546231664.56
1546231664.59
1546231664.63
1546231664.66
1546231664.69
1546231664.73
1546231664.76
1546231664.79
1546231664.83
1546231664.86
1546231664.89
1546231664.93
1546231664.96
1546231664.99
1546231665.03
1546231665.06
1546231665.09
1546231665.13
1546231665.16
1546231665.19
1546231665.23
1546231665.26
1546231665.29
1546231665.33
1546231665.36
1546231665.39
1546231665.43
1546231665.46
1546231665.49
1546231665.53
1546231665.56
1546231665.59
1546231665.63
1546231665.66
1546231665.69
1546231665.73
1546231665.76
1546231665.79
1546231665.83
1546231665.86
1546231665.89
1546231665.93
1546231665.96
1546231665.99
1546231666.03
1546231666.06
1546231666.09
1546231666.13
1546231666.16
1546231666.19
1546231666.23
1546231666.26
1546231666.3
1546231666.33
1546231666.36
1546231666.39
1546231666.43
1546231666.46
1546231666.49
1546231666.53
1546231666.56
1546231666.59
1546231666.63
1546231666.66
1546231666.69
1546231666.73
1546231666.76
1546231666.8
1546231666.83
1546231666.86
1546231666.89
1546231666.93
1546231666.96
1546231666.99
1546231667.03
1546231667.06
1546231667.1
1546231667.13
1546231667.16
1546231667.2
1546231667.23
1546231667.26
1546231667.3
1546231667.33
1546231667.36
1546231667.4
1546231667.43
1546231667.46
1546231667.49
1546231667.53
1546231667.56
1546231667.6
1546231667.63
1546231667.66
1546231667.7
1546231667.73
1546231667.76
1546231667.8
1546231667.83
1546231667.86
1546231667.89
1546231667.93
1546231667.96
1546231667.99
1546231668.03
1546231668.06
1546231668.1
1546231668.13
1546231668.16
1546231668.19
1546231668.23
1546231668.26
1546231668.3
1546231668.33
1546231668.36
1546231668.4
1546231668.43
1546231668.46
1546231668.49
1546231668.53
1546231668.56
1546231668.6
1546231668.63
1546231668.66
1546231668.69
1546231668.73
1546231668.76
1546231668.8
1546231668.83
1546231668.86
1546231668.89
1546231668.93
1546231668.96
1546231668.99
1546231669.03
1546231669.06
1546231669.1
1546231669.13
1546231669.16
1546231669.19
1546231669.23
1546231669.26
1546231669.3
1546231669.33
1546231669.36
1546231669.39
1546231669.43
1546231669.46
1546231669.49
1546231669.53
1546231669.56
1546231669.6
1546231669.63
1546231669.66
1546231669.69
1546231669.73
1546231669.76
1546231669.79
1546231669.83
1546231669.86
1546231669.89
1546231669.93
1546231669.96
1546231669.99
1546231670.03
1546231670.06
1546231670.09
1546231670.13
1546231670.16
1546231670.19
1546231670.23
1546231670.26
1546231670.3
1546231670.33
1546231670.36
1546231670.39
1546231670.43
1546231670.46
1546231670.5
1546231670.53
1546231670.56
1546231670.6
1546231670.63
1546231670.66
1546231670.7
1546231670.73
1546231670.76
1546231670.8
1546231670.83
1546231670.86
1546231670.89
1546231670.93
1546231670.96
1546231671.0
1546231671.03
1546231671.06
1546231671.1
1546231671.13
1546231671.16
1546231671.2
1546231671.23
1546231671.26
1546231671.3
1546231671.33
1546231671.36
1546231671.39
1546231671.43
1546231671.46
1546231671.49
1546231671.53
1546231671.56
1546231671.59
1546231671.63
1546231671.66
1546231671.69
1546231671.73
1546231671.76
1546231671.8
1546231671.83
1546231671.86
1546231671.89
1546231671.93
1546231671.96
1546231671.99
1546231672.03
1546231672.06
1546231672.09
1546231672.13
1546231672.16
1546231672.19
1546231672.23
1546231672.26
1546231672.3
1546231672.33
1546231672.36
1546231672.39
1546231672.43
1546231672.46
1546231672.5
1546231672.53
1546231672.56
1546231672.6
1546231672.63
1546231672.66
1546231672.69
1546231672.73
1546231672.76
1546231672.8
1546231672.83
1546231672.86
1546231672.89
1546231672.93
1546231672.96
1546231672.99
1546231673.03
1546231673.06
1546231673.09
1546231673.13
1546231673.16
1546231673.19
1546231673.23
1546231673.26
1546231673.3
1546231673.33
1546231673.36
1546231673.39
1546231673.43
1546231673.46
1546231673.49
1546231673.53
1546231673.56
1546231673.59
1546231673.63
1546231673.66
1546231673.7
1546231673.73
1546231673.76
1546231673.79
1546231673.83
1546231673.86
1546231673.89
1546231673.93
1546231673.96
1546231673.99
1546231674.03
1546231674.06
1546231674.09
1546231674.13
1546231674.16
1546231674.2
1546231674.23
1546231674.26
1546231674.3
1546231674.33
1546231674.36
1546231674.39
1546231674.43
1546231674.46
1546231674.5
1546231674.53
1546231674.56
1546231674.6
1546231674.63
1546231674.66
1546231674.7
1546231674.73
1546231674.76
1546231674.8
1546231674.83
1546231674.86
1546231674.9
1546231674.93
1546231674.96
1546231675.0
1546231675.03
1546231675.06
1546231675.1
1546231675.13
1546231675.16
1546231675.2
1546231675.23
1546231675.26
1546231675.3
1546231675.33
1546231675.36
1546231675.4
1546231675.43
1546231675.46
1546231675.5
1546231675.53
1546231675.57
1546231675.6
1546231675.63
1546231675.66
1546231675.7
1546231675.73
1546231675.76
1546231675.8
1546231675.83
1546231675.86
1546231675.9
1546231675.93
1546231675.96
1546231676.0
1546231676.03
1546231676.06
1546231676.1
1546231676.13
1546231676.16
1546231676.2
1546231676.23
1546231676.26
1546231676.3
1546231676.33
1546231676.36
1546231676.4
1546231676.43
1546231676.46
1546231676.5
1546231676.53
1546231676.56
1546231676.6
1546231676.63
1546231676.66
1546231676.7
1546231676.73
1546231676.77
1546231676.8
1546231676.83
1546231676.87
1546231676.9
1546231676.93
1546231676.96
1546231677.0
1546231677.03
1546231677.06
1546231677.09
1546231677.12
1546231677.16
1546231677.19
1546231677.22
1546231677.26
1546231677.29
1546231677.32
1546231677.36
1546231677.39
1546231677.42
1546231677.46
1546231677.49
1546231677.52
1546231677.56
1546231677.59
1546231677.62
1546231677.66
1546231677.69
1546231677.72
1546231677.76
1546231677.79
1546231677.82
1546231677.86
1546231677.89
1546231677.92
1546231677.96
1546231677.99
1546231678.02
1546231678.06
1546231678.09
1546231678.12
1546231678.16
1546231678.19
1546231678.22
1546231678.26
1546231678.29
1546231678.32
1546231678.36
1546231678.39
1546231678.42
1546231678.45
1546231678.49
1546231678.52
1546231678.56
1546231678.59
1546231678.62
1546231678.65
1546231678.69
1546231678.72
1546231678.76
1546231678.79
1546231678.82
1546231678.86
1546231678.89
1546231678.92
1546231678.96
1546231678.99
1546231679.02
1546231679.06
1546231679.09
1546231679.12
1546231679.15
1546231679.19
1546231679.22
1546231679.26
1546231679.29
1546231679.32
1546231679.36
1546231679.39
1546231679.42
1546231679.46
1546231679.49
1546231679.52
1546231679.56
1546231679.59
1546231679.62
1546231679.66
1546231679.69
1546231679.72
1546231679.76
1546231679.79
1546231679.82
1546231679.86
1546231679.89
1546231679.92
1546231679.96
1546231679.99
1546231680.02
1546231680.06
1546231680.09
1546231680.12
1546231680.16
1546231680.19
1546231680.22
1546231680.26
1546231680.29
1546231680.32
1546231680.36
1546231680.39
1546231680.42
1546231680.46
1546231680.49
1546231680.52
1546231680.56
1546231680.59
1546231680.62
1546231680.66
1546231680.69
1546231680.72
1546231680.76
1546231680.79
1546231680.82
1546231680.86
1546231680.89
1546231680.92
1546231680.96
1546231680.99
1546231681.02
1546231681.06
1546231681.09
1546231681.12
1546231681.16
1546231681.19
1546231681.22
1546231681.26
1546231681.29
1546231681.32
1546231681.36
1546231681.39
1546231681.42
1546231681.46
1546231681.49
1546231681.52
1546231681.56
1546231681.59
1546231681.62
1546231681.65
1546231681.69
1546231681.72
1546231681.76
1546231681.79
1546231681.82
1546231681.86
1546231681.89
1546231681.92
1546231681.95
1546231681.99
1546231682.02
1546231682.06
1546231682.09
1546231682.12
1546231682.16
1546231682.19
1546231682.22
1546231682.26
1546231682.29
1546231682.32
1546231682.36
1546231682.39
1546231682.42
1546231682.45
1546231682.49
1546231682.52
1546231682.56
1546231682.59
1546231682.62
1546231682.66
1546231682.69
1546231682.72
1546231682.76
1546231682.79
1546231682.82
1546231682.86
1546231682.89
1546231682.92
1546231682.95
1546231682.99
1546231683.02
1546231683.06
1546231683.09
1546231683.12
1546231683.15
1546231683.19
1546231683.22
1546231683.26
1546231683.29
1546231683.32
1546231683.35
1546231683.39
1546231683.42
1546231683.45
1546231683.49
1546231683.52
1546231683.55
1546231683.59
1546231683.62
1546231683.65
1546231683.69
1546231683.72
1546231683.76
1546231683.79
1546231683.82
1546231683.86
1546231683.89
1546231683.92
1546231683.95
1546231683.99
1546231684.02
1546231684.06
1546231684.09
1546231684.12
1546231684.16
1546231684.19
1546231684.22
1546231684.26
1546231684.29
1546231684.32
1546231684.36
1546231684.39
1546231684.42
1546231684.45
1546231684.49
1546231684.52
1546231684.56
1546231684.59
1546231684.62
1546231684.65
1546231684.69
1546231684.72
1546231684.76
1546231684.79
1546231684.82
1546231684.86
1546231684.89
1546231684.92
1546231684.96
1546231684.99
1546231685.02
1546231685.06
1546231685.09
1546231685.12
1546231685.16
1546231685.19
1546231685.22
1546231685.26
1546231685.29
1546231685.32
1546231685.36
1546231685.39
1546231685.42
1546231685.46
1546231685.49
1546231685.52
1546231685.56
1546231685.59
1546231685.62
1546231685.66
1546231685.69
1546231685.72
1546231685.76
1546231685.79
1546231685.82
1546231685.86
1546231685.89
1546231685.92
1546231685.96
1546231685.99
1546231686.02
1546231686.06
1546231686.09
1546231686.12
1546231686.16
1546231686.19
1546231686.22
1546231686.26
1546231686.29
1546231686.32
1546231686.36
1546231686.39
1546231686.42
1546231686.46
1546231686.49
1546231686.52
1546231686.56
1546231686.59
1546231686.62
1546231686.66
1546231686.69
1546231686.72
1546231686.76
1546231686.79
1546231686.82
1546231686.86
1546231686.89
1546231686.92
1546231686.96
1546231686.99
1546231687.02
1546231687.06
1546231687.09
1546231687.12
1546231687.16
1546231687.19
1546231687.22
1546231687.26
1546231687.29
1546231687.32
1546231687.36
1546231687.39
1546231687.42
1546231687.46
1546231687.49
1546231687.52
1546231687.56
1546231687.59
1546231687.62
1546231687.66
1546231687.69
1546231687.72
1546231687.76
1546231687.79
1546231687.82
1546231687.86
1546231687.89
1546231687.92
1546231687.96
1546231687.99
1546231688.02
1546231688.06
1546231688.09
1546231688.12
1546231688.16
1546231688.19
1546231688.22
1546231688.26
1546231688.29
1546231688.32
1546231688.36
1546231688.39
1546231688.42
1546231688.46
1546231688.49
1546231688.52
1546231688.56
1546231688.59
1546231688.62
1546231688.66
1546231688.69
1546231688.72
1546231688.76
1546231688.79
1546231688.82
1546231688.86
1546231688.89
1546231688.92
1546231688.96
1546231688.99
1546231689.02
1546231689.06
1546231689.09
1546231689.12
1546231689.16
1546231689.19
1546231689.22
1546231689.26
1546231689.29
1546231689.32
1546231689.36
1546231689.39
1546231689.42
1546231689.46
1546231689.49
1546231689.52
1546231689.56
1546231689.59
1546231689.62
1546231689.66
1546231689.69
1546231689.72
1546231689.76
1546231689.79
1546231689.82
1546231689.86
1546231689.89
1546231689.92
1546231689.96
1546231689.99
1546231690.02
1546231690.06
1546231690.09
1546231690.12
1546231690.16
1546231690.19
1546231690.22
1546231690.26
1546231690.29
1546231690.32
1546231690.36
1546231690.39
1546231690.42
1546231690.46
1546231690.49
1546231690.52
1546231690.56
1546231690.59
1546231690.62
1546231690.66
1546231690.69
1546231690.72
1546231690.76
1546231690.79
1546231690.82
1546231690.86
1546231690.89
1546231690.92
1546231690.96
1546231690.99
1546231691.02
1546231691.06
1546231691.09
1546231691.12
1546231691.16
1546231691.19
1546231691.22
1546231691.26
1546231691.29
1546231691.32
1546231691.36
1546231691.39
1546231691.42
1546231691.45
1546231691.49
1546231691.52
1546231691.56
1546231691.59
1546231691.62
1546231691.66
1546231691.69
1546231691.72
1546231691.76
1546231691.79
1546231691.82
1546231691.86
1546231691.89
1546231691.92
1546231691.96
1546231691.99
1546231692.02
1546231692.06
1546231692.09
1546231692.12
1546231692.16
1546231692.19
1546231692.22
1546231692.26
1546231692.29
1546231692.32
1546231692.36
1546231692.39
1546231692.42
1546231692.45
1546231692.49
1546231692.52
1546231692.56
1546231692.59
1546231692.62
1546231692.65
1546231692.69
1546231692.72
1546231692.76
1546231692.79
1546231692.82
1546231692.86
1546231692.89
1546231692.92
1546231692.95
1546231692.99
1546231693.02
1546231693.06
1546231693.09
1546231693.12
1546231693.16
1546231693.19
1546231693.22
1546231693.26
1546231693.29
1546231693.32
1546231693.36
1546231693.39
1546231693.42
1546231693.45
1546231693.49
1546231693.52
1546231693.56
1546231693.59
1546231693.62
1546231693.66
1546231693.69
1546231693.72
1546231693.76
1546231693.79
1546231693.82
1546231693.86
1546231693.89
1546231693.92
1546231693.96
1546231693.99
1546231694.02
1546231694.06
1546231694.09
1546231694.12
1546231694.16
1546231694.19
1546231694.22
1546231694.26
1546231694.29
1546231694.32
1546231694.36
1546231694.39
1546231694.42
1546231694.46
1546231694.49
1546231694.52
1546231694.56
1546231694.59
1546231694.62
1546231694.66
1546231694.69
1546231694.72
1546231694.76
1546231694.79
1546231694.82
1546231694.86
1546231694.89
1546231694.92
1546231694.96
1546231694.99
1546231695.02
1546231695.06
1546231695.09
1546231695.12
1546231695.15
1546231695.19
1546231695.22
1546231695.26
1546231695.29
1546231695.32
1546231695.36
1546231695.39
1546231695.42
1546231695.45
1546231695.49
1546231695.52
1546231695.56
1546231695.59
1546231695.62
1546231695.66
1546231695.69
1546231695.72
1546231695.76
1546231695.79
1546231695.82
1546231695.86
1546231695.89
1546231695.92
1546231695.96
1546231695.99
1546231696.02
1546231696.06
1546231696.09
1546231696.12
1546231696.16
1546231696.19
1546231696.22
1546231696.26
1546231696.29
1546231696.32
1546231696.36
1546231696.39
1546231696.42
1546231696.46
1546231696.49
1546231696.52
1546231696.56
1546231696.59
1546231696.62
1546231696.66
1546231696.69
1546231696.72
1546231696.76
1546231696.79
1546231696.83
1546231696.86
1546231696.89
1546231696.93
1546231696.96
1546231696.99
1546231697.03
1546231697.06
1546231697.09
1546231697.13
1546231697.16
1546231697.19
1546231697.22
1546231697.26
1546231697.29
1546231697.33
1546231697.36
1546231697.39
1546231697.42
1546231697.46
1546231697.49
1546231697.53
1546231697.56
1546231697.59
1546231697.63
1546231697.66
1546231697.69
1546231697.73
1546231697.76
1546231697.79
1546231697.83
1546231697.86
1546231697.89
1546231697.93
1546231697.96
1546231697.99
1546231698.03
1546231698.06
1546231698.09
1546231698.13
1546231698.16
1546231698.19
1546231698.23
1546231698.26
1546231698.29
1546231698.33
1546231698.36
1546231698.39
1546231698.43
1546231698.46
1546231698.49
1546231698.53
1546231698.56
1546231698.59
1546231698.63
1546231698.66
1546231698.69
1546231698.73
1546231698.76
1546231698.79
1546231698.83
1546231698.86
1546231698.89
1546231698.93
1546231698.96
1546231698.99
1546231699.03
1546231699.06
1546231699.09
1546231699.13
1546231699.16
1546231699.19
1546231699.23
1546231699.26
1546231699.29
1546231699.33
1546231699.36
1546231699.39
1546231699.43
1546231699.46
1546231699.49
1546231699.53
1546231699.56
1546231699.6
1546231699.63
1546231699.66
1546231699.69
1546231699.73
1546231699.76
1546231699.8
1546231699.83
1546231699.86
1546231699.9
1546231699.93
1546231699.96
1546231699.99
1546231700.03
1546231700.06
1546231700.1
1546231700.13
1546231700.15
1546231700.19
1546231700.22
1546231700.26
1546231700.29
1546231700.32
1546231700.36
1546231700.39
1546231700.42
1546231700.45
1546231700.49
1546231700.52
1546231700.56
1546231700.59
1546231700.62
1546231700.65
1546231700.69
1546231700.72
1546231700.76
1546231700.79
1546231700.82
1546231700.86
1546231700.89
1546231700.92
1546231700.95
1546231700.99
1546231701.02
1546231701.06
1546231701.09
1546231701.12
1546231701.16
1546231701.19
1546231701.22
1546231701.26
1546231701.29
1546231701.32
1546231701.36
1546231701.39
1546231701.42
1546231701.46
1546231701.49
1546231701.52
1546231701.56
1546231701.59
1546231701.62
1546231701.66
1546231701.69
1546231701.72
1546231701.76
1546231701.79
1546231701.82
1546231701.86
1546231701.89
1546231701.92
1546231701.95
1546231701.99
1546231702.02
1546231702.06
1546231702.09
1546231702.12
1546231702.15
1546231702.19
1546231702.22
1546231702.26
1546231702.29
1546231702.32
1546231702.36
1546231702.39
1546231702.42
1546231702.45
1546231702.49
1546231702.52
1546231702.56
1546231702.59
1546231702.62
1546231702.65
1546231702.69
1546231702.72
1546231702.76
1546231702.79
1546231702.82
1546231702.86
1546231702.89
1546231702.92
1546231702.95
1546231702.99
1546231703.02
1546231703.06
1546231703.09
1546231703.12
1546231703.15
1546231703.19
1546231703.22
1546231703.26
1546231703.29
1546231703.32
1546231703.36
1546231703.39
1546231703.42
1546231703.45
1546231703.49
1546231703.52
1546231703.56
1546231703.59
1546231703.62
1546231703.66
1546231703.69
1546231703.72
1546231703.76
1546231703.79
1546231703.82
1546231703.86
1546231703.89
1546231703.92
1546231703.95
1546231703.99
1546231704.02
1546231704.06
1546231704.09
1546231704.12
1546231704.15
1546231704.19
1546231704.22
1546231704.25
1546231704.29
1546231704.32
1546231704.36
1546231704.39
1546231704.42
1546231704.45
1546231704.49
1546231704.52
1546231704.56
1546231704.59
1546231704.62
1546231704.65
1546231704.69
1546231704.72
1546231704.76
1546231704.79
1546231704.82
1546231704.85
1546231704.89
1546231704.92
1546231704.95
1546231704.99
1546231705.02
1546231705.05
1546231705.09
1546231705.12
1546231705.15
1546231705.19
1546231705.22
1546231705.25
1546231705.29
1546231705.32
1546231705.35
1546231705.39
1546231705.42
1546231705.45
1546231705.49
1546231705.52
1546231705.56
1546231705.59
1546231705.62
1546231705.65
1546231705.69
1546231705.72
1546231705.76
1546231705.79
1546231705.82
1546231705.86
1546231705.89
1546231705.92
1546231705.95
1546231705.99
1546231706.02
1546231706.06
1546231706.09
1546231706.12
1546231706.15
1546231706.19
1546231706.22
1546231706.26
1546231706.29
1546231706.32
1546231706.36
1546231706.39
1546231706.42
1546231706.45
1546231706.49
1546231706.52
1546231706.55
1546231706.59
1546231706.62
1546231706.65
1546231706.69
1546231706.72
1546231706.76
1546231706.79
1546231706.82
1546231706.86
1546231706.89
1546231706.92
1546231706.95
1546231706.99
1546231707.02
1546231707.05
1546231707.09
1546231707.12
1546231707.15
1546231707.19
1546231707.22
1546231707.26
1546231707.29
1546231707.32
1546231707.36
1546231707.39
1546231707.42
1546231707.45
1546231707.49
1546231707.52
1546231707.56
1546231707.59
1546231707.62
1546231707.65
1546231707.69
1546231707.72
1546231707.76
1546231707.79
1546231707.82
1546231707.86
1546231707.89
1546231707.92
1546231707.95
1546231707.99
1546231708.02
1546231708.05
1546231708.09
1546231708.12
1546231708.15
1546231708.19
1546231708.22
1546231708.25
1546231708.29
1546231708.32
1546231708.35
1546231708.39
1546231708.42
1546231708.45
1546231708.49
1546231708.52
1546231708.56
1546231708.59
1546231708.62
1546231708.65
1546231708.69
1546231708.72
1546231708.76
1546231708.79
1546231708.82
1546231708.86
1546231708.89
1546231708.92
1546231708.95
1546231708.99
1546231709.02
1546231709.06
1546231709.09
1546231709.12
1546231709.15
1546231709.19
1546231709.22
1546231709.26
1546231709.29
1546231709.32
1546231709.36
1546231709.39
1546231709.42
1546231709.45
1546231709.49
1546231709.52
1546231709.56
1546231709.59
1546231709.62
1546231709.65
1546231709.69
1546231709.72
1546231709.75
1546231709.79
1546231709.82
1546231709.85
1546231709.89
1546231709.92
1546231709.95
1546231709.99
1546231710.02
1546231710.06
1546231710.09
1546231710.12
1546231710.15
1546231710.19
1546231710.22
1546231710.26
1546231710.29
1546231710.32
1546231710.36
1546231710.39
1546231710.42
1546231710.45
1546231710.49
1546231710.52
1546231710.56
1546231710.59
1546231710.62
1546231710.65
1546231710.69
1546231710.72
1546231710.76
1546231710.79
1546231710.82
1546231710.86
1546231710.89
1546231710.92
1546231710.95
1546231710.99
1546231711.02
1546231711.06
1546231711.09
1546231711.12
1546231711.15
1546231711.19
1546231711.22
1546231711.26
1546231711.29
1546231711.32
1546231711.36
1546231711.39
1546231711.42
1546231711.46
1546231711.49
1546231711.52
1546231711.56
1546231711.59
1546231711.62
1546231711.65
1546231711.69
1546231711.72
1546231711.75
1546231711.79
1546231711.82
1546231711.86
1546231711.89
1546231711.92
1546231711.95
1546231711.99
1546231712.02
1546231712.06
1546231712.09
1546231712.12
1546231712.15
1546231712.19
1546231712.22
1546231712.25
1546231712.29
1546231712.32
1546231712.36
1546231712.39
1546231712.42
1546231712.45
1546231712.49
1546231712.52
1546231712.56
1546231712.59
1546231712.62
1546231712.65
1546231712.69
1546231712.72
1546231712.76
1546231712.79
1546231712.82
1546231712.86
1546231712.89
1546231712.92
1546231712.95
1546231712.99
1546231713.02
1546231713.05
1546231713.09
1546231713.12
1546231713.15
1546231713.19
1546231713.22
1546231713.25
1546231713.29
1546231713.32
1546231713.35
1546231713.39
1546231713.42
1546231713.45
1546231713.49
1546231713.52
1546231713.55
1546231713.59
1546231713.62
1546231713.65
1546231713.69
1546231713.72
1546231713.75
1546231713.79
1546231713.82
1546231713.85
1546231713.89
1546231713.92
1546231713.95
1546231713.99
1546231714.02
1546231714.05
1546231714.09
1546231714.12
1546231714.15
1546231714.19
1546231714.22
1546231714.25
1546231714.29
1546231714.32
1546231714.35
1546231714.39
1546231714.42
1546231714.45
1546231714.49
1546231714.52
1546231714.55
1546231714.59
1546231714.62
1546231714.65
1546231714.69
1546231714.72
1546231714.75
1546231714.79
1546231714.82
1546231714.85
1546231714.89
1546231714.92
1546231714.95
1546231714.99
1546231715.02
1546231715.05
1546231715.09
1546231715.12
1546231715.15
1546231715.19
1546231715.22
1546231715.25
1546231715.29
1546231715.32
1546231715.35
1546231715.39
1546231715.42
1546231715.45
1546231715.49
1546231715.52
1546231715.55
1546231715.59
1546231715.62
1546231715.65
1546231715.69
1546231715.72
1546231715.75
1546231715.79
1546231715.82
1546231715.85
1546231715.89
1546231715.92
1546231715.95
1546231715.99
1546231716.02
1546231716.05
1546231716.09
1546231716.12
1546231716.15
1546231716.19
1546231716.22
1546231716.26
1546231716.29
1546231716.32
1546231716.36
1546231716.39
1546231716.42
1546231716.45
1546231716.49
1546231716.52
1546231716.55
1546231716.59
1546231716.62
1546231716.65
1546231716.69
1546231716.72
1546231716.75
1546231716.79
1546231716.82
1546231716.85
1546231716.89
1546231716.92
1546231716.95
1546231716.99
1546231717.02
1546231717.06
1546231717.09
1546231717.12
1546231717.15
1546231717.19
1546231717.22
1546231717.25
1546231717.29
1546231717.32
1546231717.36
1546231717.39
1546231717.42
1546231717.45
1546231717.49
1546231717.52
1546231717.55
1546231717.59
1546231717.62
1546231717.65
1546231717.69
1546231717.72
1546231717.75
1546231717.79
1546231717.82
1546231717.86
1546231717.89
1546231717.92
1546231717.95
1546231717.99
1546231718.02
1546231718.05
1546231718.09
1546231718.12
1546231718.15
1546231718.19
1546231718.22
1546231718.25
1546231718.29
1546231718.32
1546231718.35
1546231718.39
1546231718.42
1546231718.45
1546231718.49
1546231718.52
1546231718.55
1546231718.59
1546231718.62
1546231718.65
1546231718.69
1546231718.72
1546231718.75
1546231718.79
1546231718.82
1546231718.85
1546231718.89
1546231718.92
1546231718.95
1546231718.99
1546231719.02
1546231719.05
1546231719.09
1546231719.12
1546231719.15
1546231719.19
1546231719.22
1546231719.25
1546231719.29
1546231719.32
1546231719.35
1546231719.39
1546231719.42
1546231719.45
1546231719.49
1546231719.52
1546231719.55
1546231719.59
1546231719.62
1546231719.65
1546231719.69
1546231719.72
1546231719.76
1546231719.79
1546231719.82
1546231719.85
1546231719.89
1546231719.92
1546231719.95
1546231719.99
1546231720.02
1546231720.06
1546231720.09
1546231720.12
1546231720.15
1546231720.19
1546231720.22
1546231720.25
1546231720.29
1546231720.32
1546231720.35
1546231720.39
1546231720.42
1546231720.45
1546231720.49
1546231720.52
1546231720.56
1546231720.59
1546231720.62
1546231720.65
1546231720.69
1546231720.72
1546231720.76
1546231720.79
1546231720.82
1546231720.86
1546231720.89
1546231720.92
1546231720.96
1546231720.99
1546231721.02
1546231721.06
1546231721.09
1546231721.12
1546231721.15
1546231721.19
1546231721.22
1546231721.26
1546231721.29
1546231721.32
1546231721.36
1546231721.39
1546231721.42
1546231721.46
1546231721.49
1546231721.52
1546231721.56
1546231721.59
1546231721.62
1546231721.66
1546231721.69
1546231721.72
1546231721.76
1546231721.79
1546231721.82
1546231721.86
1546231721.89
1546231721.92
1546231721.96
1546231721.99
1546231722.02
1546231722.06
1546231722.09
1546231722.12
1546231722.16
1546231722.19
1546231722.22
1546231722.26
1546231722.29
1546231722.32
1546231722.36
1546231722.39
1546231722.42
1546231722.46
1546231722.49
1546231722.52
1546231722.56
1546231722.59
1546231722.62
1546231722.66
1546231722.69
1546231722.72
1546231722.76
1546231722.79
1546231722.82
1546231722.86
1546231722.89
1546231722.92
1546231722.96
1546231722.99
1546231723.02
1546231723.06
1546231723.09
1546231723.12
1546231723.16
1546231723.19
1546231723.22
1546231723.25
1546231723.29
1546231723.32
1546231723.35
1546231723.38
1546231723.42
1546231723.45
1546231723.48
1546231723.52
1546231723.55
1546231723.58
1546231723.62
1546231723.65
1546231723.68
1546231723.72
1546231723.75
1546231723.78
1546231723.82
1546231723.85
1546231723.88
1546231723.92
1546231723.95
1546231723.98
1546231724.02
1546231724.05
1546231724.08
1546231724.12
1546231724.15
1546231724.18
1546231724.22
1546231724.25
1546231724.28
1546231724.32
1546231724.35
1546231724.38
1546231724.42
1546231724.45
1546231724.48
1546231724.52
1546231724.55
1546231724.58
1546231724.62
1546231724.65
1546231724.68
1546231724.72
1546231724.75
1546231724.78
1546231724.82
1546231724.85
1546231724.88
1546231724.92
1546231724.95
1546231724.98
1546231725.02
1546231725.05
1546231725.08
1546231725.12
1546231725.15
1546231725.18
1546231725.22
1546231725.25
1546231725.28
1546231725.32
1546231725.35
1546231725.38
1546231725.42
1546231725.45
1546231725.48
1546231725.52
1546231725.55
1546231725.58
1546231725.62
1546231725.65
1546231725.68
1546231725.72
1546231725.75
1546231725.78
1546231725.82
1546231725.85
1546231725.88
1546231725.92
1546231725.95
1546231725.98
1546231726.02
1546231726.05
1546231726.08
1546231726.12
1546231726.15
1546231726.18
1546231726.22
1546231726.25
1546231726.28
1546231726.32
1546231726.35
1546231726.38
1546231726.42
1546231726.45
1546231726.48
1546231726.52
1546231726.55
1546231726.58
1546231726.62
1546231726.65
1546231726.68
1546231726.72
1546231726.75
1546231726.78
1546231726.82
1546231726.85
1546231726.88
1546231726.91
1546231726.95
1546231726.98
1546231727.02
1546231727.05
1546231727.08
1546231727.12
1546231727.15
1546231727.18
1546231727.22
1546231727.25
1546231727.28
1546231727.32
1546231727.35
1546231727.38
1546231727.42
1546231727.45
1546231727.48
1546231727.52
1546231727.55
1546231727.58
1546231727.62
1546231727.65
1546231727.68
1546231727.71
1546231727.75
1546231727.78
1546231727.82
1546231727.85
1546231727.88
1546231727.91
1546231727.95
1546231727.98
1546231728.02
1546231728.05
1546231728.08
1546231728.11
1546231728.15
1546231728.18
1546231728.21
1546231728.25
1546231728.28
1546231728.31
1546231728.35
1546231728.38
1546231728.41
1546231728.45
1546231728.48
1546231728.51
1546231728.55
1546231728.58
1546231728.61
1546231728.65
1546231728.68
1546231728.71
1546231728.75
1546231728.78
1546231728.81
1546231728.85
1546231728.88
1546231728.91
1546231728.95
1546231728.98
1546231729.01
1546231729.05
1546231729.08
1546231729.11
1546231729.15
1546231729.18
1546231729.21
1546231729.25
1546231729.28
1546231729.31
1546231729.35
1546231729.38
1546231729.41
1546231729.45
1546231729.48
1546231729.51
1546231729.55
1546231729.58
1546231729.61
1546231729.64
1546231729.68
1546231729.71
1546231729.74
1546231729.78
1546231729.81
1546231729.85
1546231729.88
1546231729.91
1546231729.94
1546231729.98
1546231730.01
1546231730.04
1546231730.08
1546231730.11
1546231730.14
1546231730.18
1546231730.21
1546231730.25
1546231730.28
1546231730.31
1546231730.34
1546231730.38
1546231730.41
1546231730.44
1546231730.48
1546231730.51
1546231730.54
1546231730.58
1546231730.61
1546231730.64
1546231730.68
1546231730.71
1546231730.74
1546231730.78
1546231730.81
1546231730.84
1546231730.88
1546231730.91
1546231730.94
1546231730.98
1546231731.01
1546231731.04
1546231731.08
1546231731.11
1546231731.14
1546231731.18
1546231731.21
1546231731.24
1546231731.28
1546231731.31
1546231731.34
1546231731.38
1546231731.41
1546231731.44
1546231731.48
1546231731.51
1546231731.54
1546231731.58
1546231731.61
1546231731.64
1546231731.68
1546231731.71
1546231731.74
1546231731.78
1546231731.81
1546231731.84
1546231731.88
1546231731.91
1546231731.94
1546231731.98
1546231732.01
1546231732.05
1546231732.08
1546231732.11
1546231732.14
1546231732.18
1546231732.21
1546231732.24
1546231732.28
1546231732.31
1546231732.34
1546231732.38
1546231732.41
1546231732.44
1546231732.48
1546231732.51
1546231732.54
1546231732.58
1546231732.61
1546231732.64
1546231732.68
1546231732.71
1546231732.74
1546231732.78
1546231732.81
1546231732.84
1546231732.88
1546231732.91
1546231732.94
1546231732.98
1546231733.01
1546231733.04
1546231733.08
1546231733.11
1546231733.14
1546231733.17
1546231733.21
1546231733.24
1546231733.28
1546231733.31
1546231733.34
1546231733.38
1546231733.41
1546231733.44
1546231733.47
1546231733.51
1546231733.54
1546231733.58
1546231733.61
1546231733.64
1546231733.68
1546231733.71
1546231733.74
1546231733.78
1546231733.81
1546231733.84
1546231733.88
1546231733.91
1546231733.94
1546231733.97
1546231734.01
1546231734.04
1546231734.08
1546231734.11
1546231734.14
1546231734.18
1546231734.21
1546231734.24
1546231734.28
1546231734.31
1546231734.34
1546231734.38
1546231734.41
1546231734.44
1546231734.48
1546231734.51
1546231734.54
1546231734.58
1546231734.61
1546231734.64
1546231734.68
1546231734.71
1546231734.74
1546231734.78
1546231734.81
1546231734.84
1546231734.88
1546231734.91
1546231734.94
1546231734.97
1546231735.01
1546231735.04
1546231735.08
1546231735.11
1546231735.14
1546231735.17
1546231735.21
1546231735.24
1546231735.28
1546231735.31
1546231735.34
1546231735.38
1546231735.41
1546231735.44
1546231735.47
1546231735.51
1546231735.54
1546231735.58
1546231735.61
1546231735.64
1546231735.67
1546231735.71
1546231735.74
1546231735.78
1546231735.81
1546231735.84
1546231735.88
1546231735.91
1546231735.94
1546231735.97
1546231736.01
1546231736.04
1546231736.08
1546231736.11
1546231736.14
1546231736.18
1546231736.21
1546231736.24
1546231736.28
1546231736.31
1546231736.34
1546231736.38
1546231736.41
1546231736.44
1546231736.47
