1546227375.34
1546227375.54
1546227375.58
1546227375.61
1546227375.64
1546227375.67
1546227375.7
1546227375.73
1546227375.77
1546227375.8
1546227375.83
1546227375.86
1546227375.9
1546227375.93
1546227375.96
1546227376.0
1546227376.03
1546227376.06
1546227376.1
1546227376.13
1546227376.16
1546227376.2
1546227376.23
1546227376.26
1546227376.3
1546227376.33
1546227376.36
1546227376.4
1546227376.43
1546227376.46
1546227376.5
1546227376.53
1546227376.56
1546227376.6
1546227376.63
1546227376.66
1546227376.7
1546227376.73
1546227376.76
1546227376.8
1546227376.83
1546227376.86
1546227376.9
1546227376.93
1546227376.96
1546227377.0
1546227377.03
1546227377.06
1546227377.1
1546227377.13
1546227377.16
1546227377.2
1546227377.23
1546227377.26
1546227377.3
1546227377.33
1546227377.36
1546227377.4
1546227377.43
1546227377.46
1546227377.5
1546227377.53
1546227377.56
1546227377.6
1546227377.63
1546227377.66
1546227377.7
1546227377.73
1546227377.76
1546227377.8
1546227377.83
1546227377.86
1546227377.9
1546227377.93
1546227377.96
1546227378.0
1546227378.03
1546227378.06
1546227378.1
1546227378.13
1546227378.16
1546227378.2
1546227378.23
1546227378.26
1546227378.3
1546227378.33
1546227378.36
1546227378.4
1546227378.43
1546227378.46
1546227378.49
1546227378.53
1546227378.56
1546227378.6
1546227378.63
1546227378.66
1546227378.7
1546227378.73
1546227378.76
1546227378.8
1546227378.83
1546227378.86
1546227378.9
1546227378.93
1546227378.96
1546227379.0
1546227379.03
1546227379.06
1546227379.1
1546227379.13
1546227379.16
1546227379.2
1546227379.23
1546227379.26
1546227379.3
1546227379.33
1546227379.36
1546227379.39
1546227379.43
1546227379.46
1546227379.49
1546227379.53
1546227379.56
1546227379.6
1546227379.63
1546227379.66
1546227379.69
1546227379.73
1546227379.76
1546227379.8
1546227379.83
1546227379.86
1546227379.89
1546227379.93
1546227379.96
1546227379.99
1546227380.03
1546227380.06
1546227380.1
1546227380.13
1546227380.16
1546227380.19
1546227380.23
1546227380.26
1546227380.29
1546227380.33
1546227380.36
1546227380.39
1546227380.43
1546227380.46
1546227380.49
1546227380.53
1546227380.56
1546227380.59
1546227380.63
1546227380.66
1546227380.69
1546227380.73
1546227380.76
1546227380.79
1546227380.83
1546227380.86
1546227380.89
1546227380.93
1546227380.96
1546227380.99
1546227381.03
1546227381.06
1546227381.09
1546227381.13
1546227381.16
1546227381.19
1546227381.23
1546227381.26
1546227381.29
1546227381.33
1546227381.36
1546227381.39
1546227381.42
1546227381.46
1546227381.49
1546227381.53
1546227381.56
1546227381.59
1546227381.63
1546227381.66
1546227381.69
1546227381.73
1546227381.76
1546227381.79
1546227381.83
1546227381.86
1546227381.89
1546227381.92
1546227381.96
1546227381.99
1546227382.03
1546227382.06
1546227382.09
1546227382.12
1546227382.16
1546227382.19
1546227382.22
1546227382.26
1546227382.29
1546227382.33
1546227382.36
1546227382.39
1546227382.43
1546227382.46
1546227382.49
1546227382.53
1546227382.56
1546227382.59
1546227382.62
1546227382.66
1546227382.69
1546227382.72
1546227382.76
1546227382.79
1546227382.83
1546227382.86
1546227382.89
1546227382.92
1546227382.96
1546227382.99
1546227383.03
1546227383.06
1546227383.09
1546227383.13
1546227383.16
1546227383.19
1546227383.22
1546227383.26
1546227383.29
1546227383.33
1546227383.36
1546227383.39
1546227383.42
1546227383.46
1546227383.49
1546227383.53
1546227383.56
1546227383.59
1546227383.63
1546227383.66
1546227383.69
1546227383.73
1546227383.76
1546227383.79
1546227383.83
1546227383.86
1546227383.89
1546227383.93
1546227383.96
1546227383.99
1546227384.03
1546227384.06
1546227384.09
1546227384.13
1546227384.16
1546227384.19
1546227384.23
1546227384.26
1546227384.3
1546227384.33
1546227384.36
1546227384.39
1546227384.43
1546227384.46
1546227384.49
1546227384.53
1546227384.56
1546227384.59
1546227384.63
1546227384.66
1546227384.69
1546227384.73
1546227384.76
1546227384.79
1546227384.83
1546227384.86
1546227384.89
1546227384.93
1546227384.96
1546227384.99
1546227385.03
1546227385.06
1546227385.1
1546227385.13
1546227385.16
1546227385.19
1546227385.23
1546227385.26
1546227385.3
1546227385.33
1546227385.36
1546227385.4
1546227385.43
1546227385.46
1546227385.5
1546227385.53
1546227385.56
1546227385.6
1546227385.63
1546227385.66
1546227385.69
1546227385.73
1546227385.76
1546227385.8
1546227385.83
1546227385.86
1546227385.89
1546227385.93
1546227385.96
1546227386.0
1546227386.03
1546227386.06
1546227386.1
1546227386.13
1546227386.16
1546227386.2
1546227386.23
1546227386.26
1546227386.3
1546227386.33
1546227386.36
1546227386.4
1546227386.43
1546227386.46
1546227386.5
1546227386.53
1546227386.56
1546227386.6
1546227386.63
1546227386.66
1546227386.7
1546227386.73
1546227386.76
1546227386.8
1546227386.83
1546227386.86
1546227386.9
1546227386.93
1546227386.96
1546227387.0
1546227387.03
1546227387.07
1546227387.1
1546227387.13
1546227387.16
1546227387.2
1546227387.23
1546227387.27
1546227387.3
1546227387.33
1546227387.37
1546227387.4
1546227387.43
1546227387.46
1546227387.5
1546227387.53
1546227387.57
1546227387.6
1546227387.63
1546227387.66
1546227387.7
1546227387.73
1546227387.77
1546227387.8
1546227387.83
1546227387.87
1546227387.9
1546227387.93
1546227387.97
1546227388.0
1546227388.03
1546227388.07
1546227388.1
1546227388.13
1546227388.17
1546227388.2
1546227388.23
1546227388.27
1546227388.3
1546227388.33
1546227388.37
1546227388.4
1546227388.43
1546227388.47
1546227388.5
1546227388.53
1546227388.57
1546227388.6
1546227388.62
1546227388.66
1546227388.69
1546227388.72
1546227388.76
1546227388.79
1546227388.83
1546227388.86
1546227388.89
1546227388.93
1546227388.96
1546227388.99
1546227389.03
1546227389.06
1546227389.09
1546227389.13
1546227389.16
1546227389.19
1546227389.23
1546227389.26
1546227389.29
1546227389.33
1546227389.36
1546227389.39
1546227389.43
1546227389.46
1546227389.49
1546227389.53
1546227389.56
1546227389.59
1546227389.63
1546227389.66
1546227389.69
1546227389.73
1546227389.76
1546227389.79
1546227389.83
1546227389.86
1546227389.89
1546227389.93
1546227389.96
1546227389.99
1546227390.03
1546227390.06
1546227390.09
1546227390.13
1546227390.16
1546227390.19
1546227390.23
1546227390.26
1546227390.29
1546227390.33
1546227390.36
1546227390.39
1546227390.43
1546227390.46
1546227390.49
1546227390.53
1546227390.56
1546227390.59
1546227390.63
1546227390.66
1546227390.69
1546227390.73
1546227390.76
1546227390.8
1546227390.83
1546227390.86
1546227390.89
1546227390.93
1546227390.96
1546227390.99
1546227391.03
1546227391.06
1546227391.09
1546227391.13
1546227391.16
1546227391.19
1546227391.23
1546227391.26
1546227391.29
1546227391.33
1546227391.36
1546227391.39
1546227391.43
1546227391.46
1546227391.49
1546227391.53
1546227391.56
1546227391.59
1546227391.63
1546227391.66
1546227391.69
1546227391.73
1546227391.76
1546227391.79
1546227391.83
1546227391.86
1546227391.89
1546227391.93
1546227391.96
1546227391.99
1546227392.03
1546227392.06
1546227392.09
1546227392.13
1546227392.16
1546227392.19
1546227392.23
1546227392.26
1546227392.29
1546227392.33
1546227392.36
1546227392.39
1546227392.43
1546227392.46
1546227392.49
1546227392.53
1546227392.56
1546227392.59
1546227392.63
1546227392.66
1546227392.69
1546227392.73
1546227392.76
1546227392.79
1546227392.83
1546227392.86
1546227392.89
1546227392.93
1546227392.96
1546227392.99
1546227393.03
1546227393.06
1546227393.09
1546227393.13
1546227393.16
1546227393.19
1546227393.23
1546227393.26
1546227393.29
1546227393.33
1546227393.36
1546227393.39
1546227393.43
1546227393.46
1546227393.49
1546227393.53
1546227393.56
1546227393.59
1546227393.63
1546227393.66
1546227393.69
1546227393.73
1546227393.76
1546227393.79
1546227393.83
1546227393.86
1546227393.89
1546227393.93
1546227393.96
1546227393.99
1546227394.03
1546227394.06
1546227394.09
1546227394.13
1546227394.16
1546227394.19
1546227394.23
1546227394.26
1546227394.29
1546227394.33
1546227394.36
1546227394.39
1546227394.43
1546227394.46
1546227394.49
1546227394.53
1546227394.56
1546227394.59
1546227394.63
1546227394.66
1546227394.69
1546227394.73
1546227394.76
1546227394.79
1546227394.83
1546227394.86
1546227394.89
1546227394.93
1546227394.96
1546227394.99
1546227395.03
1546227395.06
1546227395.09
1546227395.13
1546227395.16
1546227395.19
1546227395.23
1546227395.26
1546227395.29
1546227395.33
1546227395.36
1546227395.39
1546227395.43
1546227395.46
1546227395.49
1546227395.53
1546227395.56
1546227395.59
1546227395.63
1546227395.66
1546227395.69
1546227395.72
1546227395.76
1546227395.79
1546227395.83
1546227395.86
1546227395.89
1546227395.92
1546227395.96
1546227395.99
1546227396.03
1546227396.06
1546227396.09
1546227396.12
1546227396.16
1546227396.19
1546227396.22
1546227396.26
1546227396.29
1546227396.33
1546227396.36
1546227396.39
1546227396.43
1546227396.46
1546227396.49
1546227396.53
1546227396.56
1546227396.59
1546227396.63
1546227396.66
1546227396.69
1546227396.73
1546227396.76
1546227396.79
1546227396.83
1546227396.86
1546227396.89
1546227396.93
1546227396.96
1546227396.99
1546227397.03
1546227397.06
1546227397.09
1546227397.12
1546227397.16
1546227397.19
1546227397.22
1546227397.26
1546227397.29
1546227397.32
1546227397.36
1546227397.39
1546227397.42
1546227397.46
1546227397.49
1546227397.52
1546227397.56
1546227397.59
1546227397.62
1546227397.66
1546227397.69
1546227397.72
1546227397.76
1546227397.79
1546227397.82
1546227397.86
1546227397.89
1546227397.92
1546227397.96
1546227397.99
1546227398.03
1546227398.06
1546227398.09
1546227398.12
1546227398.16
1546227398.19
1546227398.22
1546227398.26
1546227398.29
1546227398.32
1546227398.36
1546227398.39
1546227398.42
1546227398.46
1546227398.49
1546227398.53
1546227398.56
1546227398.59
1546227398.62
1546227398.66
1546227398.69
1546227398.72
1546227398.76
1546227398.79
1546227398.83
1546227398.86
1546227398.89
1546227398.92
1546227398.96
1546227398.99
1546227399.03
1546227399.06
1546227399.09
1546227399.12
1546227399.16
1546227399.19
1546227399.23
1546227399.26
1546227399.29
1546227399.33
1546227399.36
1546227399.39
1546227399.42
1546227399.46
1546227399.49
1546227399.52
1546227399.56
1546227399.59
1546227399.62
1546227399.66
1546227399.69
1546227399.72
1546227399.76
1546227399.79
1546227399.82
1546227399.86
1546227399.89
1546227399.92
1546227399.96
1546227399.99
1546227400.02
1546227400.06
1546227400.09
1546227400.12
1546227400.16
1546227400.19
1546227400.22
1546227400.26
1546227400.29
1546227400.32
1546227400.36
1546227400.39
1546227400.42
1546227400.46
1546227400.49
1546227400.52
1546227400.56
1546227400.59
1546227400.62
1546227400.66
1546227400.69
1546227400.72
1546227400.76
1546227400.79
1546227400.82
1546227400.86
1546227400.89
1546227400.92
1546227400.96
1546227400.99
1546227401.02
1546227401.06
1546227401.09
1546227401.12
1546227401.16
1546227401.19
1546227401.22
1546227401.26
1546227401.29
1546227401.32
1546227401.36
1546227401.39
1546227401.42
1546227401.46
1546227401.49
1546227401.52
1546227401.56
1546227401.59
1546227401.62
1546227401.66
1546227401.69
1546227401.72
1546227401.76
1546227401.79
1546227401.82
1546227401.86
1546227401.89
1546227401.92
1546227401.96
1546227401.99
1546227402.02
1546227402.06
1546227402.09
1546227402.12
1546227402.16
1546227402.19
1546227402.22
1546227402.26
1546227402.29
1546227402.32
1546227402.36
1546227402.39
1546227402.42
1546227402.46
1546227402.49
1546227402.52
1546227402.56
1546227402.59
1546227402.62
1546227402.66
1546227402.69
1546227402.72
1546227402.76
1546227402.79
1546227402.82
1546227402.86
1546227402.89
1546227402.92
1546227402.96
1546227402.99
1546227403.02
1546227403.06
1546227403.09
1546227403.12
1546227403.16
1546227403.19
1546227403.22
1546227403.26
1546227403.29
1546227403.32
1546227403.36
1546227403.39
1546227403.42
1546227403.46
1546227403.49
1546227403.52
1546227403.56
1546227403.59
1546227403.62
1546227403.66
1546227403.69
1546227403.72
1546227403.76
1546227403.79
1546227403.82
1546227403.86
1546227403.89
1546227403.92
1546227403.96
1546227403.99
1546227404.02
1546227404.06
1546227404.09
1546227404.12
1546227404.16
1546227404.19
1546227404.22
1546227404.26
1546227404.29
1546227404.32
1546227404.36
1546227404.39
1546227404.42
1546227404.46
1546227404.49
1546227404.52
1546227404.56
1546227404.59
1546227404.62
1546227404.66
1546227404.69
1546227404.72
1546227404.76
1546227404.79
1546227404.82
1546227404.86
1546227404.89
1546227404.92
1546227404.96
1546227404.99
1546227405.02
1546227405.06
1546227405.09
1546227405.12
1546227405.16
1546227405.19
1546227405.22
1546227405.26
1546227405.29
1546227405.32
1546227405.36
1546227405.39
1546227405.42
1546227405.46
1546227405.49
1546227405.52
1546227405.56
1546227405.59
1546227405.62
1546227405.66
1546227405.69
1546227405.72
1546227405.76
1546227405.79
1546227405.82
1546227405.86
1546227405.89
1546227405.92
1546227405.96
1546227405.99
1546227406.02
1546227406.06
1546227406.09
1546227406.12
1546227406.16
1546227406.19
1546227406.22
1546227406.26
1546227406.29
1546227406.32
1546227406.36
1546227406.39
1546227406.42
1546227406.46
1546227406.49
1546227406.53
1546227406.56
1546227406.59
1546227406.62
1546227406.66
1546227406.69
1546227406.72
1546227406.76
1546227406.79
1546227406.83
1546227406.86
1546227406.89
1546227406.93
1546227406.96
1546227406.99
1546227407.02
1546227407.06
1546227407.09
1546227407.12
1546227407.16
1546227407.19
1546227407.22
1546227407.26
1546227407.29
1546227407.33
1546227407.36
1546227407.39
1546227407.42
1546227407.46
1546227407.49
1546227407.52
1546227407.56
1546227407.59
1546227407.62
1546227407.66
1546227407.69
1546227407.72
1546227407.76
1546227407.79
1546227407.82
1546227407.86
1546227407.89
1546227407.92
1546227407.96
1546227407.99
1546227408.02
1546227408.06
1546227408.09
1546227408.12
1546227408.16
1546227408.19
1546227408.22
1546227408.26
1546227408.29
1546227408.32
1546227408.36
1546227408.39
1546227408.42
1546227408.46
1546227408.49
1546227408.52
1546227408.56
1546227408.59
1546227408.62
1546227408.66
1546227408.69
1546227408.72
1546227408.76
1546227408.79
1546227408.82
1546227408.86
1546227408.89
1546227408.92
1546227408.96
1546227408.99
1546227409.02
1546227409.06
1546227409.09
1546227409.12
1546227409.16
1546227409.19
1546227409.22
1546227409.26
1546227409.29
1546227409.32
1546227409.36
1546227409.39
1546227409.42
1546227409.46
1546227409.49
1546227409.53
1546227409.56
1546227409.59
1546227409.62
1546227409.66
1546227409.69
1546227409.72
1546227409.76
1546227409.79
1546227409.83
1546227409.86
1546227409.89
1546227409.93
1546227409.96
1546227409.99
1546227410.03
1546227410.06
1546227410.09
1546227410.13
1546227410.16
1546227410.19
1546227410.23
1546227410.26
1546227410.29
1546227410.33
1546227410.36
1546227410.39
1546227410.43
1546227410.46
1546227410.49
1546227410.53
1546227410.56
1546227410.59
1546227410.63
1546227410.66
1546227410.69
1546227410.73
1546227410.76
1546227410.8
1546227410.83
1546227410.86
1546227410.89
1546227410.93
1546227410.96
1546227410.99
1546227411.03
1546227411.06
1546227411.1
1546227411.13
1546227411.16
1546227411.19
1546227411.23
1546227411.26
1546227411.3
1546227411.33
1546227411.36
1546227411.4
1546227411.43
1546227411.46
1546227411.5
1546227411.53
1546227411.56
1546227411.6
1546227411.63
1546227411.66
1546227411.7
1546227411.73
1546227411.76
1546227411.8
1546227411.83
1546227411.86
1546227411.89
1546227411.93
1546227411.96
1546227412.0
1546227412.03
1546227412.06
1546227412.1
1546227412.13
1546227412.16
1546227412.2
1546227412.23
1546227412.26
1546227412.3
1546227412.33
1546227412.36
1546227412.4
1546227412.43
1546227412.46
1546227412.5
1546227412.53
1546227412.56
1546227412.6
1546227412.63
1546227412.66
1546227412.7
1546227412.73
1546227412.76
1546227412.8
1546227412.83
1546227412.86
1546227412.9
1546227412.93
1546227412.96
1546227413.0
1546227413.03
1546227413.06
1546227413.1
1546227413.13
1546227413.16
1546227413.2
1546227413.23
1546227413.26
1546227413.3
1546227413.33
1546227413.36
1546227413.39
1546227413.42
1546227413.46
1546227413.49
1546227413.52
1546227413.56
1546227413.59
1546227413.62
1546227413.66
1546227413.69
1546227413.72
1546227413.76
1546227413.79
1546227413.82
1546227413.86
1546227413.89
1546227413.92
1546227413.96
1546227413.99
1546227414.02
1546227414.06
1546227414.09
1546227414.12
1546227414.16
1546227414.19
1546227414.22
1546227414.26
1546227414.29
1546227414.32
1546227414.36
1546227414.39
1546227414.42
1546227414.46
1546227414.49
1546227414.52
1546227414.56
1546227414.59
1546227414.62
1546227414.66
1546227414.69
1546227414.72
1546227414.76
1546227414.79
1546227414.82
1546227414.86
1546227414.89
1546227414.92
1546227414.96
1546227414.99
1546227415.02
1546227415.06
1546227415.09
1546227415.12
1546227415.16
1546227415.19
1546227415.22
1546227415.26
1546227415.29
1546227415.32
1546227415.36
1546227415.39
1546227415.42
1546227415.46
1546227415.49
1546227415.52
1546227415.56
1546227415.59
1546227415.62
1546227415.65
1546227415.69
1546227415.72
1546227415.76
1546227415.79
1546227415.82
1546227415.86
1546227415.89
1546227415.92
1546227415.95
1546227415.99
1546227416.02
1546227416.06
1546227416.09
1546227416.12
1546227416.15
1546227416.19
1546227416.22
1546227416.26
1546227416.29
1546227416.32
1546227416.36
1546227416.39
1546227416.42
1546227416.45
1546227416.49
1546227416.52
1546227416.56
1546227416.59
1546227416.62
1546227416.65
1546227416.69
1546227416.72
1546227416.76
1546227416.79
1546227416.82
1546227416.86
1546227416.89
1546227416.92
1546227416.96
1546227416.99
1546227417.02
1546227417.06
1546227417.09
1546227417.12
1546227417.16
1546227417.19
1546227417.22
1546227417.26
1546227417.29
1546227417.32
1546227417.36
1546227417.39
1546227417.42
1546227417.45
1546227417.49
1546227417.52
1546227417.56
1546227417.59
1546227417.62
1546227417.65
1546227417.69
1546227417.72
1546227417.76
1546227417.79
1546227417.82
1546227417.86
1546227417.89
1546227417.92
1546227417.95
1546227417.99
1546227418.02
1546227418.06
1546227418.09
1546227418.12
1546227418.15
1546227418.19
1546227418.22
1546227418.26
1546227418.29
1546227418.32
1546227418.35
1546227418.39
1546227418.42
1546227418.45
1546227418.49
1546227418.52
1546227418.55
1546227418.59
1546227418.62
1546227418.65
1546227418.69
1546227418.72
1546227418.75
1546227418.79
1546227418.82
1546227418.86
1546227418.89
1546227418.92
1546227418.95
1546227418.99
1546227419.02
1546227419.06
1546227419.09
1546227419.12
1546227419.15
1546227419.19
1546227419.22
1546227419.26
1546227419.29
1546227419.32
1546227419.36
1546227419.39
1546227419.42
1546227419.45
1546227419.49
1546227419.52
1546227419.56
1546227419.59
1546227419.62
1546227419.65
1546227419.69
1546227419.72
1546227419.76
1546227419.79
1546227419.82
1546227419.86
1546227419.89
1546227419.92
1546227419.95
1546227419.99
1546227420.02
1546227420.06
1546227420.09
1546227420.12
1546227420.16
1546227420.19
1546227420.22
1546227420.26
1546227420.29
1546227420.32
1546227420.36
1546227420.39
1546227420.42
1546227420.46
1546227420.49
1546227420.52
1546227420.56
1546227420.59
1546227420.62
1546227420.65
1546227420.69
1546227420.72
1546227420.76
1546227420.79
1546227420.82
1546227420.86
1546227420.89
1546227420.92
1546227420.95
1546227420.99
1546227421.02
1546227421.05
1546227421.09
1546227421.12
1546227421.15
1546227421.19
1546227421.22
1546227421.25
1546227421.29
1546227421.32
1546227421.35
1546227421.39
1546227421.42
1546227421.45
1546227421.49
1546227421.52
1546227421.55
1546227421.59
1546227421.62
1546227421.65
1546227421.69
1546227421.72
1546227421.75
1546227421.79
1546227421.82
1546227421.86
1546227421.89
1546227421.92
1546227421.95
1546227421.99
1546227422.02
1546227422.06
1546227422.09
1546227422.12
1546227422.15
1546227422.19
1546227422.22
1546227422.26
1546227422.29
1546227422.32
1546227422.36
1546227422.39
1546227422.42
1546227422.45
1546227422.49
1546227422.52
1546227422.56
1546227422.59
1546227422.62
1546227422.65
1546227422.69
1546227422.72
1546227422.76
1546227422.79
1546227422.82
1546227422.85
1546227422.89
1546227422.92
1546227422.95
1546227422.99
1546227423.02
1546227423.05
1546227423.09
1546227423.12
1546227423.15
1546227423.19
1546227423.22
1546227423.25
1546227423.29
1546227423.32
1546227423.36
1546227423.39
1546227423.42
1546227423.45
1546227423.49
1546227423.52
1546227423.56
1546227423.59
1546227423.62
1546227423.65
1546227423.69
1546227423.72
1546227423.76
1546227423.79
1546227423.82
1546227423.86
1546227423.89
1546227423.92
1546227423.95
1546227423.99
1546227424.02
1546227424.06
1546227424.09
1546227424.12
1546227424.16
1546227424.19
1546227424.22
1546227424.26
1546227424.29
1546227424.32
1546227424.36
1546227424.39
1546227424.42
1546227424.46
1546227424.49
1546227424.52
1546227424.56
1546227424.59
1546227424.62
1546227424.66
1546227424.69
1546227424.72
1546227424.76
1546227424.79
1546227424.82
1546227424.86
1546227424.89
1546227424.92
1546227424.96
1546227424.99
1546227425.02
1546227425.06
1546227425.09
1546227425.12
1546227425.16
1546227425.19
1546227425.22
1546227425.26
1546227425.29
1546227425.32
1546227425.36
1546227425.39
1546227425.42
1546227425.46
1546227425.49
1546227425.52
1546227425.56
1546227425.59
1546227425.62
1546227425.66
1546227425.69
1546227425.72
1546227425.76
1546227425.79
1546227425.82
1546227425.86
1546227425.89
1546227425.92
1546227425.96
1546227425.99
1546227426.02
1546227426.06
1546227426.09
1546227426.12
1546227426.16
1546227426.19
1546227426.22
1546227426.26
1546227426.29
1546227426.32
1546227426.36
1546227426.39
1546227426.42
1546227426.46
1546227426.49
1546227426.52
1546227426.56
1546227426.59
1546227426.62
1546227426.66
1546227426.69
1546227426.72
1546227426.76
1546227426.79
1546227426.82
1546227426.86
1546227426.89
1546227426.92
1546227426.95
1546227426.99
1546227427.02
1546227427.06
1546227427.09
1546227427.12
1546227427.15
1546227427.19
1546227427.22
1546227427.26
1546227427.29
1546227427.32
1546227427.35
1546227427.39
1546227427.42
1546227427.45
1546227427.49
1546227427.52
1546227427.55
1546227427.59
1546227427.62
1546227427.65
1546227427.69
1546227427.72
1546227427.76
1546227427.79
1546227427.82
1546227427.86
1546227427.89
1546227427.92
1546227427.95
1546227427.99
1546227428.02
1546227428.06
1546227428.09
1546227428.12
1546227428.15
1546227428.19
1546227428.22
1546227428.26
1546227428.29
1546227428.32
1546227428.35
1546227428.39
1546227428.42
1546227428.45
1546227428.49
1546227428.52
1546227428.55
1546227428.59
1546227428.62
1546227428.65
1546227428.69
1546227428.72
1546227428.76
1546227428.79
1546227428.82
1546227428.85
1546227428.89
1546227428.92
1546227428.95
1546227428.99
1546227429.02
1546227429.05
1546227429.09
1546227429.12
1546227429.15
1546227429.19
1546227429.22
1546227429.25
1546227429.29
1546227429.32
1546227429.35
1546227429.39
1546227429.42
1546227429.45
1546227429.49
1546227429.52
1546227429.55
1546227429.59
1546227429.62
1546227429.65
1546227429.69
1546227429.72
1546227429.75
1546227429.79
1546227429.82
1546227429.85
1546227429.89
1546227429.92
1546227429.95
1546227429.99
1546227430.02
1546227430.05
1546227430.09
1546227430.12
1546227430.15
1546227430.19
1546227430.22
1546227430.25
1546227430.29
1546227430.32
1546227430.35
1546227430.39
1546227430.42
1546227430.45
1546227430.49
1546227430.52
1546227430.55
1546227430.59
1546227430.62
1546227430.65
1546227430.69
1546227430.72
1546227430.75
1546227430.79
1546227430.82
1546227430.85
1546227430.89
1546227430.92
1546227430.95
1546227430.99
1546227431.02
1546227431.05
1546227431.09
1546227431.12
1546227431.15
1546227431.18
1546227431.22
1546227431.25
1546227431.29
1546227431.32
1546227431.35
1546227431.39
1546227431.42
1546227431.45
1546227431.48
1546227431.52
1546227431.55
1546227431.58
1546227431.62
1546227431.65
1546227431.68
1546227431.72
1546227431.75
1546227431.78
1546227431.82
1546227431.85
1546227431.89
1546227431.92
1546227431.95
1546227431.98
1546227432.02
1546227432.05
1546227432.09
1546227432.12
1546227432.15
1546227432.18
1546227432.22
1546227432.25
1546227432.29
1546227432.32
1546227432.35
1546227432.38
1546227432.42
1546227432.45
1546227432.48
1546227432.52
1546227432.55
1546227432.59
1546227432.62
1546227432.65
1546227432.69
1546227432.72
1546227432.75
1546227432.79
1546227432.82
1546227432.85
1546227432.89
1546227432.92
1546227432.95
1546227432.99
1546227433.02
1546227433.05
1546227433.09
1546227433.12
1546227433.15
1546227433.19
1546227433.22
1546227433.25
1546227433.29
1546227433.32
1546227433.35
1546227433.39
1546227433.42
1546227433.45
1546227433.49
1546227433.52
1546227433.55
1546227433.59
1546227433.62
1546227433.65
1546227433.69
1546227433.72
1546227433.76
1546227433.79
1546227433.82
1546227433.85
1546227433.89
1546227433.92
1546227433.95
1546227433.99
1546227434.02
1546227434.05
1546227434.09
1546227434.12
1546227434.15
1546227434.19
1546227434.22
1546227434.25
1546227434.29
1546227434.32
1546227434.35
1546227434.39
1546227434.42
1546227434.45
1546227434.49
1546227434.52
1546227434.56
1546227434.59
1546227434.62
1546227434.65
1546227434.69
1546227434.72
1546227434.75
1546227434.79
1546227434.82
1546227434.85
1546227434.89
1546227434.92
1546227434.95
1546227434.99
1546227435.02
1546227435.05
1546227435.09
1546227435.12
1546227435.15
1546227435.19
1546227435.22
1546227435.25
1546227435.29
1546227435.32
1546227435.36
1546227435.39
1546227435.42
1546227435.45
1546227435.49
1546227435.52
1546227435.56
1546227435.59
1546227435.62
1546227435.65
1546227435.69
1546227435.72
1546227435.76
1546227435.79
1546227435.82
1546227435.86
1546227435.89
1546227435.92
1546227435.95
1546227435.99
1546227436.02
1546227436.06
1546227436.09
1546227436.12
1546227436.15
1546227436.19
1546227436.22
1546227436.26
1546227436.29
1546227436.32
1546227436.35
1546227436.39
1546227436.42
1546227436.45
1546227436.49
1546227436.52
1546227436.56
1546227436.59
1546227436.62
1546227436.65
1546227436.69
1546227436.72
1546227436.76
1546227436.79
1546227436.82
1546227436.86
1546227436.89
1546227436.92
1546227436.95
1546227436.99
1546227437.02
1546227437.06
1546227437.09
1546227437.12
1546227437.15
1546227437.19
1546227437.22
1546227437.26
1546227437.29
1546227437.32
1546227437.35
1546227437.39
1546227437.42
1546227437.45
1546227437.49
1546227437.52
1546227437.56
1546227437.59
1546227437.62
1546227437.66
1546227437.69
1546227437.72
1546227437.76
1546227437.79
1546227437.82
1546227437.85
1546227437.88
1546227437.91
1546227437.95
1546227437.98
1546227438.02
1546227438.05
1546227438.08
1546227438.12
1546227438.15
1546227438.18
1546227438.21
1546227438.25
1546227438.28
1546227438.32
1546227438.35
1546227438.38
1546227438.41
1546227438.45
1546227438.48
1546227438.51
1546227438.55
1546227438.58
1546227438.62
1546227438.65
1546227438.68
1546227438.71
1546227438.75
1546227438.78
1546227438.81
1546227438.85
1546227438.88
1546227438.91
1546227438.95
1546227438.98
1546227439.01
1546227439.05
1546227439.08
1546227439.11
1546227439.15
1546227439.18
1546227439.21
1546227439.25
1546227439.28
1546227439.31
1546227439.35
1546227439.38
1546227439.41
1546227439.45
1546227439.48
1546227439.51
1546227439.55
1546227439.58
1546227439.61
1546227439.65
1546227439.68
1546227439.71
1546227439.75
1546227439.78
1546227439.81
1546227439.85
1546227439.88
1546227439.91
1546227439.95
1546227439.98
1546227440.01
1546227440.05
1546227440.08
1546227440.11
1546227440.15
1546227440.18
1546227440.21
1546227440.25
1546227440.28
1546227440.31
1546227440.35
1546227440.38
1546227440.41
1546227440.45
1546227440.48
1546227440.51
1546227440.55
1546227440.58
1546227440.61
1546227440.65
1546227440.68
1546227440.71
1546227440.75
1546227440.78
1546227440.81
1546227440.85
1546227440.88
1546227440.91
1546227440.94
1546227440.98
1546227441.01
1546227441.04
1546227441.08
1546227441.11
1546227441.14
1546227441.18
1546227441.21
1546227441.24
1546227441.28
1546227441.31
1546227441.34
1546227441.38
1546227441.41
1546227441.44
1546227441.48
1546227441.51
1546227441.55
1546227441.58
1546227441.61
1546227441.64
1546227441.68
1546227441.71
1546227441.74
1546227441.78
1546227441.81
1546227441.85
1546227441.88
1546227441.91
1546227441.94
1546227441.98
1546227442.01
1546227442.04
1546227442.08
1546227442.11
1546227442.14
1546227442.18
1546227442.21
1546227442.24
1546227442.28
1546227442.31
1546227442.35
1546227442.38
1546227442.41
1546227442.45
1546227442.48
1546227442.51
1546227442.55
1546227442.58
1546227442.61
1546227442.65
1546227442.68
1546227442.71
1546227442.74
1546227442.78
1546227442.81
1546227442.85
1546227442.88
1546227442.91
1546227442.95
1546227442.98
1546227443.01
1546227443.05
1546227443.08
1546227443.11
1546227443.15
1546227443.18
1546227443.21
1546227443.25
1546227443.28
1546227443.31
1546227443.35
1546227443.38
1546227443.41
1546227443.44
1546227443.48
1546227443.51
1546227443.55
1546227443.58
1546227443.61
1546227443.65
1546227443.68
1546227443.71
1546227443.74
1546227443.78
1546227443.81
1546227443.85
1546227443.88
1546227443.91
1546227443.94
1546227443.98
1546227444.01
1546227444.05
1546227444.08
1546227444.11
1546227444.15
1546227444.18
1546227444.21
1546227444.25
1546227444.28
1546227444.31
1546227444.35
1546227444.38
1546227444.41
1546227444.44
1546227444.48
1546227444.51
1546227444.55
1546227444.58
1546227444.61
1546227444.64
1546227444.68
1546227444.71
1546227444.75
1546227444.78
1546227444.81
1546227444.85
1546227444.88
1546227444.91
1546227444.94
1546227444.98
1546227445.01
1546227445.05
1546227445.08
1546227445.11
1546227445.15
1546227445.18
1546227445.21
1546227445.25
1546227445.28
1546227445.31
1546227445.34
1546227445.38
1546227445.41
1546227445.44
1546227445.48
1546227445.51
1546227445.55
1546227445.58
1546227445.61
1546227445.64
1546227445.68
1546227445.71
1546227445.74
1546227445.78
1546227445.81
1546227445.84
1546227445.88
1546227445.91
1546227445.94
1546227445.98
1546227446.01
1546227446.04
1546227446.08
1546227446.11
1546227446.14
1546227446.18
1546227446.21
1546227446.24
1546227446.28
1546227446.31
1546227446.34
1546227446.38
1546227446.41
1546227446.44
1546227446.48
1546227446.51
1546227446.54
1546227446.58
1546227446.61
1546227446.64
1546227446.68
1546227446.71
1546227446.74
1546227446.78
1546227446.81
1546227446.84
1546227446.88
1546227446.91
1546227446.94
1546227446.98
1546227447.01
1546227447.04
1546227447.08
1546227447.11
1546227447.14
1546227447.17
1546227447.21
1546227447.24
1546227447.28
1546227447.31
1546227447.34
1546227447.38
1546227447.41
1546227447.44
1546227447.48
1546227447.51
1546227447.54
1546227447.58
1546227447.61
1546227447.64
1546227447.67
1546227447.71
1546227447.74
1546227447.78
1546227447.81
1546227447.84
1546227447.88
1546227447.91
1546227447.94
1546227447.97
1546227448.01
1546227448.04
1546227448.08
1546227448.11
1546227448.14
1546227448.17
1546227448.21
1546227448.24
1546227448.28
1546227448.31
1546227448.34
1546227448.38
1546227448.41
1546227448.44
1546227448.47
1546227448.51
1546227448.54
1546227448.58
1546227448.61
1546227448.64
1546227448.67
1546227448.71
1546227448.74
1546227448.78
1546227448.81
1546227448.84
1546227448.88
1546227448.91
1546227448.94
1546227448.97
1546227449.01
1546227449.04
1546227449.07
1546227449.11
1546227449.14
1546227449.17
1546227449.21
1546227449.24
1546227449.28
1546227449.31
1546227449.34
1546227449.38
1546227449.41
1546227449.44
1546227449.47
1546227449.51
1546227449.54
1546227449.57
1546227449.61
1546227449.64
1546227449.67
1546227449.71
1546227449.74
1546227449.77
1546227449.81
1546227449.84
1546227449.87
1546227449.91
1546227449.94
1546227449.97
1546227450.01
1546227450.04
1546227450.07
1546227450.11
1546227450.14
1546227450.17
1546227450.21
1546227450.24
1546227450.27
1546227450.31
1546227450.34
1546227450.37
1546227450.41
1546227450.44
1546227450.47
1546227450.51
1546227450.54
1546227450.58
1546227450.61
1546227450.64
1546227450.67
1546227450.71
1546227450.74
1546227450.77
1546227450.81
1546227450.84
1546227450.87
1546227450.91
1546227450.94
1546227450.97
1546227451.01
1546227451.04
1546227451.07
1546227451.11
1546227451.14
1546227451.17
1546227451.21
1546227451.24
1546227451.27
1546227451.31
1546227451.34
1546227451.37
1546227451.41
1546227451.44
1546227451.47
1546227451.51
1546227451.54
1546227451.57
1546227451.61
1546227451.64
1546227451.67
1546227451.71
1546227451.74
1546227451.77
1546227451.81
1546227451.84
1546227451.87
1546227451.91
1546227451.94
1546227451.97
1546227452.01
1546227452.04
1546227452.07
1546227452.11
1546227452.14
1546227452.17
1546227452.21
1546227452.24
1546227452.27
1546227452.31
1546227452.34
1546227452.37
1546227452.41
1546227452.44
1546227452.47
1546227452.51
1546227452.54
1546227452.57
1546227452.61
1546227452.64
1546227452.67
1546227452.71
1546227452.74
1546227452.77
1546227452.81
1546227452.84
1546227452.87
1546227452.91
1546227452.94
1546227452.97
1546227453.01
1546227453.04
1546227453.07
1546227453.11
1546227453.14
1546227453.17
1546227453.2
1546227453.24
1546227453.27
1546227453.31
1546227453.34
1546227453.37
1546227453.41
1546227453.44
1546227453.47
1546227453.51
1546227453.54
1546227453.57
1546227453.61
1546227453.64
1546227453.67
1546227453.71
1546227453.74
1546227453.77
1546227453.81
1546227453.84
1546227453.87
1546227453.91
1546227453.94
1546227453.97
1546227454.01
1546227454.04
1546227454.07
1546227454.11
1546227454.14
1546227454.17
1546227454.21
1546227454.24
1546227454.27
1546227454.31
1546227454.34
1546227454.37
1546227454.41
1546227454.44
1546227454.47
1546227454.51
1546227454.54
1546227454.57
1546227454.61
1546227454.64
1546227454.67
1546227454.7
1546227454.74
1546227454.77
1546227454.81
1546227454.84
1546227454.87
1546227454.9
1546227454.94
1546227454.97
1546227455.01
1546227455.04
1546227455.07
1546227455.11
1546227455.14
1546227455.17
1546227455.21
1546227455.24
1546227455.27
1546227455.31
1546227455.34
1546227455.37
1546227455.4
1546227455.44
1546227455.47
1546227455.51
1546227455.54
1546227455.57
1546227455.61
1546227455.64
1546227455.67
1546227455.71
1546227455.74
1546227455.77
1546227455.81
1546227455.84
1546227455.87
1546227455.91
1546227455.94
1546227455.97
1546227456.01
1546227456.04
1546227456.07
1546227456.11
1546227456.14
1546227456.17
1546227456.21
1546227456.24
1546227456.27
1546227456.31
1546227456.34
1546227456.37
1546227456.41
1546227456.44
1546227456.47
1546227456.51
1546227456.54
1546227456.57
1546227456.61
1546227456.64
1546227456.67
1546227456.71
1546227456.74
1546227456.77
1546227456.81
1546227456.84
1546227456.87
1546227456.9
1546227456.94
1546227456.97
1546227457.01
1546227457.04
1546227457.07
1546227457.11
1546227457.14
1546227457.17
1546227457.21
1546227457.24
1546227457.27
1546227457.31
1546227457.34
1546227457.37
1546227457.4
1546227457.44
1546227457.47
1546227457.51
1546227457.54
1546227457.57
1546227457.61
1546227457.64
1546227457.67
1546227457.7
1546227457.74
1546227457.77
1546227457.81
1546227457.84
1546227457.87
1546227457.9
1546227457.94
1546227457.97
1546227458.01
1546227458.04
1546227458.07
1546227458.11
1546227458.14
1546227458.17
1546227458.21
1546227458.24
1546227458.27
1546227458.3
1546227458.34
1546227458.37
1546227458.41
1546227458.44
1546227458.47
1546227458.51
1546227458.54
1546227458.57
1546227458.61
1546227458.64
1546227458.67
1546227458.71
1546227458.74
1546227458.77
1546227458.81
1546227458.84
1546227458.87
1546227458.91
1546227458.94
1546227458.97
1546227459.01
1546227459.04
1546227459.07
1546227459.11
1546227459.14
1546227459.17
1546227459.21
1546227459.24
1546227459.27
1546227459.31
1546227459.34
1546227459.37
1546227459.41
1546227459.44
1546227459.47
1546227459.51
1546227459.54
1546227459.57
1546227459.61
1546227459.64
1546227459.67
1546227459.71
1546227459.74
1546227459.77
1546227459.81
1546227459.84
1546227459.87
1546227459.91
1546227459.94
1546227459.97
1546227460.01
1546227460.04
1546227460.07
1546227460.11
1546227460.14
1546227460.17
1546227460.21
1546227460.24
1546227460.27
1546227460.31
1546227460.34
1546227460.37
1546227460.41
1546227460.44
1546227460.47
1546227460.51
1546227460.54
1546227460.57
1546227460.61
1546227460.64
1546227460.67
1546227460.71
1546227460.74
1546227460.77
1546227460.81
1546227460.84
1546227460.88
1546227460.91
1546227460.94
1546227460.97
1546227461.01
1546227461.04
1546227461.07
1546227461.11
1546227461.14
1546227461.18
1546227461.21
1546227461.24
1546227461.28
1546227461.31
1546227461.34
1546227461.38
1546227461.41
1546227461.44
1546227461.48
1546227461.51
1546227461.54
1546227461.58
1546227461.61
1546227461.64
1546227461.68
1546227461.71
1546227461.74
1546227461.78
1546227461.81
1546227461.84
1546227461.88
1546227461.91
1546227461.94
1546227461.98
1546227462.01
1546227462.04
1546227462.08
1546227462.11
1546227462.14
1546227462.17
1546227462.2
1546227462.24
1546227462.27
1546227462.3
1546227462.34
1546227462.37
1546227462.4
1546227462.44
1546227462.47
1546227462.5
1546227462.54
1546227462.57
1546227462.6
1546227462.64
1546227462.67
1546227462.7
1546227462.74
1546227462.77
1546227462.8
1546227462.84
1546227462.87
1546227462.9
1546227462.94
1546227462.97
1546227463.0
1546227463.04
1546227463.07
1546227463.1
1546227463.14
1546227463.17
1546227463.2
1546227463.24
1546227463.27
1546227463.3
1546227463.34
1546227463.37
1546227463.4
1546227463.44
1546227463.47
1546227463.5
1546227463.54
1546227463.57
1546227463.6
1546227463.64
1546227463.67
1546227463.7
1546227463.74
1546227463.77
1546227463.8
1546227463.84
1546227463.87
1546227463.9
1546227463.93
1546227463.97
1546227464.0
1546227464.04
1546227464.07
1546227464.1
1546227464.14
1546227464.17
1546227464.2
1546227464.24
1546227464.27
1546227464.3
1546227464.34
1546227464.37
1546227464.4
1546227464.43
1546227464.47
1546227464.5
1546227464.54
1546227464.57
1546227464.6
1546227464.63
1546227464.67
1546227464.7
1546227464.73
1546227464.77
1546227464.8
1546227464.84
1546227464.87
1546227464.9
1546227464.93
1546227464.97
1546227465.0
1546227465.04
1546227465.07
1546227465.1
1546227465.14
1546227465.17
1546227465.2
1546227465.23
1546227465.27
1546227465.3
1546227465.34
1546227465.37
1546227465.4
1546227465.44
1546227465.47
1546227465.5
1546227465.54
1546227465.57
1546227465.6
1546227465.63
1546227465.67
1546227465.7
1546227465.73
1546227465.77
1546227465.8
1546227465.84
1546227465.87
1546227465.9
1546227465.94
1546227465.97
1546227466.0
1546227466.04
1546227466.07
1546227466.1
1546227466.14
1546227466.17
1546227466.2
1546227466.23
1546227466.27
1546227466.3
1546227466.34
1546227466.37
1546227466.4
1546227466.43
1546227466.47
1546227466.5
1546227466.54
1546227466.57
1546227466.6
1546227466.64
1546227466.67
1546227466.7
1546227466.73
1546227466.77
1546227466.8
1546227466.84
1546227466.87
1546227466.9
1546227466.93
1546227466.97
1546227467.0
1546227467.04
1546227467.07
1546227467.1
1546227467.13
1546227467.17
1546227467.2
1546227467.23
1546227467.27
1546227467.3
1546227467.33
1546227467.37
1546227467.4
1546227467.43
1546227467.47
1546227467.5
1546227467.54
1546227467.57
1546227467.6
1546227467.63
1546227467.67
1546227467.7
1546227467.73
1546227467.77
1546227467.8
1546227467.83
1546227467.87
1546227467.9
1546227467.93
1546227467.97
1546227468.0
1546227468.03
1546227468.07
1546227468.1
1546227468.13
1546227468.17
1546227468.2
1546227468.23
1546227468.27
1546227468.3
1546227468.33
1546227468.37
1546227468.4
1546227468.43
1546227468.47
1546227468.5
1546227468.53
1546227468.57
1546227468.6
1546227468.63
1546227468.67
1546227468.7
1546227468.73
1546227468.77
1546227468.8
1546227468.83
1546227468.87
1546227468.9
1546227468.93
1546227468.97
1546227469.0
1546227469.03
1546227469.07
1546227469.1
1546227469.13
1546227469.17
1546227469.2
1546227469.23
1546227469.27
1546227469.3
1546227469.33
1546227469.37
1546227469.4
1546227469.43
1546227469.47
1546227469.5
1546227469.53
1546227469.57
1546227469.6
1546227469.63
1546227469.67
1546227469.7
1546227469.73
1546227469.77
1546227469.8
1546227469.83
1546227469.87
1546227469.9
1546227469.93
1546227469.97
1546227470.0
1546227470.03
1546227470.07
1546227470.1
1546227470.13
1546227470.16
1546227470.2
1546227470.23
1546227470.27
1546227470.3
1546227470.33
1546227470.37
1546227470.4
1546227470.43
1546227470.47
1546227470.5
1546227470.53
1546227470.57
1546227470.6
1546227470.63
1546227470.67
1546227470.7
1546227470.73
1546227470.77
1546227470.8
1546227470.83
1546227470.87
1546227470.9
1546227470.93
1546227470.97
1546227471.0
1546227471.03
1546227471.07
1546227471.1
1546227471.13
1546227471.17
1546227471.2
1546227471.23
1546227471.27
1546227471.3
1546227471.33
1546227471.37
1546227471.4
1546227471.43
1546227471.47
1546227471.5
1546227471.53
1546227471.57
1546227471.6
1546227471.63
1546227471.67
1546227471.7
1546227471.73
1546227471.77
1546227471.8
1546227471.83
1546227471.87
1546227471.9
1546227471.93
1546227471.97
1546227472.0
1546227472.03
1546227472.07
1546227472.1
1546227472.13
1546227472.17
1546227472.2
1546227472.23
1546227472.27
1546227472.3
1546227472.33
1546227472.37
1546227472.4
1546227472.43
1546227472.47
1546227472.5
1546227472.53
1546227472.57
1546227472.6
1546227472.63
1546227472.67
1546227472.7
1546227472.73
1546227472.77
1546227472.8
1546227472.83
1546227472.87
1546227472.9
1546227472.93
1546227472.97
1546227473.0
1546227473.03
1546227473.07
1546227473.1
1546227473.13
1546227473.17
1546227473.2
1546227473.23
1546227473.27
1546227473.3
1546227473.33
1546227473.37
1546227473.4
1546227473.43
1546227473.47
1546227473.5
1546227473.53
1546227473.57
1546227473.6
1546227473.63
1546227473.67
1546227473.7
1546227473.73
1546227473.77
1546227473.8
1546227473.83
1546227473.87
1546227473.9
1546227473.93
1546227473.97
1546227474.0
1546227474.03
1546227474.07
1546227474.1
1546227474.13
1546227474.17
1546227474.2
1546227474.23
1546227474.27
1546227474.3
1546227474.33
1546227474.37
1546227474.4
1546227474.43
1546227474.47
1546227474.5
1546227474.53
1546227474.57
1546227474.6
1546227474.63
1546227474.67
1546227474.7
1546227474.73
1546227474.77
1546227474.8
1546227474.83
1546227474.87
1546227474.9
1546227474.93
1546227474.97
1546227475.0
1546227475.03
1546227475.07
1546227475.1
1546227475.13
1546227475.17
1546227475.2
1546227475.23
1546227475.27
1546227475.3
1546227475.33
1546227475.37
1546227475.4
1546227475.43
1546227475.47
1546227475.5
1546227475.53
1546227475.57
1546227475.6
1546227475.63
1546227475.67
1546227475.7
1546227475.73
1546227475.77
1546227475.8
1546227475.83
1546227475.87
1546227475.9
1546227475.93
1546227475.97
1546227476.0
1546227476.03
1546227476.07
1546227476.1
1546227476.13
1546227476.17
1546227476.2
1546227476.23
1546227476.27
1546227476.3
1546227476.33
1546227476.37
1546227476.4
1546227476.43
1546227476.47
1546227476.5
1546227476.53
1546227476.57
1546227476.6
1546227476.63
1546227476.67
1546227476.7
1546227476.73
1546227476.77
1546227476.8
1546227476.83
1546227476.87
1546227476.9
1546227476.93
1546227476.97
1546227477.0
1546227477.03
1546227477.07
1546227477.1
1546227477.13
1546227477.17
1546227477.2
1546227477.23
1546227477.27
1546227477.3
1546227477.33
1546227477.37
1546227477.4
1546227477.43
1546227477.47
1546227477.5
1546227477.53
1546227477.57
1546227477.6
1546227477.63
1546227477.67
1546227477.7
1546227477.73
1546227477.77
1546227477.8
1546227477.83
1546227477.87
1546227477.9
1546227477.93
1546227477.97
1546227478.0
1546227478.03
1546227478.07
1546227478.1
1546227478.13
1546227478.17
1546227478.2
1546227478.23
1546227478.27
1546227478.3
1546227478.33
1546227478.37
1546227478.4
1546227478.43
1546227478.47
1546227478.5
1546227478.53
1546227478.57
1546227478.6
1546227478.63
1546227478.67
1546227478.7
1546227478.73
1546227478.77
1546227478.8
1546227478.83
1546227478.87
1546227478.9
1546227478.93
1546227478.97
1546227479.0
1546227479.03
1546227479.07
1546227479.1
1546227479.13
1546227479.17
1546227479.2
1546227479.23
1546227479.27
1546227479.3
1546227479.33
1546227479.37
1546227479.4
1546227479.43
1546227479.47
1546227479.5
1546227479.53
1546227479.57
1546227479.6
1546227479.63
1546227479.67
1546227479.7
1546227479.73
1546227479.77
1546227479.8
1546227479.83
1546227479.87
1546227479.9
1546227479.93
1546227479.97
1546227480.0
1546227480.03
1546227480.07
1546227480.1
1546227480.13
1546227480.17
1546227480.2
1546227480.23
1546227480.27
1546227480.3
1546227480.33
1546227480.37
1546227480.4
1546227480.43
1546227480.46
1546227480.5
1546227480.53
1546227480.57
1546227480.6
1546227480.63
1546227480.66
1546227480.7
1546227480.73
1546227480.77
1546227480.8
1546227480.83
1546227480.87
1546227480.9
1546227480.93
1546227480.96
1546227481.0
1546227481.03
1546227481.07
1546227481.1
1546227481.13
1546227481.16
1546227481.2
1546227481.23
1546227481.27
1546227481.3
1546227481.33
1546227481.37
1546227481.4
1546227481.43
1546227481.47
1546227481.5
1546227481.53
1546227481.57
1546227481.6
1546227481.63
1546227481.67
1546227481.7
1546227481.73
1546227481.77
1546227481.8
1546227481.83
1546227481.87
1546227481.9
1546227481.93
1546227481.97
1546227482.0
1546227482.03
1546227482.07
1546227482.1
1546227482.13
1546227482.17
1546227482.2
1546227482.23
1546227482.27
1546227482.3
1546227482.33
1546227482.37
1546227482.4
1546227482.43
1546227482.47
1546227482.5
1546227482.54
1546227482.57
1546227482.6
1546227482.63
1546227482.67
1546227482.7
1546227482.73
1546227482.77
1546227482.8
1546227482.83
1546227482.87
1546227482.9
1546227482.93
1546227482.97
1546227483.0
1546227483.04
1546227483.07
1546227483.1
1546227483.13
1546227483.17
1546227483.2
1546227483.23
1546227483.27
1546227483.3
1546227483.33
1546227483.37
1546227483.4
1546227483.43
1546227483.47
1546227483.5
1546227483.54
1546227483.57
1546227483.6
1546227483.63
1546227483.67
1546227483.7
1546227483.73
1546227483.77
1546227483.8
1546227483.84
1546227483.87
1546227483.9
1546227483.93
1546227483.97
1546227484.0
1546227484.04
1546227484.07
1546227484.1
1546227484.13
1546227484.17
1546227484.2
1546227484.24
1546227484.27
1546227484.3
1546227484.34
1546227484.37
1546227484.4
1546227484.43
1546227484.47
1546227484.5
1546227484.54
1546227484.57
1546227484.6
1546227484.63
1546227484.67
1546227484.7
1546227484.74
1546227484.77
1546227484.8
1546227484.84
1546227484.87
1546227484.9
1546227484.94
1546227484.97
1546227485.0
1546227485.04
1546227485.07
1546227485.1
1546227485.14
1546227485.17
1546227485.2
1546227485.24
1546227485.27
1546227485.3
1546227485.34
1546227485.37
1546227485.4
1546227485.44
1546227485.47
1546227485.5
1546227485.54
1546227485.57
1546227485.6
1546227485.64
1546227485.67
1546227485.7
1546227485.74
1546227485.77
1546227485.8
1546227485.84
1546227485.87
1546227485.9
1546227485.94
1546227485.97
1546227486.01
1546227486.04
1546227486.07
1546227486.11
1546227486.14
1546227486.17
1546227486.2
1546227486.24
1546227486.27
1546227486.31
1546227486.33
1546227486.37
1546227486.4
1546227486.43
1546227486.46
1546227486.5
1546227486.53
1546227486.56
1546227486.6
1546227486.63
1546227486.66
1546227486.7
1546227486.73
1546227486.77
1546227486.8
1546227486.83
1546227486.87
1546227486.9
1546227486.93
1546227486.96
1546227487.0
1546227487.03
1546227487.07
1546227487.1
1546227487.13
1546227487.16
1546227487.2
1546227487.23
1546227487.27
1546227487.3
1546227487.33
1546227487.36
1546227487.4
1546227487.43
1546227487.46
1546227487.5
1546227487.53
1546227487.57
1546227487.6
1546227487.63
1546227487.66
1546227487.7
1546227487.73
1546227487.76
1546227487.8
1546227487.83
1546227487.87
1546227487.9
1546227487.93
1546227487.96
1546227488.0
1546227488.03
1546227488.07
1546227488.1
1546227488.13
1546227488.16
1546227488.2
1546227488.23
1546227488.27
1546227488.3
1546227488.33
1546227488.37
1546227488.4
1546227488.43
1546227488.46
1546227488.5
1546227488.53
1546227488.57
1546227488.6
1546227488.63
1546227488.67
1546227488.7
1546227488.73
1546227488.77
1546227488.8
1546227488.83
1546227488.87
1546227488.9
1546227488.93
1546227488.96
1546227489.0
1546227489.03
1546227489.07
1546227489.1
1546227489.13
1546227489.16
1546227489.2
1546227489.23
1546227489.27
1546227489.3
1546227489.33
1546227489.37
1546227489.4
1546227489.43
1546227489.46
1546227489.5
1546227489.53
1546227489.57
1546227489.6
1546227489.63
1546227489.66
1546227489.7
1546227489.73
1546227489.77
1546227489.8
1546227489.83
1546227489.86
1546227489.9
1546227489.93
1546227489.96
1546227490.0
1546227490.03
1546227490.07
1546227490.1
1546227490.13
1546227490.16
1546227490.2
1546227490.23
1546227490.26
1546227490.3
1546227490.33
1546227490.36
1546227490.4
1546227490.43
1546227490.46
1546227490.5
1546227490.53
1546227490.56
1546227490.6
1546227490.63
1546227490.66
1546227490.7
1546227490.73
1546227490.76
1546227490.8
1546227490.83
1546227490.86
1546227490.9
1546227490.93
1546227490.96
1546227491.0
1546227491.03
1546227491.06
1546227491.1
1546227491.13
1546227491.16
1546227491.2
1546227491.23
1546227491.26
1546227491.3
1546227491.33
1546227491.36
1546227491.4
1546227491.43
1546227491.46
1546227491.5
1546227491.53
1546227491.56
1546227491.6
1546227491.63
1546227491.66
1546227491.7
1546227491.73
1546227491.76
1546227491.8
1546227491.83
1546227491.86
1546227491.9
1546227491.93
1546227491.96
1546227492.0
1546227492.03
1546227492.06
1546227492.1
1546227492.13
1546227492.16
1546227492.2
1546227492.23
1546227492.26
1546227492.3
1546227492.33
1546227492.36
1546227492.4
1546227492.43
1546227492.46
1546227492.49
1546227492.53
1546227492.56
1546227492.6
1546227492.63
1546227492.66
1546227492.69
1546227492.73
1546227492.76
1546227492.8
1546227492.83
1546227492.86
1546227492.9
1546227492.93
1546227492.96
1546227492.99
1546227493.03
1546227493.06
1546227493.09
1546227493.13
1546227493.16
1546227493.19
1546227493.23
1546227493.26
1546227493.3
1546227493.33
1546227493.36
1546227493.39
1546227493.43
1546227493.46
1546227493.49
1546227493.53
1546227493.56
1546227493.6
1546227493.63
1546227493.66
1546227493.69
1546227493.73
1546227493.76
1546227493.8
1546227493.83
1546227493.86
1546227493.89
1546227493.93
1546227493.96
1546227494.0
1546227494.03
1546227494.06
1546227494.1
1546227494.13
1546227494.16
1546227494.2
1546227494.23
1546227494.26
1546227494.3
1546227494.33
1546227494.36
1546227494.4
1546227494.43
1546227494.46
1546227494.5
1546227494.53
1546227494.56
1546227494.6
1546227494.63
1546227494.66
1546227494.7
1546227494.73
1546227494.76
1546227494.8
1546227494.83
1546227494.86
1546227494.9
1546227494.93
1546227494.96
1546227495.0
1546227495.03
1546227495.06
1546227495.1
1546227495.13
1546227495.16
1546227495.2
1546227495.23
1546227495.26
1546227495.3
1546227495.33
1546227495.36
1546227495.4
1546227495.43
1546227495.46
1546227495.5
1546227495.53
1546227495.56
1546227495.6
1546227495.63
1546227495.66
1546227495.69
1546227495.73
1546227495.76
1546227495.8
1546227495.83
1546227495.86
1546227495.9
1546227495.93
1546227495.96
1546227496.0
1546227496.03
1546227496.06
1546227496.1
1546227496.13
1546227496.16
1546227496.2
1546227496.23
1546227496.26
1546227496.3
1546227496.33
1546227496.36
1546227496.39
1546227496.43
1546227496.46
1546227496.49
1546227496.53
1546227496.56
1546227496.59
1546227496.63
1546227496.66
1546227496.69
1546227496.73
1546227496.76
1546227496.8
1546227496.83
1546227496.86
1546227496.89
1546227496.93
1546227496.96
1546227496.99
1546227497.03
1546227497.06
1546227497.1
1546227497.13
1546227497.16
1546227497.19
1546227497.23
1546227497.26
1546227497.3
1546227497.33
1546227497.36
1546227497.39
1546227497.43
1546227497.46
1546227497.49
1546227497.53
1546227497.56
1546227497.59
1546227497.63
1546227497.66
1546227497.69
1546227497.73
1546227497.76
1546227497.79
1546227497.83
1546227497.86
1546227497.89
1546227497.93
1546227497.96
1546227497.99
1546227498.03
1546227498.06
1546227498.1
1546227498.13
1546227498.16
1546227498.19
1546227498.23
1546227498.26
1546227498.29
1546227498.33
1546227498.36
1546227498.4
1546227498.43
1546227498.46
1546227498.49
1546227498.53
1546227498.56
1546227498.6
1546227498.63
1546227498.66
1546227498.69
1546227498.73
1546227498.76
1546227498.8
1546227498.83
1546227498.86
1546227498.89
1546227498.93
1546227498.96
1546227498.99
1546227499.03
1546227499.06
1546227499.09
1546227499.13
1546227499.16
1546227499.19
1546227499.23
1546227499.26
1546227499.29
1546227499.33
1546227499.36
1546227499.39
1546227499.43
1546227499.46
1546227499.49
1546227499.53
1546227499.56
1546227499.59
1546227499.63
1546227499.66
1546227499.69
1546227499.73
1546227499.76
1546227499.79
1546227499.83
1546227499.86
1546227499.89
1546227499.93
1546227499.96
1546227499.99
1546227500.03
1546227500.06
1546227500.1
1546227500.13
1546227500.16
1546227500.19
1546227500.23
1546227500.26
1546227500.29
1546227500.33
1546227500.36
1546227500.39
1546227500.43
1546227500.46
1546227500.49
1546227500.53
1546227500.56
1546227500.59
1546227500.63
1546227500.66
1546227500.69
1546227500.73
1546227500.76
1546227500.8
1546227500.83
1546227500.86
1546227500.89
1546227500.93
1546227500.96
1546227500.99
1546227501.03
1546227501.06
1546227501.1
1546227501.13
1546227501.16
1546227501.19
1546227501.23
1546227501.26
1546227501.3
1546227501.33
1546227501.36
1546227501.4
1546227501.43
1546227501.46
1546227501.49
1546227501.53
1546227501.56
1546227501.6
1546227501.63
1546227501.66
1546227501.7
1546227501.73
1546227501.76
1546227501.8
1546227501.83
1546227501.86
1546227501.89
1546227501.93
1546227501.96
1546227501.99
1546227502.03
1546227502.06
1546227502.1
1546227502.13
1546227502.16
1546227502.19
1546227502.23
1546227502.26
1546227502.3
1546227502.33
1546227502.36
1546227502.39
1546227502.43
1546227502.46
1546227502.49
1546227502.53
1546227502.56
1546227502.6
1546227502.63
1546227502.66
1546227502.69
1546227502.73
1546227502.76
1546227502.79
1546227502.83
1546227502.86
1546227502.89
1546227502.93
1546227502.96
1546227502.99
1546227503.03
1546227503.06
1546227503.09
1546227503.13
1546227503.16
1546227503.19
1546227503.23
1546227503.26
1546227503.3
1546227503.33
1546227503.36
1546227503.39
1546227503.43
1546227503.46
1546227503.49
1546227503.53
1546227503.56
1546227503.59
1546227503.63
1546227503.66
1546227503.69
1546227503.73
1546227503.76
1546227503.8
1546227503.83
1546227503.86
1546227503.89
1546227503.93
1546227503.96
1546227503.99
1546227504.03
1546227504.06
1546227504.1
1546227504.13
1546227504.16
1546227504.19
1546227504.23
1546227504.26
1546227504.29
1546227504.33
1546227504.36
1546227504.39
1546227504.43
1546227504.46
1546227504.49
1546227504.53
1546227504.56
1546227504.59
1546227504.63
1546227504.66
1546227504.69
1546227504.73
1546227504.76
1546227504.8
1546227504.83
1546227504.86
1546227504.89
1546227504.93
1546227504.96
1546227504.99
1546227505.03
1546227505.06
1546227505.09
1546227505.13
1546227505.16
1546227505.19
1546227505.23
1546227505.26
1546227505.3
1546227505.33
1546227505.36
1546227505.39
1546227505.43
1546227505.46
1546227505.5
1546227505.53
1546227505.56
1546227505.59
1546227505.63
1546227505.66
1546227505.69
1546227505.73
1546227505.76
1546227505.79
1546227505.83
1546227505.86
1546227505.89
1546227505.93
1546227505.96
1546227505.99
1546227506.03
1546227506.06
1546227506.1
1546227506.13
1546227506.16
1546227506.19
1546227506.23
1546227506.26
1546227506.3
1546227506.33
1546227506.36
1546227506.39
1546227506.43
1546227506.46
1546227506.5
1546227506.53
1546227506.56
1546227506.6
1546227506.63
1546227506.66
1546227506.7
1546227506.73
1546227506.76
1546227506.8
1546227506.83
1546227506.86
1546227506.9
1546227506.93
1546227506.96
1546227507.0
1546227507.03
1546227507.06
1546227507.1
1546227507.13
1546227507.16
1546227507.2
1546227507.23
1546227507.26
1546227507.3
1546227507.33
1546227507.36
1546227507.4
1546227507.43
1546227507.46
1546227507.5
1546227507.53
1546227507.56
1546227507.6
1546227507.63
1546227507.66
1546227507.7
1546227507.73
1546227507.77
1546227507.8
1546227507.83
1546227507.87
1546227507.9
1546227507.93
1546227507.96
1546227508.0
1546227508.03
1546227508.07
1546227508.1
1546227508.13
1546227508.17
1546227508.2
1546227508.23
1546227508.27
1546227508.3
1546227508.33
1546227508.37
1546227508.4
1546227508.43
1546227508.47
1546227508.5
1546227508.53
1546227508.57
1546227508.6
1546227508.63
1546227508.67
1546227508.7
1546227508.74
1546227508.77
1546227508.8
1546227508.83
1546227508.87
1546227508.9
1546227508.93
1546227508.97
1546227509.0
1546227509.03
1546227509.07
1546227509.1
1546227509.13
1546227509.17
1546227509.2
1546227509.23
1546227509.27
1546227509.3
1546227509.34
1546227509.37
1546227509.4
1546227509.43
1546227509.47
1546227509.5
1546227509.54
1546227509.57
1546227509.6
1546227509.63
1546227509.67
1546227509.7
1546227509.74
1546227509.77
1546227509.8
1546227509.84
1546227509.87
1546227509.9
1546227509.94
1546227509.97
1546227510.0
1546227510.04
1546227510.07
1546227510.1
1546227510.14
1546227510.17
1546227510.2
1546227510.24
1546227510.27
1546227510.3
1546227510.34
1546227510.37
1546227510.4
1546227510.43
1546227510.46
1546227510.5
1546227510.53
1546227510.56
1546227510.6
1546227510.63
1546227510.66
1546227510.7
1546227510.73
1546227510.76
1546227510.8
1546227510.83
1546227510.86
1546227510.9
1546227510.93
1546227510.96
1546227511.0
1546227511.03
1546227511.06
1546227511.1
1546227511.13
1546227511.16
1546227511.19
1546227511.23
1546227511.26
1546227511.3
1546227511.33
1546227511.36
1546227511.4
1546227511.43
1546227511.46
1546227511.5
1546227511.53
1546227511.56
1546227511.6
1546227511.63
1546227511.66
1546227511.7
1546227511.73
1546227511.76
1546227511.8
1546227511.83
1546227511.86
1546227511.9
1546227511.93
1546227511.96
1546227512.0
1546227512.03
1546227512.06
1546227512.1
1546227512.13
1546227512.16
1546227512.2
1546227512.23
1546227512.26
1546227512.3
1546227512.33
1546227512.36
1546227512.4
1546227512.43
1546227512.46
1546227512.5
1546227512.53
1546227512.56
1546227512.6
1546227512.63
1546227512.66
1546227512.7
1546227512.73
1546227512.76
1546227512.8
1546227512.83
1546227512.86
1546227512.9
1546227512.93
1546227512.96
1546227513.0
1546227513.03
1546227513.06
1546227513.1
1546227513.13
1546227513.16
1546227513.2
1546227513.23
1546227513.26
1546227513.3
1546227513.33
1546227513.36
1546227513.39
1546227513.43
1546227513.46
1546227513.49
1546227513.53
1546227513.56
1546227513.6
1546227513.63
1546227513.66
1546227513.69
1546227513.73
1546227513.76
1546227513.8
1546227513.83
1546227513.86
1546227513.89
1546227513.93
1546227513.96
1546227513.99
1546227514.03
1546227514.06
1546227514.1
1546227514.13
1546227514.16
1546227514.19
1546227514.23
1546227514.26
1546227514.3
1546227514.33
1546227514.36
1546227514.4
1546227514.43
1546227514.46
1546227514.5
1546227514.53
1546227514.56
1546227514.6
1546227514.63
1546227514.66
1546227514.69
1546227514.73
1546227514.76
1546227514.79
1546227514.83
1546227514.86
1546227514.89
1546227514.93
1546227514.96
1546227514.99
1546227515.03
1546227515.06
1546227515.09
1546227515.13
1546227515.16
1546227515.19
1546227515.23
1546227515.26
1546227515.29
1546227515.33
1546227515.36
1546227515.39
1546227515.43
1546227515.46
1546227515.49
1546227515.53
1546227515.56
1546227515.59
1546227515.63
1546227515.66
1546227515.69
1546227515.73
1546227515.76
1546227515.79
1546227515.83
1546227515.86
1546227515.89
1546227515.93
1546227515.96
1546227515.99
1546227516.03
1546227516.06
1546227516.09
1546227516.13
1546227516.16
1546227516.19
1546227516.23
1546227516.26
1546227516.29
1546227516.33
1546227516.36
1546227516.39
1546227516.42
1546227516.46
1546227516.49
1546227516.53
1546227516.56
1546227516.59
1546227516.63
1546227516.66
1546227516.69
1546227516.72
1546227516.76
1546227516.79
1546227516.83
1546227516.86
1546227516.89
1546227516.93
1546227516.96
1546227516.99
1546227517.03
1546227517.06
1546227517.09
1546227517.13
1546227517.16
1546227517.19
1546227517.23
1546227517.26
1546227517.29
1546227517.33
1546227517.36
1546227517.39
1546227517.43
1546227517.46
1546227517.49
1546227517.53
1546227517.56
1546227517.59
1546227517.63
1546227517.66
1546227517.69
1546227517.73
1546227517.76
1546227517.79
1546227517.83
1546227517.86
1546227517.89
1546227517.93
1546227517.96
1546227517.99
1546227518.03
1546227518.06
1546227518.09
1546227518.13
1546227518.16
1546227518.19
1546227518.22
1546227518.26
1546227518.29
1546227518.33
1546227518.36
1546227518.39
1546227518.43
1546227518.46
1546227518.49
1546227518.53
1546227518.56
1546227518.59
1546227518.63
1546227518.66
1546227518.69
1546227518.72
1546227518.76
1546227518.79
1546227518.83
1546227518.86
1546227518.89
1546227518.92
1546227518.96
1546227518.99
1546227519.03
1546227519.06
1546227519.09
1546227519.12
1546227519.16
1546227519.19
1546227519.22
1546227519.26
1546227519.29
1546227519.32
1546227519.36
1546227519.39
1546227519.42
1546227519.46
1546227519.49
1546227519.52
1546227519.56
1546227519.59
1546227519.62
1546227519.66
1546227519.69
1546227519.72
1546227519.76
1546227519.79
1546227519.82
1546227519.86
1546227519.89
1546227519.92
1546227519.96
1546227519.99
1546227520.02
1546227520.06
1546227520.09
1546227520.12
1546227520.16
1546227520.19
1546227520.22
1546227520.26
1546227520.29
1546227520.32
1546227520.36
1546227520.39
1546227520.42
1546227520.46
1546227520.49
1546227520.52
1546227520.56
1546227520.59
1546227520.62
1546227520.66
1546227520.69
1546227520.72
1546227520.76
1546227520.79
1546227520.82
1546227520.86
1546227520.89
1546227520.92
1546227520.96
1546227520.99
1546227521.02
1546227521.06
1546227521.09
1546227521.12
1546227521.16
1546227521.19
1546227521.22
1546227521.26
1546227521.29
1546227521.32
1546227521.36
1546227521.39
1546227521.42
1546227521.46
1546227521.49
1546227521.52
1546227521.56
1546227521.59
1546227521.62
1546227521.66
1546227521.69
1546227521.72
1546227521.76
1546227521.79
1546227521.82
1546227521.86
1546227521.89
1546227521.92
1546227521.96
1546227521.99
1546227522.02
1546227522.06
1546227522.09
1546227522.12
1546227522.16
1546227522.19
1546227522.22
1546227522.26
1546227522.29
1546227522.32
1546227522.36
1546227522.39
1546227522.42
1546227522.46
1546227522.49
1546227522.52
1546227522.56
1546227522.59
1546227522.62
1546227522.66
1546227522.69
1546227522.72
1546227522.76
1546227522.79
1546227522.82
1546227522.86
1546227522.89
1546227522.92
1546227522.96
1546227522.99
1546227523.02
1546227523.06
1546227523.09
1546227523.12
1546227523.16
1546227523.19
1546227523.22
1546227523.26
1546227523.29
1546227523.32
1546227523.36
1546227523.39
1546227523.42
1546227523.46
1546227523.49
1546227523.52
1546227523.56
1546227523.59
1546227523.62
1546227523.65
1546227523.69
1546227523.72
1546227523.76
1546227523.79
1546227523.82
1546227523.86
1546227523.89
1546227523.92
1546227523.96
1546227523.99
1546227524.02
1546227524.06
1546227524.09
1546227524.12
1546227524.16
1546227524.19
1546227524.22
1546227524.26
1546227524.29
1546227524.32
1546227524.36
1546227524.39
1546227524.42
1546227524.46
1546227524.49
1546227524.52
1546227524.56
1546227524.59
1546227524.62
1546227524.66
1546227524.69
1546227524.72
1546227524.76
1546227524.79
1546227524.82
1546227524.86
1546227524.89
1546227524.92
1546227524.95
1546227524.99
1546227525.02
1546227525.05
1546227525.09
1546227525.12
1546227525.15
1546227525.19
1546227525.22
1546227525.26
1546227525.29
1546227525.32
1546227525.36
1546227525.39
1546227525.42
1546227525.45
1546227525.49
1546227525.52
1546227525.56
1546227525.59
1546227525.62
1546227525.65
1546227525.69
1546227525.72
1546227525.76
1546227525.79
1546227525.82
1546227525.86
1546227525.89
1546227525.92
1546227525.95
1546227525.99
1546227526.02
1546227526.06
1546227526.09
1546227526.12
1546227526.15
1546227526.19
1546227526.22
1546227526.26
1546227526.29
1546227526.32
1546227526.36
1546227526.39
1546227526.42
1546227526.45
1546227526.49
1546227526.52
1546227526.56
1546227526.59
1546227526.62
1546227526.66
1546227526.69
1546227526.72
1546227526.76
1546227526.79
1546227526.82
1546227526.86
1546227526.89
1546227526.92
1546227526.95
1546227526.99
1546227527.02
1546227527.06
1546227527.09
1546227527.12
1546227527.16
1546227527.19
1546227527.22
1546227527.26
1546227527.29
1546227527.32
1546227527.36
1546227527.39
1546227527.42
1546227527.46
1546227527.49
1546227527.52
1546227527.56
1546227527.59
1546227527.62
1546227527.65
1546227527.69
1546227527.72
1546227527.76
1546227527.79
1546227527.82
1546227527.86
1546227527.89
1546227527.92
1546227527.95
1546227527.99
1546227528.02
1546227528.06
1546227528.09
1546227528.12
1546227528.15
1546227528.19
1546227528.22
1546227528.26
1546227528.29
1546227528.32
1546227528.36
1546227528.39
1546227528.42
1546227528.45
1546227528.49
1546227528.52
1546227528.56
1546227528.59
1546227528.62
1546227528.65
1546227528.69
1546227528.72
1546227528.76
1546227528.79
1546227528.82
1546227528.86
1546227528.89
1546227528.92
1546227528.96
1546227528.99
1546227529.02
1546227529.06
1546227529.09
1546227529.12
1546227529.16
1546227529.19
1546227529.22
1546227529.26
1546227529.29
1546227529.32
1546227529.36
1546227529.39
1546227529.42
1546227529.46
1546227529.49
1546227529.52
1546227529.56
1546227529.59
1546227529.62
1546227529.66
1546227529.69
1546227529.72
1546227529.76
1546227529.79
1546227529.82
1546227529.86
1546227529.89
1546227529.92
1546227529.96
1546227529.99
1546227530.02
1546227530.06
1546227530.09
1546227530.12
1546227530.16
1546227530.19
1546227530.22
1546227530.26
1546227530.29
1546227530.32
1546227530.36
1546227530.39
1546227530.42
1546227530.46
1546227530.49
1546227530.52
1546227530.56
1546227530.59
1546227530.62
1546227530.66
1546227530.69
1546227530.72
1546227530.76
1546227530.79
1546227530.82
1546227530.86
1546227530.89
1546227530.92
1546227530.96
1546227530.99
1546227531.03
1546227531.06
1546227531.09
1546227531.12
1546227531.16
1546227531.19
1546227531.22
1546227531.26
1546227531.29
1546227531.33
1546227531.36
1546227531.39
1546227531.42
1546227531.46
1546227531.49
1546227531.53
1546227531.56
1546227531.59
1546227531.63
1546227531.66
1546227531.69
1546227531.72
1546227531.76
1546227531.79
1546227531.83
1546227531.86
1546227531.89
1546227531.93
1546227531.96
1546227531.99
1546227532.03
1546227532.06
1546227532.09
1546227532.12
1546227532.16
1546227532.19
1546227532.23
1546227532.26
1546227532.29
1546227532.33
1546227532.36
1546227532.39
1546227532.43
1546227532.46
1546227532.49
1546227532.53
1546227532.56
1546227532.59
1546227532.63
1546227532.66
1546227532.69
1546227532.73
1546227532.76
1546227532.8
1546227532.83
1546227532.86
1546227532.89
1546227532.93
1546227532.96
1546227532.99
1546227533.03
1546227533.06
1546227533.09
1546227533.13
1546227533.16
1546227533.19
1546227533.23
1546227533.26
1546227533.3
1546227533.33
1546227533.36
1546227533.39
1546227533.43
1546227533.46
1546227533.49
1546227533.53
1546227533.56
1546227533.59
1546227533.63
1546227533.66
1546227533.69
1546227533.73
1546227533.76
1546227533.8
1546227533.83
1546227533.86
1546227533.89
1546227533.93
1546227533.96
1546227533.99
1546227534.03
1546227534.06
1546227534.09
1546227534.13
1546227534.16
1546227534.19
1546227534.22
1546227534.25
1546227534.29
1546227534.32
1546227534.35
1546227534.39
1546227534.42
1546227534.45
1546227534.49
1546227534.52
1546227534.55
1546227534.59
1546227534.62
1546227534.65
1546227534.69
1546227534.72
1546227534.75
1546227534.79
1546227534.82
1546227534.85
1546227534.89
1546227534.92
1546227534.95
1546227534.99
1546227535.02
1546227535.05
1546227535.09
1546227535.12
1546227535.15
1546227535.19
1546227535.22
1546227535.25
1546227535.29
1546227535.32
1546227535.35
1546227535.38
1546227535.42
1546227535.45
1546227535.49
1546227535.52
1546227535.55
1546227535.59
1546227535.62
1546227535.65
1546227535.69
1546227535.72
1546227535.75
1546227535.79
1546227535.82
1546227535.85
1546227535.88
1546227535.92
1546227535.95
1546227535.98
1546227536.02
1546227536.05
1546227536.09
1546227536.12
1546227536.15
1546227536.18
1546227536.22
1546227536.25
1546227536.29
1546227536.32
1546227536.35
1546227536.39
1546227536.42
1546227536.45
1546227536.49
1546227536.52
1546227536.55
1546227536.58
1546227536.62
1546227536.65
1546227536.68
1546227536.72
1546227536.75
1546227536.78
1546227536.82
1546227536.85
1546227536.88
1546227536.92
1546227536.95
1546227536.98
1546227537.02
1546227537.05
1546227537.09
1546227537.12
1546227537.15
1546227537.19
1546227537.22
1546227537.25
1546227537.29
1546227537.32
1546227537.35
1546227537.39
1546227537.42
1546227537.45
1546227537.49
1546227537.52
1546227537.55
1546227537.59
1546227537.62
1546227537.65
1546227537.68
1546227537.72
1546227537.75
1546227537.79
1546227537.82
1546227537.85
1546227537.88
1546227537.92
1546227537.95
1546227537.98
1546227538.02
1546227538.05
1546227538.09
1546227538.12
1546227538.15
1546227538.18
1546227538.22
1546227538.25
1546227538.28
1546227538.32
1546227538.35
1546227538.38
1546227538.42
1546227538.45
1546227538.48
1546227538.52
1546227538.55
1546227538.59
1546227538.62
1546227538.65
1546227538.68
1546227538.72
1546227538.75
1546227538.78
1546227538.82
1546227538.85
1546227538.88
1546227538.92
1546227538.95
1546227538.98
1546227539.02
1546227539.05
1546227539.08
1546227539.12
1546227539.15
1546227539.18
1546227539.22
1546227539.25
1546227539.29
1546227539.32
1546227539.35
1546227539.39
1546227539.42
1546227539.45
1546227539.48
1546227539.52
1546227539.55
1546227539.59
1546227539.62
1546227539.65
1546227539.68
1546227539.72
1546227539.75
1546227539.79
1546227539.82
1546227539.85
1546227539.88
1546227539.92
1546227539.95
1546227539.98
1546227540.02
1546227540.05
1546227540.09
1546227540.12
1546227540.15
1546227540.18
1546227540.22
1546227540.25
1546227540.29
1546227540.32
1546227540.35
1546227540.38
1546227540.42
1546227540.45
1546227540.48
1546227540.52
1546227540.55
1546227540.58
1546227540.62
1546227540.65
1546227540.68
1546227540.72
1546227540.75
1546227540.78
1546227540.82
1546227540.85
1546227540.88
1546227540.92
1546227540.95
1546227540.98
1546227541.02
1546227541.05
1546227541.08
1546227541.12
1546227541.15
1546227541.18
1546227541.22
1546227541.25
1546227541.28
1546227541.32
1546227541.35
1546227541.38
1546227541.42
1546227541.45
1546227541.48
1546227541.52
1546227541.55
1546227541.58
1546227541.62
1546227541.65
1546227541.68
1546227541.72
1546227541.75
1546227541.78
1546227541.82
1546227541.85
1546227541.88
1546227541.92
1546227541.95
1546227541.98
1546227542.02
1546227542.05
1546227542.08
1546227542.12
1546227542.15
1546227542.18
1546227542.22
1546227542.25
1546227542.28
1546227542.32
1546227542.35
1546227542.38
1546227542.42
1546227542.45
1546227542.48
1546227542.52
1546227542.55
1546227542.58
1546227542.62
1546227542.65
1546227542.68
1546227542.72
1546227542.75
1546227542.78
1546227542.82
1546227542.85
1546227542.88
1546227542.92
1546227542.95
1546227542.98
1546227543.02
1546227543.05
1546227543.08
1546227543.12
1546227543.15
1546227543.18
1546227543.22
1546227543.25
1546227543.28
1546227543.32
1546227543.35
1546227543.38
1546227543.42
1546227543.45
1546227543.48
1546227543.52
1546227543.55
1546227543.58
1546227543.62
1546227543.65
1546227543.68
1546227543.72
1546227543.75
1546227543.78
1546227543.82
1546227543.85
1546227543.88
1546227543.92
1546227543.95
1546227543.98
1546227544.02
1546227544.05
1546227544.08
1546227544.12
1546227544.15
1546227544.18
1546227544.22
1546227544.25
1546227544.28
1546227544.32
1546227544.35
1546227544.38
1546227544.42
1546227544.45
1546227544.48
1546227544.52
1546227544.55
1546227544.58
1546227544.62
1546227544.65
1546227544.68
1546227544.72
1546227544.75
1546227544.78
1546227544.82
1546227544.85
1546227544.88
1546227544.92
1546227544.95
1546227544.98
1546227545.02
1546227545.05
1546227545.08
1546227545.12
1546227545.15
1546227545.18
1546227545.22
1546227545.25
1546227545.28
1546227545.32
1546227545.35
1546227545.38
1546227545.42
1546227545.45
1546227545.48
1546227545.52
1546227545.55
1546227545.58
1546227545.62
1546227545.65
1546227545.68
1546227545.72
1546227545.75
1546227545.78
1546227545.82
1546227545.85
1546227545.88
1546227545.92
1546227545.95
1546227545.98
1546227546.02
1546227546.05
1546227546.08
1546227546.12
1546227546.15
1546227546.18
1546227546.22
1546227546.25
1546227546.28
1546227546.32
1546227546.35
1546227546.39
1546227546.42
1546227546.45
1546227546.48
1546227546.52
1546227546.55
1546227546.59
1546227546.62
1546227546.65
1546227546.69
1546227546.72
1546227546.75
1546227546.79
1546227546.82
1546227546.85
1546227546.89
1546227546.92
1546227546.95
1546227546.99
1546227547.02
1546227547.05
1546227547.09
1546227547.12
1546227547.15
1546227547.19
1546227547.22
1546227547.25
1546227547.29
1546227547.32
1546227547.35
1546227547.39
1546227547.42
1546227547.45
1546227547.48
1546227547.52
1546227547.55
1546227547.59
1546227547.62
1546227547.65
1546227547.68
1546227547.72
1546227547.75
1546227547.79
1546227547.82
1546227547.85
1546227547.89
1546227547.92
1546227547.95
1546227547.98
1546227548.02
1546227548.05
1546227548.09
1546227548.12
1546227548.15
1546227548.19
1546227548.22
1546227548.25
1546227548.29
1546227548.32
1546227548.35
1546227548.38
1546227548.42
1546227548.45
1546227548.48
1546227548.52
1546227548.55
1546227548.59
1546227548.62
1546227548.65
1546227548.68
1546227548.72
1546227548.75
1546227548.79
1546227548.82
1546227548.85
1546227548.89
1546227548.92
1546227548.95
1546227548.98
1546227549.02
1546227549.05
1546227549.09
1546227549.12
1546227549.15
1546227549.18
1546227549.22
1546227549.25
1546227549.28
1546227549.32
1546227549.35
1546227549.38
1546227549.42
1546227549.45
1546227549.48
1546227549.52
1546227549.55
1546227549.59
1546227549.62
1546227549.65
1546227549.68
1546227549.72
1546227549.75
1546227549.79
1546227549.82
1546227549.85
1546227549.89
1546227549.92
1546227549.95
1546227549.98
1546227550.02
1546227550.05
1546227550.09
1546227550.12
1546227550.15
1546227550.18
1546227550.22
1546227550.25
1546227550.29
1546227550.32
1546227550.35
1546227550.39
1546227550.42
1546227550.45
1546227550.48
1546227550.52
1546227550.55
1546227550.59
1546227550.62
1546227550.65
1546227550.68
1546227550.72
1546227550.75
1546227550.79
1546227550.82
1546227550.85
1546227550.88
1546227550.92
1546227550.95
1546227550.98
1546227551.02
1546227551.05
1546227551.09
1546227551.12
1546227551.15
1546227551.18
1546227551.22
1546227551.25
1546227551.29
1546227551.32
1546227551.35
1546227551.38
1546227551.42
1546227551.45
1546227551.48
