1546221370.58
1546221370.75
1546221370.79
1546221370.83
1546221370.86
1546221370.89
1546221370.92
1546221370.95
1546221370.98
1546221371.01
1546221371.04
1546221371.08
1546221371.11
1546221371.14
1546221371.18
1546221371.21
1546221371.24
1546221371.28
1546221371.31
1546221371.34
1546221371.38
1546221371.41
1546221371.44
1546221371.48
1546221371.51
1546221371.54
1546221371.58
1546221371.61
1546221371.64
1546221371.68
1546221371.71
1546221371.74
1546221371.78
1546221371.81
1546221371.84
1546221371.88
1546221371.91
1546221371.94
1546221371.98
1546221372.01
1546221372.04
1546221372.08
1546221372.11
1546221372.14
1546221372.18
1546221372.21
1546221372.24
1546221372.28
1546221372.31
1546221372.34
1546221372.38
1546221372.41
1546221372.44
1546221372.48
1546221372.51
1546221372.54
1546221372.58
1546221372.61
1546221372.64
1546221372.68
1546221372.71
1546221372.74
1546221372.78
1546221372.81
1546221372.84
1546221372.88
1546221372.91
1546221372.94
1546221372.98
1546221373.01
1546221373.04
1546221373.08
1546221373.11
1546221373.14
1546221373.18
1546221373.21
1546221373.24
1546221373.28
1546221373.31
1546221373.34
1546221373.38
1546221373.41
1546221373.44
1546221373.48
1546221373.51
1546221373.54
1546221373.58
1546221373.61
1546221373.64
1546221373.68
1546221373.71
1546221373.74
1546221373.78
1546221373.81
1546221373.84
1546221373.88
1546221373.91
1546221373.94
1546221373.98
1546221374.01
1546221374.04
1546221374.08
1546221374.11
1546221374.14
1546221374.17
1546221374.21
1546221374.24
1546221374.28
1546221374.31
1546221374.34
1546221374.38
1546221374.41
1546221374.44
1546221374.47
1546221374.51
1546221374.54
1546221374.58
1546221374.61
1546221374.64
1546221374.68
1546221374.71
1546221374.74
1546221374.78
1546221374.81
1546221374.84
1546221374.88
1546221374.91
1546221374.94
1546221374.98
1546221375.01
1546221375.04
1546221375.08
1546221375.11
1546221375.14
1546221375.18
1546221375.21
1546221375.24
1546221375.28
1546221375.31
1546221375.34
1546221375.38
1546221375.41
1546221375.44
1546221375.48
1546221375.51
1546221375.54
1546221375.58
1546221375.61
1546221375.64
1546221375.68
1546221375.71
1546221375.74
1546221375.78
1546221375.81
1546221375.84
1546221375.88
1546221375.91
1546221375.94
1546221375.97
1546221376.01
1546221376.04
1546221376.08
1546221376.11
1546221376.14
1546221376.18
1546221376.21
1546221376.24
1546221376.28
1546221376.31
1546221376.34
1546221376.38
1546221376.41
1546221376.44
1546221376.47
1546221376.51
1546221376.54
1546221376.58
1546221376.61
1546221376.64
1546221376.67
1546221376.71
1546221376.74
1546221376.78
1546221376.81
1546221376.84
1546221376.88
1546221376.91
1546221376.94
1546221376.97
1546221377.01
1546221377.04
1546221377.08
1546221377.11
1546221377.14
1546221377.18
1546221377.21
1546221377.24
1546221377.28
1546221377.31
1546221377.34
1546221377.38
1546221377.41
1546221377.44
1546221377.47
1546221377.51
1546221377.54
1546221377.58
1546221377.61
1546221377.64
1546221377.67
1546221377.71
1546221377.74
1546221377.77
1546221377.81
1546221377.84
1546221377.88
1546221377.91
1546221377.94
1546221377.97
1546221378.01
1546221378.04
1546221378.08
1546221378.11
1546221378.14
1546221378.17
1546221378.21
1546221378.24
1546221378.28
1546221378.31
1546221378.34
1546221378.37
1546221378.41
1546221378.44
1546221378.47
1546221378.51
1546221378.54
1546221378.58
1546221378.61
1546221378.64
1546221378.67
1546221378.71
1546221378.74
1546221378.77
1546221378.81
1546221378.84
1546221378.87
1546221378.91
1546221378.94
1546221378.97
1546221379.01
1546221379.04
1546221379.08
1546221379.11
1546221379.14
1546221379.17
1546221379.21
1546221379.24
1546221379.28
1546221379.31
1546221379.34
1546221379.37
1546221379.41
1546221379.44
1546221379.47
1546221379.51
1546221379.54
1546221379.57
1546221379.61
1546221379.64
1546221379.67
1546221379.71
1546221379.74
1546221379.78
1546221379.81
1546221379.84
1546221379.88
1546221379.91
1546221379.94
1546221379.98
1546221380.01
1546221380.04
1546221380.08
1546221380.11
1546221380.14
1546221380.17
1546221380.21
1546221380.24
1546221380.28
1546221380.31
1546221380.34
1546221380.38
1546221380.41
1546221380.44
1546221380.48
1546221380.51
1546221380.54
1546221380.58
1546221380.61
1546221380.64
1546221380.68
1546221380.71
1546221380.74
1546221380.78
1546221380.81
1546221380.84
1546221380.88
1546221380.91
1546221380.94
1546221380.98
1546221381.01
1546221381.04
1546221381.08
1546221381.11
1546221381.14
1546221381.18
1546221381.21
1546221381.24
1546221381.28
1546221381.31
1546221381.34
1546221381.38
1546221381.41
1546221381.44
1546221381.48
1546221381.51
1546221381.54
1546221381.58
1546221381.61
1546221381.64
1546221381.68
1546221381.71
1546221381.74
1546221381.78
1546221381.81
1546221381.84
1546221381.88
1546221381.91
1546221381.94
1546221381.98
1546221382.01
1546221382.04
1546221382.08
1546221382.11
1546221382.14
1546221382.18
1546221382.21
1546221382.24
1546221382.28
1546221382.31
1546221382.34
1546221382.38
1546221382.41
1546221382.44
1546221382.48
1546221382.51
1546221382.54
1546221382.58
1546221382.61
1546221382.64
1546221382.68
1546221382.71
1546221382.74
1546221382.78
1546221382.81
1546221382.85
1546221382.88
1546221382.91
1546221382.94
1546221382.98
1546221383.01
1546221383.04
1546221383.08
1546221383.11
1546221383.14
1546221383.18
1546221383.21
1546221383.24
1546221383.28
1546221383.31
1546221383.35
1546221383.38
1546221383.41
1546221383.44
1546221383.48
1546221383.51
1546221383.55
1546221383.58
1546221383.61
1546221383.64
1546221383.68
1546221383.71
1546221383.75
1546221383.78
1546221383.81
1546221383.84
1546221383.87
1546221383.9
1546221383.94
1546221383.97
1546221384.0
1546221384.04
1546221384.07
1546221384.11
1546221384.14
1546221384.17
1546221384.2
1546221384.24
1546221384.27
1546221384.31
1546221384.34
1546221384.37
1546221384.4
1546221384.44
1546221384.47
1546221384.5
1546221384.54
1546221384.57
1546221384.6
1546221384.64
1546221384.67
1546221384.7
1546221384.74
1546221384.77
1546221384.81
1546221384.84
1546221384.87
1546221384.9
1546221384.94
1546221384.97
1546221385.0
1546221385.04
1546221385.07
1546221385.1
1546221385.14
1546221385.17
1546221385.2
1546221385.24
1546221385.27
1546221385.3
1546221385.34
1546221385.37
1546221385.4
1546221385.44
1546221385.47
1546221385.5
1546221385.54
1546221385.57
1546221385.6
1546221385.64
1546221385.67
1546221385.7
1546221385.74
1546221385.77
1546221385.8
1546221385.84
1546221385.87
1546221385.9
1546221385.94
1546221385.97
1546221386.0
1546221386.04
1546221386.07
1546221386.1
1546221386.14
1546221386.17
1546221386.2
1546221386.24
1546221386.27
1546221386.3
1546221386.34
1546221386.37
1546221386.4
1546221386.44
1546221386.47
1546221386.5
1546221386.54
1546221386.57
1546221386.6
1546221386.64
1546221386.67
1546221386.7
1546221386.74
1546221386.77
1546221386.8
1546221386.84
1546221386.87
1546221386.9
1546221386.94
1546221386.97
1546221387.0
1546221387.04
1546221387.07
1546221387.1
1546221387.13
1546221387.17
1546221387.2
1546221387.24
1546221387.27
1546221387.3
1546221387.34
1546221387.37
1546221387.4
1546221387.43
1546221387.47
1546221387.5
1546221387.54
1546221387.57
1546221387.6
1546221387.63
1546221387.67
1546221387.7
1546221387.73
1546221387.77
1546221387.8
1546221387.84
1546221387.87
1546221387.9
1546221387.93
1546221387.97
1546221388.0
1546221388.04
1546221388.07
1546221388.1
1546221388.13
1546221388.17
1546221388.2
1546221388.23
1546221388.27
1546221388.3
1546221388.33
1546221388.37
1546221388.4
1546221388.43
1546221388.47
1546221388.5
1546221388.54
1546221388.57
1546221388.6
1546221388.63
1546221388.67
1546221388.7
1546221388.73
1546221388.77
1546221388.8
1546221388.83
1546221388.87
1546221388.9
1546221388.93
1546221388.97
1546221389.0
1546221389.03
1546221389.07
1546221389.1
1546221389.13
1546221389.17
1546221389.2
1546221389.23
1546221389.27
1546221389.3
1546221389.33
1546221389.37
1546221389.4
1546221389.43
1546221389.47
1546221389.5
1546221389.53
1546221389.57
1546221389.6
1546221389.63
1546221389.67
1546221389.7
1546221389.73
1546221389.77
1546221389.8
1546221389.83
1546221389.87
1546221389.9
1546221389.93
1546221389.97
1546221390.0
1546221390.03
1546221390.07
1546221390.1
1546221390.13
1546221390.17
1546221390.2
1546221390.23
1546221390.27
1546221390.3
1546221390.33
1546221390.37
1546221390.4
1546221390.43
1546221390.47
1546221390.5
1546221390.53
1546221390.57
1546221390.6
1546221390.63
1546221390.67
1546221390.7
1546221390.73
1546221390.77
1546221390.8
1546221390.83
1546221390.87
1546221390.9
1546221390.93
1546221390.97
1546221391.0
1546221391.03
1546221391.07
1546221391.1
1546221391.13
1546221391.17
1546221391.2
1546221391.23
1546221391.27
1546221391.3
1546221391.33
1546221391.37
1546221391.4
1546221391.43
1546221391.47
1546221391.5
1546221391.53
1546221391.57
1546221391.6
1546221391.63
1546221391.67
1546221391.7
1546221391.73
1546221391.77
1546221391.8
1546221391.84
1546221391.87
1546221391.9
1546221391.93
1546221391.97
1546221392.0
1546221392.04
1546221392.07
1546221392.1
1546221392.13
1546221392.17
1546221392.2
1546221392.24
1546221392.27
1546221392.3
1546221392.34
1546221392.37
1546221392.4
1546221392.43
1546221392.47
1546221392.5
1546221392.54
1546221392.57
1546221392.6
1546221392.63
1546221392.67
1546221392.7
1546221392.73
1546221392.77
1546221392.8
1546221392.83
1546221392.87
1546221392.9
1546221392.93
1546221392.97
1546221393.0
1546221393.03
1546221393.07
1546221393.1
1546221393.13
1546221393.17
1546221393.2
1546221393.23
1546221393.27
1546221393.3
1546221393.33
1546221393.37
1546221393.4
1546221393.43
1546221393.47
1546221393.5
1546221393.53
1546221393.57
1546221393.6
1546221393.63
1546221393.67
1546221393.7
1546221393.73
1546221393.77
1546221393.8
1546221393.83
1546221393.87
1546221393.9
1546221393.93
1546221393.97
1546221394.0
1546221394.03
1546221394.07
1546221394.1
1546221394.13
1546221394.17
1546221394.2
1546221394.23
1546221394.27
1546221394.3
1546221394.33
1546221394.37
1546221394.4
1546221394.43
1546221394.47
1546221394.5
1546221394.54
1546221394.57
1546221394.6
1546221394.64
1546221394.67
1546221394.7
1546221394.73
1546221394.77
1546221394.8
1546221394.84
1546221394.87
1546221394.9
1546221394.93
1546221394.97
1546221395.0
1546221395.04
1546221395.07
1546221395.1
1546221395.13
1546221395.17
1546221395.2
1546221395.24
1546221395.27
1546221395.3
1546221395.34
1546221395.37
1546221395.4
1546221395.43
1546221395.47
1546221395.5
1546221395.54
1546221395.57
1546221395.6
1546221395.64
1546221395.67
1546221395.7
1546221395.73
1546221395.77
1546221395.8
1546221395.84
1546221395.87
1546221395.9
1546221395.94
1546221395.97
1546221396.0
1546221396.04
1546221396.07
1546221396.1
1546221396.14
1546221396.17
1546221396.2
1546221396.24
1546221396.27
1546221396.3
1546221396.34
1546221396.37
1546221396.4
1546221396.44
1546221396.47
1546221396.5
1546221396.54
1546221396.57
1546221396.6
1546221396.64
1546221396.67
1546221396.7
1546221396.73
1546221396.77
1546221396.8
1546221396.84
1546221396.87
1546221396.9
1546221396.94
1546221396.97
1546221397.0
1546221397.04
1546221397.07
1546221397.1
1546221397.13
1546221397.17
1546221397.2
1546221397.23
1546221397.27
1546221397.3
1546221397.34
1546221397.37
1546221397.4
1546221397.43
1546221397.47
1546221397.5
1546221397.54
1546221397.57
1546221397.6
1546221397.63
1546221397.67
1546221397.7
1546221397.73
1546221397.77
1546221397.8
1546221397.84
1546221397.87
1546221397.9
1546221397.94
1546221397.97
1546221398.0
1546221398.04
1546221398.07
1546221398.1
1546221398.13
1546221398.17
1546221398.2
1546221398.23
1546221398.27
1546221398.3
1546221398.34
1546221398.37
1546221398.4
1546221398.44
1546221398.47
1546221398.5
1546221398.54
1546221398.57
1546221398.6
1546221398.64
1546221398.67
1546221398.7
1546221398.74
1546221398.77
1546221398.8
1546221398.84
1546221398.87
1546221398.9
1546221398.94
1546221398.97
1546221399.0
1546221399.04
1546221399.07
1546221399.1
1546221399.13
1546221399.17
1546221399.2
1546221399.23
1546221399.27
1546221399.3
1546221399.34
1546221399.37
1546221399.4
1546221399.44
1546221399.47
1546221399.5
1546221399.54
1546221399.57
1546221399.6
1546221399.63
1546221399.67
1546221399.7
1546221399.73
1546221399.77
1546221399.8
1546221399.84
1546221399.87
1546221399.9
1546221399.93
1546221399.97
1546221400.0
1546221400.04
1546221400.07
1546221400.1
1546221400.13
1546221400.17
1546221400.2
1546221400.23
1546221400.27
1546221400.3
1546221400.33
1546221400.37
1546221400.4
1546221400.43
1546221400.47
1546221400.5
1546221400.53
1546221400.57
1546221400.6
1546221400.63
1546221400.67
1546221400.7
1546221400.73
1546221400.77
1546221400.8
1546221400.84
1546221400.87
1546221400.9
1546221400.93
1546221400.97
1546221401.0
1546221401.03
1546221401.07
1546221401.1
1546221401.13
1546221401.17
1546221401.2
1546221401.23
1546221401.27
1546221401.3
1546221401.34
1546221401.37
1546221401.4
1546221401.43
1546221401.47
1546221401.5
1546221401.53
1546221401.57
1546221401.6
1546221401.63
1546221401.67
1546221401.7
1546221401.73
1546221401.77
1546221401.8
1546221401.83
1546221401.87
1546221401.9
1546221401.93
1546221401.97
1546221402.0
1546221402.03
1546221402.07
1546221402.1
1546221402.13
1546221402.17
1546221402.2
1546221402.23
1546221402.27
1546221402.3
1546221402.33
1546221402.37
1546221402.4
1546221402.43
1546221402.46
1546221402.5
1546221402.53
1546221402.57
1546221402.6
1546221402.63
1546221402.66
1546221402.7
1546221402.73
1546221402.77
1546221402.8
1546221402.83
1546221402.87
1546221402.9
1546221402.93
1546221402.96
1546221403.0
1546221403.03
1546221403.07
1546221403.1
1546221403.13
1546221403.16
1546221403.2
1546221403.23
1546221403.27
1546221403.3
1546221403.33
1546221403.37
1546221403.4
1546221403.43
1546221403.47
1546221403.5
1546221403.53
1546221403.57
1546221403.6
1546221403.63
1546221403.66
1546221403.7
1546221403.73
1546221403.77
1546221403.8
1546221403.83
1546221403.87
1546221403.9
1546221403.93
1546221403.97
1546221404.0
1546221404.03
1546221404.07
1546221404.1
1546221404.13
1546221404.17
1546221404.2
1546221404.23
1546221404.27
1546221404.3
1546221404.33
1546221404.37
1546221404.4
1546221404.43
1546221404.47
1546221404.5
1546221404.53
1546221404.57
1546221404.6
1546221404.63
1546221404.67
1546221404.7
1546221404.73
1546221404.77
1546221404.8
1546221404.83
1546221404.87
1546221404.9
1546221404.93
1546221404.97
1546221405.0
1546221405.03
1546221405.07
1546221405.1
1546221405.13
1546221405.17
1546221405.2
1546221405.23
1546221405.27
1546221405.3
1546221405.33
1546221405.37
1546221405.4
1546221405.43
1546221405.47
1546221405.5
1546221405.53
1546221405.57
1546221405.6
1546221405.63
1546221405.67
1546221405.7
1546221405.73
1546221405.77
1546221405.8
1546221405.83
1546221405.87
1546221405.9
1546221405.93
1546221405.97
1546221406.0
1546221406.04
1546221406.07
1546221406.1
1546221406.13
1546221406.17
1546221406.2
1546221406.23
1546221406.27
1546221406.3
1546221406.34
1546221406.37
1546221406.4
1546221406.44
1546221406.47
1546221406.5
1546221406.54
1546221406.57
1546221406.6
1546221406.64
1546221406.67
1546221406.7
1546221406.74
1546221406.77
1546221406.8
1546221406.84
1546221406.87
1546221406.9
1546221406.94
1546221406.97
1546221407.01
1546221407.04
1546221407.07
1546221407.11
1546221407.14
1546221407.17
1546221407.2
1546221407.24
1546221407.27
1546221407.31
1546221407.34
1546221407.37
1546221407.4
1546221407.44
1546221407.47
1546221407.51
1546221407.54
1546221407.57
1546221407.61
1546221407.64
1546221407.67
1546221407.7
1546221407.74
1546221407.77
1546221407.8
1546221407.84
1546221407.87
1546221407.91
1546221407.94
1546221407.97
1546221408.01
1546221408.04
1546221408.07
1546221408.11
1546221408.14
1546221408.17
1546221408.2
1546221408.24
1546221408.27
1546221408.31
1546221408.34
1546221408.37
1546221408.4
1546221408.44
1546221408.47
1546221408.51
1546221408.54
1546221408.57
1546221408.6
1546221408.63
1546221408.66
1546221408.7
1546221408.73
1546221408.77
1546221408.8
1546221408.83
1546221408.87
1546221408.9
1546221408.93
1546221408.96
1546221409.0
1546221409.03
1546221409.06
1546221409.1
1546221409.13
1546221409.16
1546221409.2
1546221409.23
1546221409.26
1546221409.3
1546221409.33
1546221409.36
1546221409.4
1546221409.43
1546221409.46
1546221409.5
1546221409.53
1546221409.56
1546221409.6
1546221409.63
1546221409.66
1546221409.7
1546221409.73
1546221409.77
1546221409.8
1546221409.83
1546221409.87
1546221409.9
1546221409.93
1546221409.97
1546221410.0
1546221410.03
1546221410.07
1546221410.1
1546221410.13
1546221410.16
1546221410.2
1546221410.23
1546221410.27
1546221410.3
1546221410.33
1546221410.37
1546221410.4
1546221410.43
1546221410.46
1546221410.5
1546221410.53
1546221410.57
1546221410.6
1546221410.63
1546221410.66
1546221410.7
1546221410.73
1546221410.76
1546221410.8
1546221410.83
1546221410.86
1546221410.9
1546221410.93
1546221410.96
1546221411.0
1546221411.03
1546221411.07
1546221411.1
1546221411.13
1546221411.16
1546221411.2
1546221411.23
1546221411.26
1546221411.3
1546221411.33
1546221411.36
1546221411.4
1546221411.43
1546221411.46
1546221411.5
1546221411.53
1546221411.57
1546221411.6
1546221411.63
1546221411.66
1546221411.7
1546221411.73
1546221411.76
1546221411.8
1546221411.83
1546221411.87
1546221411.9
1546221411.93
1546221411.96
1546221412.0
1546221412.03
1546221412.06
1546221412.1
1546221412.13
1546221412.16
1546221412.2
1546221412.23
1546221412.26
1546221412.3
1546221412.33
1546221412.36
1546221412.4
1546221412.43
1546221412.46
1546221412.5
1546221412.53
1546221412.56
1546221412.6
1546221412.63
1546221412.66
1546221412.7
1546221412.73
1546221412.76
1546221412.8
1546221412.83
1546221412.86
1546221412.9
1546221412.93
1546221412.96
1546221413.0
1546221413.03
1546221413.06
1546221413.1
1546221413.13
1546221413.16
1546221413.19
1546221413.23
1546221413.26
1546221413.3
1546221413.33
1546221413.36
1546221413.4
1546221413.43
1546221413.46
1546221413.5
1546221413.53
1546221413.56
1546221413.6
1546221413.63
1546221413.66
1546221413.7
1546221413.73
1546221413.76
1546221413.8
1546221413.83
1546221413.86
1546221413.9
1546221413.93
1546221413.96
1546221414.0
1546221414.03
1546221414.06
1546221414.1
1546221414.13
1546221414.16
1546221414.2
1546221414.23
1546221414.26
1546221414.3
1546221414.33
1546221414.36
1546221414.4
1546221414.43
1546221414.46
1546221414.5
1546221414.53
1546221414.56
1546221414.6
1546221414.63
1546221414.66
1546221414.7
1546221414.73
1546221414.76
1546221414.8
1546221414.83
1546221414.86
1546221414.9
1546221414.93
1546221414.96
1546221415.0
1546221415.03
1546221415.06
1546221415.1
1546221415.13
1546221415.16
1546221415.2
1546221415.23
1546221415.26
1546221415.3
1546221415.33
1546221415.36
1546221415.4
1546221415.43
1546221415.46
1546221415.49
1546221415.53
1546221415.56
1546221415.6
1546221415.63
1546221415.66
1546221415.69
1546221415.73
1546221415.76
1546221415.8
1546221415.83
1546221415.86
1546221415.89
1546221415.93
1546221415.96
1546221415.99
1546221416.03
1546221416.06
1546221416.1
1546221416.13
1546221416.16
1546221416.19
1546221416.23
1546221416.26
1546221416.3
1546221416.33
1546221416.36
1546221416.39
1546221416.43
1546221416.46
1546221416.5
1546221416.53
1546221416.56
1546221416.6
1546221416.63
1546221416.66
1546221416.69
1546221416.73
1546221416.76
1546221416.8
1546221416.83
1546221416.86
1546221416.89
1546221416.93
1546221416.96
1546221417.0
1546221417.03
1546221417.06
1546221417.1
1546221417.13
1546221417.16
1546221417.2
1546221417.23
1546221417.26
1546221417.3
1546221417.33
1546221417.36
1546221417.4
1546221417.43
1546221417.46
1546221417.49
1546221417.53
1546221417.56
1546221417.6
1546221417.63
1546221417.66
1546221417.69
1546221417.73
1546221417.76
1546221417.8
1546221417.83
1546221417.86
1546221417.89
1546221417.93
1546221417.96
1546221417.99
1546221418.03
1546221418.06
1546221418.09
1546221418.13
1546221418.16
1546221418.19
1546221418.23
1546221418.26
1546221418.29
1546221418.33
1546221418.36
1546221418.39
1546221418.43
1546221418.46
1546221418.49
1546221418.53
1546221418.56
1546221418.6
1546221418.63
1546221418.66
1546221418.69
1546221418.73
1546221418.76
1546221418.8
1546221418.83
1546221418.86
1546221418.89
1546221418.93
1546221418.96
1546221418.99
1546221419.03
1546221419.06
1546221419.09
1546221419.13
1546221419.16
1546221419.19
1546221419.23
1546221419.26
1546221419.29
1546221419.33
1546221419.36
1546221419.39
1546221419.43
1546221419.46
1546221419.49
1546221419.53
1546221419.56
1546221419.6
1546221419.63
1546221419.66
1546221419.69
1546221419.73
1546221419.76
1546221419.79
1546221419.83
1546221419.86
1546221419.89
1546221419.93
1546221419.96
1546221419.99
1546221420.03
1546221420.06
1546221420.09
1546221420.13
1546221420.16
1546221420.19
1546221420.23
1546221420.26
1546221420.29
1546221420.33
1546221420.36
1546221420.39
1546221420.43
1546221420.46
1546221420.49
1546221420.53
1546221420.56
1546221420.59
1546221420.63
1546221420.66
1546221420.69
1546221420.73
1546221420.76
1546221420.79
1546221420.83
1546221420.86
1546221420.89
1546221420.93
1546221420.96
1546221420.99
1546221421.03
1546221421.06
1546221421.09
1546221421.13
1546221421.16
1546221421.19
1546221421.23
1546221421.26
1546221421.29
1546221421.33
1546221421.36
1546221421.39
1546221421.43
1546221421.46
1546221421.49
1546221421.53
1546221421.56
1546221421.59
1546221421.63
1546221421.66
1546221421.69
1546221421.73
1546221421.76
1546221421.79
1546221421.83
1546221421.86
1546221421.89
1546221421.93
1546221421.96
1546221421.99
1546221422.03
1546221422.06
1546221422.09
1546221422.12
1546221422.16
1546221422.19
1546221422.23
1546221422.26
1546221422.29
1546221422.33
1546221422.36
1546221422.39
1546221422.42
1546221422.46
1546221422.49
1546221422.53
1546221422.56
1546221422.59
1546221422.63
1546221422.66
1546221422.69
1546221422.73
1546221422.76
1546221422.79
1546221422.83
1546221422.86
1546221422.89
1546221422.93
1546221422.96
1546221422.99
1546221423.03
1546221423.06
1546221423.09
1546221423.13
1546221423.16
1546221423.19
1546221423.22
1546221423.26
1546221423.29
1546221423.33
1546221423.36
1546221423.39
1546221423.42
1546221423.46
1546221423.49
1546221423.53
1546221423.56
1546221423.59
1546221423.62
1546221423.66
1546221423.69
1546221423.72
1546221423.76
1546221423.79
1546221423.83
1546221423.86
1546221423.89
1546221423.92
1546221423.96
1546221423.99
1546221424.02
1546221424.06
1546221424.09
1546221424.12
1546221424.16
1546221424.19
1546221424.22
1546221424.26
1546221424.29
1546221424.33
1546221424.36
1546221424.39
1546221424.42
1546221424.46
1546221424.49
1546221424.53
1546221424.56
1546221424.59
1546221424.62
1546221424.66
1546221424.69
1546221424.72
1546221424.76
1546221424.79
1546221424.82
1546221424.86
1546221424.89
1546221424.92
1546221424.96
1546221424.99
1546221425.02
1546221425.06
1546221425.09
1546221425.12
1546221425.16
1546221425.19
1546221425.22
1546221425.26
1546221425.29
1546221425.32
1546221425.36
1546221425.39
1546221425.42
1546221425.46
1546221425.49
1546221425.52
1546221425.56
1546221425.59
1546221425.62
1546221425.66
1546221425.69
1546221425.72
1546221425.76
1546221425.79
1546221425.82
1546221425.86
1546221425.89
1546221425.92
1546221425.96
1546221425.99
1546221426.02
1546221426.06
1546221426.09
1546221426.12
1546221426.16
1546221426.19
1546221426.22
1546221426.26
1546221426.29
1546221426.32
1546221426.36
1546221426.39
1546221426.42
1546221426.46
1546221426.49
1546221426.52
1546221426.56
1546221426.59
1546221426.62
1546221426.66
1546221426.69
1546221426.72
1546221426.76
1546221426.79
1546221426.82
1546221426.86
1546221426.89
1546221426.92
1546221426.96
1546221426.99
1546221427.02
1546221427.06
1546221427.09
1546221427.12
1546221427.16
1546221427.19
1546221427.22
1546221427.26
1546221427.29
1546221427.32
1546221427.36
1546221427.39
1546221427.42
1546221427.46
1546221427.49
1546221427.52
1546221427.56
1546221427.59
1546221427.62
1546221427.66
1546221427.69
1546221427.72
1546221427.76
1546221427.79
1546221427.82
1546221427.86
1546221427.89
1546221427.92
1546221427.96
1546221427.99
1546221428.02
1546221428.06
1546221428.09
1546221428.12
1546221428.16
1546221428.19
1546221428.22
1546221428.26
1546221428.29
1546221428.32
1546221428.36
1546221428.39
1546221428.42
1546221428.46
1546221428.49
1546221428.52
1546221428.56
1546221428.59
1546221428.62
1546221428.66
1546221428.69
1546221428.72
1546221428.76
1546221428.79
1546221428.83
1546221428.86
1546221428.89
1546221428.92
1546221428.96
1546221428.99
1546221429.03
1546221429.06
1546221429.09
1546221429.12
1546221429.16
1546221429.19
1546221429.22
1546221429.26
1546221429.29
1546221429.33
1546221429.36
1546221429.39
1546221429.43
1546221429.46
1546221429.49
1546221429.53
1546221429.56
1546221429.59
1546221429.63
1546221429.66
1546221429.69
1546221429.73
1546221429.76
1546221429.79
1546221429.83
1546221429.86
1546221429.89
1546221429.93
1546221429.96
1546221429.99
1546221430.03
1546221430.06
1546221430.09
1546221430.13
1546221430.16
1546221430.19
1546221430.23
1546221430.26
1546221430.29
1546221430.33
1546221430.36
1546221430.39
1546221430.43
1546221430.46
1546221430.49
1546221430.53
1546221430.56
1546221430.6
1546221430.63
1546221430.66
1546221430.69
1546221430.73
1546221430.76
1546221430.79
1546221430.83
1546221430.86
1546221430.89
1546221430.93
1546221430.96
1546221430.99
1546221431.03
1546221431.06
1546221431.09
1546221431.13
1546221431.16
1546221431.19
1546221431.23
1546221431.26
1546221431.3
1546221431.33
1546221431.36
1546221431.39
1546221431.43
1546221431.46
1546221431.5
1546221431.53
1546221431.56
1546221431.6
1546221431.63
1546221431.66
1546221431.69
1546221431.73
1546221431.76
1546221431.8
1546221431.83
1546221431.86
1546221431.9
1546221431.93
1546221431.96
1546221432.0
1546221432.03
1546221432.06
1546221432.1
1546221432.13
1546221432.16
1546221432.2
1546221432.23
1546221432.26
1546221432.3
1546221432.33
1546221432.36
1546221432.4
1546221432.43
1546221432.46
1546221432.5
1546221432.53
1546221432.56
1546221432.6
1546221432.63
1546221432.66
1546221432.7
1546221432.73
1546221432.76
1546221432.8
1546221432.83
1546221432.86
1546221432.9
1546221432.93
1546221432.96
1546221433.0
1546221433.03
1546221433.06
1546221433.09
1546221433.12
1546221433.16
1546221433.19
1546221433.22
1546221433.26
1546221433.29
1546221433.32
1546221433.36
1546221433.39
1546221433.42
1546221433.46
1546221433.49
1546221433.52
1546221433.56
1546221433.59
1546221433.62
1546221433.66
1546221433.69
1546221433.72
1546221433.76
1546221433.79
1546221433.82
1546221433.86
1546221433.89
1546221433.92
1546221433.95
1546221433.99
1546221434.02
1546221434.06
1546221434.09
1546221434.12
1546221434.16
1546221434.19
1546221434.22
1546221434.26
1546221434.29
1546221434.32
1546221434.36
1546221434.39
1546221434.42
1546221434.46
1546221434.49
1546221434.52
1546221434.56
1546221434.59
1546221434.62
1546221434.66
1546221434.69
1546221434.72
1546221434.76
1546221434.79
1546221434.82
1546221434.86
1546221434.89
1546221434.92
1546221434.96
1546221434.99
1546221435.02
1546221435.06
1546221435.09
1546221435.12
1546221435.16
1546221435.19
1546221435.22
1546221435.26
1546221435.29
1546221435.32
1546221435.36
1546221435.39
1546221435.42
1546221435.46
1546221435.49
1546221435.52
1546221435.56
1546221435.59
1546221435.62
1546221435.65
1546221435.69
1546221435.72
1546221435.76
1546221435.79
1546221435.82
1546221435.86
1546221435.89
1546221435.92
1546221435.95
1546221435.99
1546221436.02
1546221436.06
1546221436.09
1546221436.12
1546221436.15
1546221436.19
1546221436.22
1546221436.26
1546221436.29
1546221436.32
1546221436.35
1546221436.39
1546221436.42
1546221436.45
1546221436.49
1546221436.52
1546221436.55
1546221436.59
1546221436.62
1546221436.65
1546221436.69
1546221436.72
1546221436.75
1546221436.79
1546221436.82
1546221436.85
1546221436.89
1546221436.92
1546221436.95
1546221436.99
1546221437.02
1546221437.05
1546221437.09
1546221437.12
1546221437.15
1546221437.19
1546221437.22
1546221437.25
1546221437.29
1546221437.32
1546221437.35
1546221437.39
1546221437.42
1546221437.45
1546221437.49
1546221437.52
1546221437.55
1546221437.59
1546221437.62
1546221437.65
1546221437.69
1546221437.72
1546221437.75
1546221437.79
1546221437.82
1546221437.85
1546221437.89
1546221437.92
1546221437.95
1546221437.99
1546221438.02
1546221438.05
1546221438.09
1546221438.12
1546221438.15
1546221438.19
1546221438.22
1546221438.25
1546221438.29
1546221438.32
1546221438.35
1546221438.39
1546221438.42
1546221438.45
1546221438.49
1546221438.52
1546221438.55
1546221438.59
1546221438.62
1546221438.65
1546221438.69
1546221438.72
1546221438.75
1546221438.79
1546221438.82
1546221438.85
1546221438.89
1546221438.92
1546221438.95
1546221438.99
1546221439.02
1546221439.05
1546221439.09
1546221439.12
1546221439.15
1546221439.19
1546221439.22
1546221439.25
1546221439.29
1546221439.32
1546221439.35
1546221439.39
1546221439.42
1546221439.45
1546221439.49
1546221439.52
1546221439.56
1546221439.59
1546221439.62
1546221439.65
1546221439.69
1546221439.72
1546221439.75
1546221439.79
1546221439.82
1546221439.85
1546221439.89
1546221439.92
1546221439.95
1546221439.99
1546221440.02
1546221440.05
1546221440.09
1546221440.12
1546221440.15
1546221440.19
1546221440.22
1546221440.25
1546221440.29
1546221440.32
1546221440.35
1546221440.39
1546221440.42
1546221440.45
1546221440.49
1546221440.52
1546221440.55
1546221440.59
1546221440.62
1546221440.65
1546221440.69
1546221440.72
1546221440.75
1546221440.79
1546221440.82
1546221440.85
1546221440.88
1546221440.92
1546221440.95
1546221440.98
1546221441.02
1546221441.05
1546221441.09
1546221441.12
1546221441.15
1546221441.18
1546221441.22
1546221441.25
1546221441.29
1546221441.32
1546221441.35
1546221441.38
1546221441.42
1546221441.45
1546221441.48
1546221441.52
1546221441.55
1546221441.59
1546221441.62
1546221441.65
1546221441.68
1546221441.72
1546221441.75
1546221441.79
1546221441.82
1546221441.85
1546221441.88
1546221441.92
1546221441.95
1546221441.98
1546221442.02
1546221442.05
1546221442.09
1546221442.12
1546221442.15
1546221442.18
1546221442.22
1546221442.25
1546221442.28
1546221442.32
1546221442.35
1546221442.38
1546221442.42
1546221442.45
1546221442.48
1546221442.52
1546221442.55
1546221442.59
1546221442.62
1546221442.65
1546221442.68
1546221442.72
1546221442.75
1546221442.78
1546221442.82
1546221442.85
1546221442.88
1546221442.92
1546221442.95
1546221442.98
1546221443.02
1546221443.05
1546221443.08
1546221443.12
1546221443.15
1546221443.18
1546221443.22
1546221443.25
1546221443.28
1546221443.32
1546221443.35
1546221443.38
1546221443.42
1546221443.45
1546221443.48
1546221443.52
1546221443.55
1546221443.59
1546221443.62
1546221443.65
1546221443.68
1546221443.72
1546221443.75
1546221443.78
1546221443.82
1546221443.85
1546221443.88
1546221443.92
1546221443.95
1546221443.98
1546221444.02
1546221444.05
1546221444.08
1546221444.12
1546221444.15
1546221444.18
1546221444.22
1546221444.25
1546221444.28
1546221444.32
1546221444.35
1546221444.38
1546221444.42
1546221444.45
1546221444.48
1546221444.52
1546221444.55
1546221444.58
1546221444.62
1546221444.65
1546221444.68
1546221444.72
1546221444.75
1546221444.78
1546221444.82
1546221444.85
1546221444.88
1546221444.92
1546221444.95
1546221444.98
1546221445.02
1546221445.05
1546221445.09
1546221445.12
1546221445.15
1546221445.19
1546221445.22
1546221445.25
1546221445.28
1546221445.32
1546221445.35
1546221445.38
1546221445.42
1546221445.45
1546221445.48
1546221445.52
1546221445.55
1546221445.58
1546221445.62
1546221445.65
1546221445.68
1546221445.72
1546221445.75
1546221445.78
1546221445.82
1546221445.85
1546221445.88
1546221445.92
1546221445.95
1546221445.98
1546221446.02
1546221446.05
1546221446.09
1546221446.12
1546221446.15
1546221446.18
1546221446.22
1546221446.25
1546221446.28
1546221446.32
1546221446.35
1546221446.38
1546221446.42
1546221446.45
1546221446.48
1546221446.52
1546221446.55
1546221446.58
1546221446.62
1546221446.65
1546221446.68
1546221446.72
1546221446.75
1546221446.78
1546221446.82
1546221446.85
1546221446.88
1546221446.92
1546221446.95
1546221446.98
1546221447.02
1546221447.05
1546221447.08
1546221447.12
1546221447.15
1546221447.18
1546221447.22
1546221447.25
1546221447.28
1546221447.32
1546221447.35
1546221447.38
1546221447.42
1546221447.45
1546221447.48
1546221447.52
1546221447.55
1546221447.58
1546221447.62
1546221447.65
1546221447.68
1546221447.72
1546221447.75
1546221447.78
1546221447.82
1546221447.85
1546221447.88
1546221447.92
1546221447.95
1546221447.98
1546221448.02
1546221448.05
1546221448.08
1546221448.12
1546221448.15
1546221448.18
1546221448.21
1546221448.25
1546221448.28
1546221448.31
1546221448.35
1546221448.38
1546221448.41
1546221448.45
1546221448.48
1546221448.52
1546221448.55
1546221448.58
1546221448.62
1546221448.65
1546221448.68
1546221448.71
1546221448.75
1546221448.78
1546221448.82
1546221448.85
1546221448.88
1546221448.91
1546221448.95
1546221448.98
1546221449.02
1546221449.05
1546221449.08
1546221449.12
1546221449.15
1546221449.18
1546221449.21
1546221449.25
1546221449.28
1546221449.32
1546221449.35
1546221449.38
1546221449.42
1546221449.45
1546221449.48
1546221449.52
1546221449.55
1546221449.58
1546221449.62
1546221449.65
1546221449.68
1546221449.72
1546221449.75
1546221449.78
1546221449.82
1546221449.85
1546221449.88
1546221449.92
1546221449.95
1546221449.98
1546221450.02
1546221450.05
1546221450.08
1546221450.12
1546221450.15
1546221450.18
1546221450.21
1546221450.25
1546221450.28
1546221450.32
1546221450.35
1546221450.38
1546221450.42
1546221450.45
1546221450.48
1546221450.52
1546221450.55
1546221450.58
1546221450.62
1546221450.65
1546221450.68
1546221450.71
1546221450.75
1546221450.78
1546221450.82
1546221450.85
1546221450.88
1546221450.91
1546221450.95
1546221450.98
1546221451.01
1546221451.05
1546221451.08
1546221451.11
1546221451.15
1546221451.18
1546221451.21
1546221451.25
1546221451.28
1546221451.32
1546221451.35
1546221451.38
1546221451.41
1546221451.45
1546221451.48
1546221451.52
1546221451.55
1546221451.58
1546221451.62
1546221451.65
1546221451.68
1546221451.72
1546221451.75
1546221451.78
1546221451.82
1546221451.85
1546221451.88
1546221451.91
1546221451.95
1546221451.98
1546221452.02
1546221452.05
1546221452.08
1546221452.12
1546221452.15
1546221452.18
1546221452.22
1546221452.25
1546221452.28
1546221452.32
1546221452.35
1546221452.38
1546221452.41
1546221452.45
1546221452.48
1546221452.52
1546221452.55
1546221452.58
1546221452.62
1546221452.65
1546221452.68
1546221452.71
1546221452.75
1546221452.78
1546221452.82
1546221452.85
1546221452.88
1546221452.92
1546221452.95
1546221452.98
1546221453.02
1546221453.05
1546221453.08
1546221453.12
1546221453.15
1546221453.18
1546221453.22
1546221453.25
1546221453.28
1546221453.32
1546221453.35
1546221453.38
1546221453.42
1546221453.45
1546221453.48
1546221453.52
1546221453.55
1546221453.58
1546221453.62
1546221453.65
1546221453.68
1546221453.72
1546221453.75
1546221453.78
1546221453.82
1546221453.85
1546221453.88
1546221453.92
1546221453.95
1546221453.98
1546221454.02
1546221454.05
1546221454.08
1546221454.12
1546221454.15
1546221454.18
1546221454.22
1546221454.25
1546221454.29
1546221454.32
1546221454.35
1546221454.38
1546221454.42
1546221454.45
1546221454.48
1546221454.52
1546221454.55
1546221454.59
1546221454.62
1546221454.65
1546221454.69
1546221454.72
1546221454.75
1546221454.79
1546221454.82
1546221454.85
1546221454.89
1546221454.92
1546221454.95
1546221454.99
1546221455.02
1546221455.05
1546221455.09
1546221455.12
1546221455.15
1546221455.19
1546221455.22
1546221455.25
1546221455.29
1546221455.32
1546221455.35
1546221455.39
1546221455.42
1546221455.45
1546221455.49
1546221455.52
1546221455.55
1546221455.59
1546221455.62
1546221455.65
1546221455.69
1546221455.72
1546221455.75
1546221455.79
1546221455.82
1546221455.85
1546221455.89
1546221455.92
1546221455.95
1546221455.99
1546221456.02
1546221456.05
1546221456.09
1546221456.12
1546221456.15
1546221456.19
1546221456.22
1546221456.25
1546221456.29
1546221456.32
1546221456.36
1546221456.39
1546221456.42
1546221456.45
1546221456.49
1546221456.52
1546221456.56
1546221456.59
1546221456.62
1546221456.65
1546221456.69
1546221456.72
1546221456.76
1546221456.79
1546221456.82
1546221456.86
1546221456.89
1546221456.92
1546221456.95
1546221456.99
1546221457.02
1546221457.06
1546221457.09
1546221457.12
1546221457.15
1546221457.19
1546221457.22
1546221457.26
1546221457.29
1546221457.32
1546221457.36
1546221457.39
1546221457.42
1546221457.45
1546221457.48
1546221457.51
1546221457.55
1546221457.58
1546221457.61
1546221457.65
1546221457.68
1546221457.71
1546221457.75
1546221457.78
1546221457.81
1546221457.85
1546221457.88
1546221457.91
1546221457.95
1546221457.98
1546221458.01
1546221458.05
1546221458.08
1546221458.11
1546221458.15
1546221458.18
1546221458.21
1546221458.25
1546221458.28
1546221458.31
1546221458.35
1546221458.38
1546221458.41
1546221458.45
1546221458.48
1546221458.51
1546221458.55
1546221458.58
1546221458.61
1546221458.65
1546221458.68
1546221458.71
1546221458.75
1546221458.78
1546221458.81
1546221458.85
1546221458.88
1546221458.91
1546221458.95
1546221458.98
1546221459.01
1546221459.05
1546221459.08
1546221459.11
1546221459.15
1546221459.18
1546221459.21
1546221459.24
1546221459.28
1546221459.31
1546221459.34
1546221459.38
1546221459.41
1546221459.44
1546221459.48
1546221459.51
1546221459.54
1546221459.58
1546221459.61
1546221459.64
1546221459.68
1546221459.71
1546221459.74
1546221459.78
1546221459.81
1546221459.84
1546221459.88
1546221459.91
1546221459.94
1546221459.98
1546221460.01
1546221460.04
1546221460.08
1546221460.11
1546221460.14
1546221460.18
1546221460.21
1546221460.24
1546221460.28
1546221460.31
1546221460.34
1546221460.38
1546221460.41
1546221460.44
1546221460.48
1546221460.51
1546221460.54
1546221460.58
1546221460.61
1546221460.64
1546221460.68
1546221460.71
1546221460.74
1546221460.78
1546221460.81
1546221460.84
1546221460.88
1546221460.91
1546221460.94
1546221460.98
1546221461.01
1546221461.04
1546221461.08
1546221461.11
1546221461.14
1546221461.18
1546221461.21
1546221461.24
1546221461.28
1546221461.31
1546221461.34
1546221461.38
1546221461.41
1546221461.44
1546221461.48
1546221461.51
1546221461.54
1546221461.58
1546221461.61
1546221461.64
1546221461.68
1546221461.71
1546221461.74
1546221461.78
1546221461.81
1546221461.84
1546221461.88
1546221461.91
1546221461.94
1546221461.98
1546221462.01
1546221462.04
1546221462.08
1546221462.11
1546221462.14
1546221462.18
1546221462.21
1546221462.24
1546221462.28
1546221462.31
1546221462.34
1546221462.38
1546221462.41
1546221462.44
1546221462.48
1546221462.51
1546221462.54
1546221462.58
1546221462.61
1546221462.64
1546221462.68
1546221462.71
1546221462.74
1546221462.78
1546221462.81
1546221462.84
1546221462.88
1546221462.91
1546221462.94
1546221462.98
1546221463.01
1546221463.04
1546221463.08
1546221463.11
1546221463.14
1546221463.18
1546221463.21
1546221463.24
1546221463.28
1546221463.31
1546221463.34
1546221463.38
1546221463.41
1546221463.44
1546221463.47
1546221463.51
1546221463.54
1546221463.58
1546221463.61
1546221463.64
1546221463.68
1546221463.71
1546221463.74
1546221463.78
1546221463.81
1546221463.84
1546221463.88
1546221463.91
1546221463.94
1546221463.98
1546221464.01
1546221464.04
1546221464.08
1546221464.11
1546221464.14
1546221464.17
1546221464.21
1546221464.24
1546221464.27
1546221464.31
1546221464.34
1546221464.37
1546221464.41
1546221464.44
1546221464.47
1546221464.51
1546221464.54
1546221464.57
1546221464.61
1546221464.64
1546221464.67
1546221464.71
1546221464.74
1546221464.77
1546221464.81
1546221464.84
1546221464.87
1546221464.91
1546221464.94
1546221464.97
1546221465.01
1546221465.04
1546221465.08
1546221465.11
1546221465.14
1546221465.17
1546221465.21
1546221465.24
1546221465.27
1546221465.31
1546221465.34
1546221465.37
1546221465.41
1546221465.44
1546221465.47
1546221465.51
1546221465.54
1546221465.57
1546221465.61
1546221465.64
1546221465.67
1546221465.71
1546221465.74
1546221465.77
1546221465.81
1546221465.84
1546221465.87
1546221465.91
1546221465.94
1546221465.97
1546221466.01
1546221466.04
1546221466.07
1546221466.11
1546221466.14
1546221466.17
1546221466.2
1546221466.24
1546221466.27
1546221466.31
1546221466.34
1546221466.37
1546221466.41
1546221466.44
1546221466.47
1546221466.51
1546221466.54
1546221466.57
1546221466.61
1546221466.64
1546221466.67
1546221466.7
1546221466.74
1546221466.77
1546221466.81
1546221466.84
1546221466.87
1546221466.9
1546221466.94
1546221466.97
1546221467.0
1546221467.04
1546221467.07
1546221467.1
1546221467.14
1546221467.17
1546221467.2
1546221467.24
1546221467.27
1546221467.3
1546221467.34
1546221467.37
1546221467.4
1546221467.44
1546221467.47
1546221467.5
1546221467.54
1546221467.57
1546221467.61
1546221467.64
1546221467.67
1546221467.7
1546221467.74
1546221467.77
1546221467.8
1546221467.84
1546221467.87
1546221467.9
1546221467.94
1546221467.97
1546221468.0
1546221468.04
1546221468.07
1546221468.1
1546221468.14
1546221468.17
1546221468.2
1546221468.24
1546221468.27
1546221468.31
1546221468.34
1546221468.37
1546221468.4
1546221468.44
1546221468.47
1546221468.51
1546221468.54
1546221468.57
1546221468.61
1546221468.64
1546221468.67
1546221468.7
1546221468.74
1546221468.77
1546221468.81
1546221468.84
1546221468.87
1546221468.9
1546221468.94
1546221468.97
1546221469.0
1546221469.04
1546221469.07
1546221469.11
1546221469.14
1546221469.17
1546221469.2
1546221469.24
1546221469.27
1546221469.3
1546221469.34
1546221469.37
1546221469.4
1546221469.44
1546221469.47
1546221469.5
1546221469.54
1546221469.57
1546221469.61
1546221469.64
1546221469.67
1546221469.7
1546221469.74
1546221469.77
1546221469.8
1546221469.84
1546221469.87
1546221469.9
1546221469.94
1546221469.97
1546221470.0
1546221470.04
1546221470.07
1546221470.1
1546221470.14
1546221470.17
1546221470.2
1546221470.24
1546221470.27
1546221470.3
1546221470.34
1546221470.37
1546221470.4
1546221470.44
1546221470.47
1546221470.51
1546221470.54
1546221470.57
1546221470.61
1546221470.64
1546221470.67
1546221470.7
1546221470.74
1546221470.77
1546221470.81
1546221470.84
1546221470.87
1546221470.9
1546221470.94
1546221470.97
1546221471.01
1546221471.04
1546221471.07
1546221471.11
1546221471.14
1546221471.17
1546221471.2
1546221471.24
1546221471.27
1546221471.31
1546221471.34
1546221471.37
1546221471.4
1546221471.44
1546221471.47
1546221471.51
1546221471.54
1546221471.57
1546221471.61
1546221471.64
1546221471.67
1546221471.7
1546221471.74
1546221471.77
1546221471.81
1546221471.84
1546221471.87
1546221471.9
1546221471.94
1546221471.97
1546221472.0
1546221472.04
1546221472.07
1546221472.1
1546221472.14
1546221472.17
1546221472.2
1546221472.24
1546221472.27
1546221472.3
1546221472.34
1546221472.37
1546221472.4
1546221472.44
1546221472.47
1546221472.5
1546221472.54
1546221472.57
1546221472.6
1546221472.64
1546221472.67
1546221472.7
1546221472.74
1546221472.77
1546221472.8
1546221472.84
1546221472.87
1546221472.9
1546221472.94
1546221472.97
1546221473.0
1546221473.04
1546221473.07
1546221473.1
1546221473.14
1546221473.17
1546221473.2
1546221473.24
1546221473.27
1546221473.31
1546221473.34
1546221473.37
1546221473.4
1546221473.44
1546221473.47
1546221473.5
1546221473.54
1546221473.57
1546221473.6
1546221473.64
1546221473.67
1546221473.7
1546221473.74
1546221473.77
1546221473.81
1546221473.84
1546221473.87
1546221473.9
1546221473.94
1546221473.97
1546221474.01
1546221474.04
1546221474.07
1546221474.1
1546221474.14
1546221474.17
1546221474.2
1546221474.24
1546221474.27
1546221474.3
1546221474.34
1546221474.37
1546221474.4
1546221474.44
1546221474.47
1546221474.5
1546221474.54
1546221474.57
1546221474.6
1546221474.64
1546221474.67
1546221474.7
1546221474.74
1546221474.77
1546221474.8
1546221474.84
1546221474.87
1546221474.9
1546221474.94
1546221474.97
1546221475.0
1546221475.04
1546221475.07
1546221475.1
1546221475.13
1546221475.17
1546221475.2
1546221475.24
1546221475.27
1546221475.3
1546221475.34
1546221475.37
1546221475.4
1546221475.44
1546221475.47
1546221475.5
1546221475.54
1546221475.57
1546221475.6
1546221475.63
1546221475.67
1546221475.7
1546221475.73
1546221475.77
1546221475.8
1546221475.84
1546221475.87
1546221475.9
1546221475.94
1546221475.97
1546221476.0
1546221476.04
1546221476.07
1546221476.1
1546221476.14
1546221476.17
1546221476.2
1546221476.23
1546221476.27
1546221476.3
1546221476.34
1546221476.37
1546221476.4
1546221476.44
1546221476.47
1546221476.5
1546221476.54
1546221476.57
1546221476.6
1546221476.64
1546221476.67
1546221476.7
1546221476.74
1546221476.77
1546221476.8
1546221476.84
1546221476.87
1546221476.9
1546221476.94
1546221476.97
1546221477.0
1546221477.04
1546221477.07
1546221477.1
1546221477.14
1546221477.17
1546221477.2
1546221477.24
1546221477.27
1546221477.3
1546221477.34
1546221477.37
1546221477.4
1546221477.44
1546221477.47
1546221477.5
1546221477.54
1546221477.57
1546221477.6
1546221477.64
1546221477.67
1546221477.7
1546221477.74
1546221477.77
1546221477.8
1546221477.84
1546221477.87
1546221477.9
1546221477.94
1546221477.97
1546221478.0
1546221478.04
1546221478.07
1546221478.1
1546221478.14
1546221478.17
1546221478.2
1546221478.24
1546221478.27
1546221478.3
1546221478.34
1546221478.37
1546221478.4
1546221478.44
1546221478.47
1546221478.5
1546221478.54
1546221478.57
1546221478.6
1546221478.63
1546221478.67
1546221478.7
1546221478.74
1546221478.77
1546221478.8
1546221478.84
1546221478.87
1546221478.9
1546221478.94
1546221478.97
1546221479.0
1546221479.04
1546221479.07
1546221479.1
1546221479.14
1546221479.17
1546221479.2
1546221479.24
1546221479.27
1546221479.3
1546221479.34
1546221479.37
1546221479.4
1546221479.44
1546221479.47
1546221479.5
1546221479.54
1546221479.57
1546221479.6
1546221479.64
1546221479.67
1546221479.7
1546221479.74
1546221479.77
1546221479.8
1546221479.84
1546221479.87
1546221479.9
1546221479.94
1546221479.97
1546221480.0
1546221480.04
1546221480.07
1546221480.1
1546221480.14
1546221480.17
1546221480.2
1546221480.24
1546221480.27
1546221480.3
1546221480.34
1546221480.37
1546221480.4
1546221480.44
1546221480.47
1546221480.5
1546221480.54
1546221480.57
1546221480.6
1546221480.64
1546221480.67
1546221480.7
1546221480.74
1546221480.77
1546221480.8
1546221480.84
1546221480.87
1546221480.9
1546221480.94
1546221480.97
1546221481.0
1546221481.04
1546221481.07
1546221481.1
1546221481.14
1546221481.17
