1546228339.62
1546228339.83
1546228339.86
1546228339.89
1546228339.92
1546228339.96
1546228339.99
1546228340.02
1546228340.05
1546228340.08
1546228340.12
1546228340.15
1546228340.18
1546228340.21
1546228340.25
1546228340.28
1546228340.32
1546228340.35
1546228340.38
1546228340.42
1546228340.45
1546228340.48
1546228340.52
1546228340.55
1546228340.58
1546228340.62
1546228340.65
1546228340.68
1546228340.71
1546228340.75
1546228340.78
1546228340.82
1546228340.85
1546228340.88
1546228340.91
1546228340.95
1546228340.98
1546228341.02
1546228341.05
1546228341.08
1546228341.11
1546228341.15
1546228341.18
1546228341.21
1546228341.25
1546228341.28
1546228341.31
1546228341.35
1546228341.38
1546228341.41
1546228341.45
1546228341.48
1546228341.51
1546228341.55
1546228341.58
1546228341.61
1546228341.65
1546228341.68
1546228341.71
1546228341.75
1546228341.78
1546228341.81
1546228341.85
1546228341.88
1546228341.91
1546228341.95
1546228341.98
1546228342.01
1546228342.05
1546228342.08
1546228342.11
1546228342.15
1546228342.18
1546228342.21
1546228342.25
1546228342.28
1546228342.31
1546228342.35
1546228342.38
1546228342.41
1546228342.45
1546228342.48
1546228342.51
1546228342.55
1546228342.58
1546228342.61
1546228342.65
1546228342.68
1546228342.71
1546228342.75
1546228342.78
1546228342.81
1546228342.85
1546228342.88
1546228342.91
1546228342.95
1546228342.98
1546228343.01
1546228343.05
1546228343.08
1546228343.11
1546228343.15
1546228343.18
1546228343.21
1546228343.24
1546228343.28
1546228343.31
1546228343.35
1546228343.38
1546228343.41
1546228343.45
1546228343.48
1546228343.51
1546228343.55
1546228343.58
1546228343.61
1546228343.65
1546228343.68
1546228343.71
1546228343.75
1546228343.78
1546228343.81
1546228343.85
1546228343.88
1546228343.91
1546228343.95
1546228343.98
1546228344.01
1546228344.05
1546228344.08
1546228344.11
1546228344.15
1546228344.18
1546228344.21
1546228344.24
1546228344.28
1546228344.31
1546228344.35
1546228344.38
1546228344.41
1546228344.45
1546228344.48
1546228344.51
1546228344.55
1546228344.58
1546228344.61
1546228344.65
1546228344.68
1546228344.71
1546228344.74
1546228344.78
1546228344.81
1546228344.85
1546228344.88
1546228344.91
1546228344.94
1546228344.98
1546228345.01
1546228345.05
1546228345.08
1546228345.11
1546228345.14
1546228345.18
1546228345.21
1546228345.25
1546228345.28
1546228345.31
1546228345.35
1546228345.38
1546228345.41
1546228345.44
1546228345.48
1546228345.51
1546228345.55
1546228345.58
1546228345.61
1546228345.65
1546228345.68
1546228345.71
1546228345.75
1546228345.78
1546228345.81
1546228345.85
1546228345.88
1546228345.91
1546228345.95
1546228345.98
1546228346.01
1546228346.05
1546228346.08
1546228346.11
1546228346.15
1546228346.18
1546228346.21
1546228346.24
1546228346.28
1546228346.31
1546228346.35
1546228346.38
1546228346.41
1546228346.45
1546228346.48
1546228346.51
1546228346.55
1546228346.58
1546228346.61
1546228346.64
1546228346.68
1546228346.71
1546228346.75
1546228346.78
1546228346.81
1546228346.85
1546228346.88
1546228346.91
1546228346.94
1546228346.98
1546228347.01
1546228347.05
1546228347.08
1546228347.11
1546228347.15
1546228347.18
1546228347.21
1546228347.25
1546228347.28
1546228347.31
1546228347.35
1546228347.38
1546228347.41
1546228347.45
1546228347.48
1546228347.51
1546228347.55
1546228347.58
1546228347.61
1546228347.65
1546228347.68
1546228347.71
1546228347.75
1546228347.78
1546228347.81
1546228347.85
1546228347.88
1546228347.91
1546228347.95
1546228347.98
1546228348.01
1546228348.05
1546228348.08
1546228348.12
1546228348.15
1546228348.18
1546228348.21
1546228348.25
1546228348.28
1546228348.31
1546228348.35
1546228348.38
1546228348.41
1546228348.45
1546228348.48
1546228348.52
1546228348.55
1546228348.58
1546228348.62
1546228348.65
1546228348.68
1546228348.71
1546228348.75
1546228348.78
1546228348.82
1546228348.85
1546228348.88
1546228348.91
1546228348.95
1546228348.98
1546228349.02
1546228349.05
1546228349.08
1546228349.12
1546228349.15
1546228349.18
1546228349.21
1546228349.25
1546228349.28
1546228349.31
1546228349.35
1546228349.38
1546228349.41
1546228349.45
1546228349.48
1546228349.52
1546228349.55
1546228349.58
1546228349.62
1546228349.65
1546228349.68
1546228349.72
1546228349.75
1546228349.78
1546228349.82
1546228349.85
1546228349.88
1546228349.92
1546228349.95
1546228349.98
1546228350.02
1546228350.05
1546228350.08
1546228350.12
1546228350.15
1546228350.18
1546228350.22
1546228350.25
1546228350.28
1546228350.32
1546228350.35
1546228350.38
1546228350.42
1546228350.45
1546228350.48
1546228350.52
1546228350.55
1546228350.58
1546228350.62
1546228350.65
1546228350.68
1546228350.72
1546228350.75
1546228350.79
1546228350.82
1546228350.85
1546228350.88
1546228350.92
1546228350.95
1546228350.99
1546228351.02
1546228351.05
1546228351.09
1546228351.12
1546228351.15
1546228351.18
1546228351.22
1546228351.25
1546228351.29
1546228351.32
1546228351.35
1546228351.39
1546228351.42
1546228351.45
1546228351.49
1546228351.52
1546228351.55
1546228351.59
1546228351.62
1546228351.65
1546228351.69
1546228351.72
1546228351.75
1546228351.79
1546228351.82
1546228351.85
1546228351.88
1546228351.92
1546228351.95
1546228351.98
1546228352.02
1546228352.05
1546228352.09
1546228352.12
1546228352.15
1546228352.18
1546228352.21
1546228352.25
1546228352.28
1546228352.31
1546228352.35
1546228352.38
1546228352.41
1546228352.44
1546228352.48
1546228352.51
1546228352.54
1546228352.58
1546228352.61
1546228352.64
1546228352.68
1546228352.71
1546228352.74
1546228352.78
1546228352.81
1546228352.84
1546228352.88
1546228352.91
1546228352.94
1546228352.98
1546228353.01
1546228353.04
1546228353.08
1546228353.11
1546228353.14
1546228353.18
1546228353.21
1546228353.24
1546228353.28
1546228353.31
1546228353.34
1546228353.38
1546228353.41
1546228353.44
1546228353.48
1546228353.51
1546228353.55
1546228353.58
1546228353.61
1546228353.64
1546228353.68
1546228353.71
1546228353.74
1546228353.78
1546228353.81
1546228353.84
1546228353.88
1546228353.91
1546228353.94
1546228353.98
1546228354.01
1546228354.05
1546228354.08
1546228354.11
1546228354.14
1546228354.18
1546228354.21
1546228354.24
1546228354.28
1546228354.31
1546228354.35
1546228354.38
1546228354.41
1546228354.44
1546228354.48
1546228354.51
1546228354.54
1546228354.58
1546228354.61
1546228354.64
1546228354.68
1546228354.71
1546228354.74
1546228354.78
1546228354.81
1546228354.84
1546228354.88
1546228354.91
1546228354.94
1546228354.98
1546228355.01
1546228355.04
1546228355.08
1546228355.11
1546228355.14
1546228355.18
1546228355.21
1546228355.24
1546228355.28
1546228355.31
1546228355.34
1546228355.38
1546228355.41
1546228355.44
1546228355.48
1546228355.51
1546228355.55
1546228355.58
1546228355.61
1546228355.64
1546228355.68
1546228355.71
1546228355.74
1546228355.78
1546228355.81
1546228355.84
1546228355.88
1546228355.91
1546228355.94
1546228355.98
1546228356.01
1546228356.04
1546228356.08
1546228356.11
1546228356.14
1546228356.18
1546228356.21
1546228356.24
1546228356.28
1546228356.31
1546228356.34
1546228356.38
1546228356.41
1546228356.44
1546228356.48
1546228356.51
1546228356.54
1546228356.58
1546228356.61
1546228356.64
1546228356.68
1546228356.71
1546228356.74
1546228356.78
1546228356.81
1546228356.84
1546228356.88
1546228356.91
1546228356.94
1546228356.97
1546228357.01
1546228357.04
1546228357.08
1546228357.11
1546228357.14
1546228357.18
1546228357.21
1546228357.24
1546228357.28
1546228357.31
1546228357.34
1546228357.38
1546228357.41
1546228357.44
1546228357.48
1546228357.51
1546228357.54
1546228357.58
1546228357.61
1546228357.64
1546228357.67
1546228357.71
1546228357.74
1546228357.78
1546228357.81
1546228357.84
1546228357.87
1546228357.91
1546228357.94
1546228357.97
1546228358.01
1546228358.04
1546228358.07
1546228358.11
1546228358.14
1546228358.17
1546228358.21
1546228358.24
1546228358.27
1546228358.31
1546228358.34
1546228358.37
1546228358.41
1546228358.44
1546228358.47
1546228358.51
1546228358.54
1546228358.58
1546228358.61
1546228358.64
1546228358.68
1546228358.71
1546228358.74
1546228358.77
1546228358.81
1546228358.84
1546228358.87
1546228358.91
1546228358.94
1546228358.97
1546228359.01
1546228359.04
1546228359.08
1546228359.11
1546228359.14
1546228359.17
1546228359.21
1546228359.24
1546228359.27
1546228359.31
1546228359.34
1546228359.37
1546228359.41
1546228359.44
1546228359.47
1546228359.51
1546228359.54
1546228359.57
1546228359.61
1546228359.64
1546228359.67
1546228359.71
1546228359.74
1546228359.77
1546228359.81
1546228359.84
1546228359.87
1546228359.91
1546228359.94
1546228359.97
1546228360.01
1546228360.04
1546228360.07
1546228360.11
1546228360.14
1546228360.17
1546228360.21
1546228360.24
1546228360.27
1546228360.31
1546228360.34
1546228360.37
1546228360.41
1546228360.44
1546228360.47
1546228360.51
1546228360.54
1546228360.57
1546228360.61
1546228360.64
1546228360.67
1546228360.71
1546228360.74
1546228360.77
1546228360.81
1546228360.84
1546228360.87
1546228360.91
1546228360.94
1546228360.97
1546228361.01
1546228361.04
1546228361.07
1546228361.11
1546228361.14
1546228361.17
1546228361.21
1546228361.24
1546228361.27
1546228361.31
1546228361.34
1546228361.37
1546228361.41
1546228361.44
1546228361.47
1546228361.51
1546228361.54
1546228361.57
1546228361.61
1546228361.64
1546228361.67
1546228361.71
1546228361.74
1546228361.78
1546228361.81
1546228361.84
1546228361.87
1546228361.91
1546228361.94
1546228361.97
1546228362.01
1546228362.04
1546228362.07
1546228362.11
1546228362.14
1546228362.17
1546228362.21
1546228362.24
1546228362.27
1546228362.31
1546228362.34
1546228362.37
1546228362.41
1546228362.44
1546228362.47
1546228362.51
1546228362.54
1546228362.57
1546228362.61
1546228362.64
1546228362.67
1546228362.71
1546228362.74
1546228362.77
1546228362.81
1546228362.84
1546228362.87
1546228362.91
1546228362.94
1546228362.97
1546228363.01
1546228363.04
1546228363.07
1546228363.11
1546228363.14
1546228363.17
1546228363.21
1546228363.24
1546228363.27
1546228363.31
1546228363.34
1546228363.37
1546228363.41
1546228363.44
1546228363.47
1546228363.51
1546228363.54
1546228363.57
1546228363.61
1546228363.64
1546228363.67
1546228363.71
1546228363.74
1546228363.77
1546228363.81
1546228363.84
1546228363.87
1546228363.91
1546228363.94
1546228363.97
1546228364.01
1546228364.04
1546228364.07
1546228364.11
1546228364.14
1546228364.17
1546228364.2
1546228364.24
1546228364.27
1546228364.31
1546228364.34
1546228364.37
1546228364.41
1546228364.44
1546228364.47
1546228364.51
1546228364.54
1546228364.57
1546228364.61
1546228364.64
1546228364.67
1546228364.7
1546228364.74
1546228364.77
1546228364.81
1546228364.84
1546228364.87
1546228364.9
1546228364.94
1546228364.97
1546228365.01
1546228365.04
1546228365.07
1546228365.11
1546228365.14
1546228365.17
1546228365.21
1546228365.24
1546228365.27
1546228365.31
1546228365.34
1546228365.37
1546228365.41
1546228365.44
1546228365.47
1546228365.51
1546228365.54
1546228365.57
1546228365.61
1546228365.64
1546228365.67
1546228365.7
1546228365.74
1546228365.77
1546228365.81
1546228365.84
1546228365.87
1546228365.91
1546228365.94
1546228365.97
1546228366.01
1546228366.04
1546228366.07
1546228366.11
1546228366.14
1546228366.17
1546228366.21
1546228366.24
1546228366.27
1546228366.31
1546228366.34
1546228366.37
1546228366.41
1546228366.44
1546228366.47
1546228366.51
1546228366.54
1546228366.57
1546228366.61
1546228366.64
1546228366.67
1546228366.71
1546228366.74
1546228366.77
1546228366.81
1546228366.84
1546228366.87
1546228366.91
1546228366.94
1546228366.97
1546228367.01
1546228367.04
1546228367.07
1546228367.11
1546228367.14
1546228367.17
1546228367.2
1546228367.24
1546228367.27
1546228367.31
1546228367.34
1546228367.37
1546228367.4
1546228367.44
1546228367.47
1546228367.51
1546228367.54
1546228367.57
1546228367.61
1546228367.64
1546228367.67
1546228367.71
1546228367.74
1546228367.77
1546228367.81
1546228367.84
1546228367.87
1546228367.91
1546228367.94
1546228367.97
1546228368.01
1546228368.04
1546228368.07
1546228368.11
1546228368.14
1546228368.17
1546228368.21
1546228368.24
1546228368.27
1546228368.31
1546228368.34
1546228368.37
1546228368.41
1546228368.44
1546228368.47
1546228368.51
1546228368.54
1546228368.57
1546228368.61
1546228368.64
1546228368.67
1546228368.71
1546228368.74
1546228368.77
1546228368.81
1546228368.84
1546228368.87
1546228368.91
1546228368.94
1546228368.97
1546228369.01
1546228369.04
1546228369.07
1546228369.11
1546228369.14
1546228369.17
1546228369.21
1546228369.24
1546228369.27
1546228369.31
1546228369.34
1546228369.37
1546228369.41
1546228369.44
1546228369.47
1546228369.51
1546228369.54
1546228369.57
1546228369.61
1546228369.64
1546228369.67
1546228369.71
1546228369.74
1546228369.77
1546228369.81
1546228369.84
1546228369.87
1546228369.91
1546228369.94
1546228369.97
1546228370.01
1546228370.04
1546228370.07
1546228370.11
1546228370.14
1546228370.17
1546228370.21
1546228370.24
1546228370.27
1546228370.31
1546228370.34
1546228370.37
1546228370.41
1546228370.44
1546228370.47
1546228370.51
1546228370.54
1546228370.57
1546228370.61
1546228370.64
1546228370.67
1546228370.71
1546228370.74
1546228370.77
1546228370.81
1546228370.84
1546228370.88
1546228370.91
1546228370.94
1546228370.97
1546228371.01
1546228371.04
1546228371.08
1546228371.11
1546228371.14
1546228371.17
1546228371.21
1546228371.24
1546228371.28
1546228371.31
1546228371.34
1546228371.38
1546228371.41
1546228371.44
1546228371.47
1546228371.51
1546228371.54
1546228371.58
1546228371.61
1546228371.64
1546228371.67
1546228371.71
1546228371.74
1546228371.78
1546228371.81
1546228371.84
1546228371.88
1546228371.91
1546228371.94
1546228371.98
1546228372.01
1546228372.04
1546228372.08
1546228372.11
1546228372.14
1546228372.18
1546228372.21
1546228372.24
1546228372.28
1546228372.31
1546228372.34
1546228372.38
1546228372.41
1546228372.44
1546228372.48
1546228372.51
1546228372.54
1546228372.58
1546228372.61
1546228372.64
1546228372.68
1546228372.71
1546228372.74
1546228372.78
1546228372.81
1546228372.84
1546228372.88
1546228372.91
1546228372.94
1546228372.98
1546228373.01
1546228373.05
1546228373.08
1546228373.11
1546228373.14
1546228373.18
1546228373.21
1546228373.24
1546228373.28
1546228373.31
1546228373.35
1546228373.38
1546228373.41
1546228373.45
1546228373.48
1546228373.51
1546228373.55
1546228373.58
1546228373.61
1546228373.64
1546228373.68
1546228373.71
1546228373.75
1546228373.78
1546228373.81
1546228373.85
1546228373.88
1546228373.91
1546228373.95
1546228373.98
1546228374.01
1546228374.05
1546228374.08
1546228374.11
1546228374.15
1546228374.18
1546228374.21
1546228374.25
1546228374.28
1546228374.31
1546228374.35
1546228374.38
1546228374.42
1546228374.45
1546228374.48
1546228374.51
1546228374.55
1546228374.58
1546228374.61
1546228374.65
1546228374.68
1546228374.71
1546228374.75
1546228374.78
1546228374.82
1546228374.85
1546228374.88
1546228374.91
1546228374.95
1546228374.98
1546228375.02
1546228375.05
1546228375.08
1546228375.11
1546228375.15
1546228375.18
1546228375.21
1546228375.25
1546228375.28
1546228375.31
1546228375.35
1546228375.38
1546228375.41
1546228375.44
1546228375.47
1546228375.51
1546228375.54
1546228375.58
1546228375.61
1546228375.64
1546228375.67
1546228375.71
1546228375.74
1546228375.77
1546228375.81
1546228375.84
1546228375.87
1546228375.91
1546228375.94
1546228375.97
1546228376.01
1546228376.04
1546228376.07
1546228376.11
1546228376.14
1546228376.17
1546228376.21
1546228376.24
1546228376.27
1546228376.31
1546228376.34
1546228376.37
1546228376.41
1546228376.44
1546228376.47
1546228376.51
1546228376.54
1546228376.57
1546228376.61
1546228376.64
1546228376.67
1546228376.71
1546228376.74
1546228376.77
1546228376.81
1546228376.84
1546228376.87
1546228376.91
1546228376.94
1546228376.97
1546228377.01
1546228377.04
1546228377.07
1546228377.11
1546228377.14
1546228377.17
1546228377.21
1546228377.24
1546228377.27
1546228377.31
1546228377.34
1546228377.37
1546228377.41
1546228377.44
1546228377.47
1546228377.51
1546228377.54
1546228377.57
1546228377.61
1546228377.64
1546228377.67
1546228377.71
1546228377.74
1546228377.77
1546228377.81
1546228377.84
1546228377.87
1546228377.91
1546228377.94
1546228377.97
1546228378.01
1546228378.04
1546228378.07
1546228378.11
1546228378.14
1546228378.17
1546228378.21
1546228378.24
1546228378.27
1546228378.31
1546228378.34
1546228378.37
1546228378.41
1546228378.44
1546228378.47
1546228378.51
1546228378.54
1546228378.57
1546228378.61
1546228378.64
1546228378.67
1546228378.71
1546228378.74
1546228378.77
1546228378.81
1546228378.84
1546228378.87
1546228378.91
1546228378.94
1546228378.97
1546228379.01
1546228379.04
1546228379.07
1546228379.11
1546228379.14
1546228379.17
1546228379.21
1546228379.24
1546228379.27
1546228379.31
1546228379.34
1546228379.37
1546228379.41
1546228379.44
1546228379.47
1546228379.51
1546228379.54
1546228379.57
1546228379.61
1546228379.64
1546228379.67
1546228379.71
1546228379.74
1546228379.77
1546228379.81
1546228379.84
1546228379.87
1546228379.91
1546228379.94
1546228379.97
1546228380.01
1546228380.04
1546228380.07
1546228380.11
1546228380.14
1546228380.17
1546228380.21
1546228380.24
1546228380.27
1546228380.31
1546228380.34
1546228380.37
1546228380.41
1546228380.44
1546228380.47
1546228380.51
1546228380.54
1546228380.57
1546228380.61
1546228380.64
1546228380.67
1546228380.71
1546228380.74
1546228380.77
1546228380.81
1546228380.84
1546228380.87
1546228380.91
1546228380.94
1546228380.97
1546228381.01
1546228381.04
1546228381.07
1546228381.11
1546228381.14
1546228381.17
1546228381.21
1546228381.24
1546228381.27
1546228381.31
1546228381.34
1546228381.37
1546228381.41
1546228381.44
1546228381.47
1546228381.51
1546228381.54
1546228381.57
1546228381.61
1546228381.64
1546228381.67
1546228381.71
1546228381.74
1546228381.77
1546228381.81
1546228381.84
1546228381.87
1546228381.91
1546228381.94
1546228381.97
1546228382.01
1546228382.04
1546228382.07
1546228382.11
1546228382.14
1546228382.17
1546228382.21
1546228382.24
1546228382.27
1546228382.31
1546228382.34
1546228382.37
1546228382.41
1546228382.44
1546228382.47
1546228382.51
1546228382.54
1546228382.57
1546228382.61
1546228382.64
1546228382.67
1546228382.71
1546228382.74
1546228382.77
1546228382.81
1546228382.84
1546228382.87
1546228382.91
1546228382.94
1546228382.97
1546228383.01
1546228383.04
1546228383.07
1546228383.11
1546228383.14
1546228383.17
1546228383.21
1546228383.24
1546228383.27
1546228383.31
1546228383.34
1546228383.37
1546228383.41
1546228383.44
1546228383.47
1546228383.51
1546228383.54
1546228383.57
1546228383.61
1546228383.64
1546228383.67
1546228383.71
1546228383.74
1546228383.77
1546228383.81
1546228383.84
1546228383.87
1546228383.9
1546228383.94
1546228383.97
1546228384.01
1546228384.04
1546228384.07
1546228384.11
1546228384.14
1546228384.17
1546228384.2
1546228384.24
1546228384.27
1546228384.31
1546228384.34
1546228384.37
1546228384.41
1546228384.44
1546228384.47
1546228384.51
1546228384.54
1546228384.57
1546228384.61
1546228384.64
1546228384.67
1546228384.71
1546228384.74
1546228384.77
1546228384.81
1546228384.84
1546228384.87
1546228384.91
1546228384.94
1546228384.97
1546228385.01
1546228385.04
1546228385.07
1546228385.11
1546228385.14
1546228385.17
1546228385.21
1546228385.24
1546228385.27
1546228385.31
1546228385.34
1546228385.37
1546228385.4
1546228385.44
1546228385.47
1546228385.51
1546228385.54
1546228385.57
1546228385.61
1546228385.64
1546228385.67
1546228385.71
1546228385.74
1546228385.77
1546228385.81
1546228385.84
1546228385.87
1546228385.91
1546228385.94
1546228385.97
1546228386.01
1546228386.04
1546228386.07
1546228386.11
1546228386.14
1546228386.17
1546228386.2
1546228386.24
1546228386.27
1546228386.31
1546228386.34
1546228386.37
1546228386.41
1546228386.44
1546228386.47
1546228386.51
1546228386.54
1546228386.57
1546228386.61
1546228386.64
1546228386.67
1546228386.7
1546228386.74
1546228386.77
1546228386.81
1546228386.84
1546228386.87
1546228386.9
1546228386.94
1546228386.97
1546228387.01
1546228387.04
1546228387.07
1546228387.11
1546228387.14
1546228387.17
1546228387.2
1546228387.24
1546228387.27
1546228387.31
1546228387.34
1546228387.37
1546228387.4
1546228387.44
1546228387.47
1546228387.51
1546228387.54
1546228387.57
1546228387.61
1546228387.64
1546228387.67
1546228387.7
1546228387.74
1546228387.77
1546228387.81
1546228387.84
1546228387.87
1546228387.91
1546228387.94
1546228387.97
1546228388.01
1546228388.04
1546228388.07
1546228388.11
1546228388.14
1546228388.17
1546228388.2
1546228388.24
1546228388.27
1546228388.31
1546228388.34
1546228388.37
1546228388.41
1546228388.44
1546228388.47
1546228388.51
1546228388.54
1546228388.57
1546228388.61
1546228388.64
1546228388.67
1546228388.7
1546228388.74
1546228388.77
1546228388.81
1546228388.84
1546228388.87
1546228388.9
1546228388.94
1546228388.97
1546228389.0
1546228389.04
1546228389.07
1546228389.1
1546228389.14
1546228389.17
1546228389.2
1546228389.24
1546228389.27
1546228389.3
1546228389.34
1546228389.37
1546228389.4
1546228389.44
1546228389.47
1546228389.5
1546228389.54
1546228389.57
1546228389.6
1546228389.64
1546228389.67
1546228389.7
1546228389.74
1546228389.77
1546228389.8
1546228389.84
1546228389.87
1546228389.9
1546228389.94
1546228389.97
1546228390.0
1546228390.04
1546228390.07
1546228390.1
1546228390.14
1546228390.17
1546228390.2
1546228390.24
1546228390.27
1546228390.3
1546228390.34
1546228390.37
1546228390.4
1546228390.44
1546228390.47
1546228390.5
1546228390.54
1546228390.57
1546228390.6
1546228390.63
1546228390.67
1546228390.7
1546228390.74
1546228390.77
1546228390.8
1546228390.84
1546228390.87
1546228390.9
1546228390.94
1546228390.97
1546228391.0
1546228391.04
1546228391.07
1546228391.1
1546228391.14
1546228391.17
1546228391.2
1546228391.24
1546228391.27
1546228391.3
1546228391.34
1546228391.37
1546228391.4
1546228391.44
1546228391.47
1546228391.5
1546228391.54
1546228391.57
1546228391.6
1546228391.64
1546228391.67
1546228391.7
1546228391.74
1546228391.77
1546228391.8
1546228391.84
1546228391.87
1546228391.9
1546228391.94
1546228391.97
1546228392.0
1546228392.04
1546228392.07
1546228392.1
1546228392.14
1546228392.17
1546228392.2
1546228392.23
1546228392.27
1546228392.3
1546228392.34
1546228392.37
1546228392.4
1546228392.44
1546228392.47
1546228392.5
1546228392.54
1546228392.57
1546228392.6
1546228392.64
1546228392.67
1546228392.7
1546228392.73
1546228392.77
1546228392.8
1546228392.84
1546228392.87
1546228392.9
1546228392.94
1546228392.97
1546228393.0
1546228393.04
1546228393.07
1546228393.1
1546228393.14
1546228393.17
1546228393.2
1546228393.24
1546228393.27
1546228393.3
1546228393.34
1546228393.37
1546228393.4
1546228393.44
1546228393.47
1546228393.5
1546228393.54
1546228393.57
1546228393.6
1546228393.64
1546228393.67
1546228393.7
1546228393.74
1546228393.77
1546228393.8
1546228393.84
1546228393.87
1546228393.9
1546228393.94
1546228393.97
1546228394.0
1546228394.04
1546228394.07
1546228394.1
1546228394.14
1546228394.17
1546228394.2
1546228394.24
1546228394.27
1546228394.3
1546228394.34
1546228394.37
1546228394.4
1546228394.44
1546228394.47
1546228394.51
1546228394.54
1546228394.57
1546228394.6
1546228394.64
1546228394.67
1546228394.7
1546228394.74
1546228394.77
1546228394.8
1546228394.84
1546228394.87
1546228394.9
1546228394.94
1546228394.97
1546228395.0
1546228395.04
1546228395.07
1546228395.1
1546228395.14
1546228395.17
1546228395.2
1546228395.24
1546228395.27
1546228395.3
1546228395.34
1546228395.37
1546228395.4
1546228395.44
1546228395.47
1546228395.5
1546228395.54
1546228395.57
1546228395.6
1546228395.64
1546228395.67
1546228395.7
1546228395.74
1546228395.77
1546228395.8
1546228395.84
1546228395.87
1546228395.9
1546228395.94
1546228395.97
1546228396.01
1546228396.04
1546228396.07
1546228396.11
1546228396.14
1546228396.17
1546228396.2
1546228396.24
1546228396.27
1546228396.31
1546228396.34
1546228396.37
1546228396.4
1546228396.44
1546228396.47
1546228396.51
1546228396.54
1546228396.57
1546228396.61
1546228396.64
1546228396.67
1546228396.71
1546228396.74
1546228396.77
1546228396.81
1546228396.84
1546228396.87
1546228396.91
1546228396.94
1546228396.97
1546228397.01
1546228397.04
1546228397.07
1546228397.11
1546228397.14
1546228397.17
1546228397.21
1546228397.24
1546228397.27
1546228397.31
1546228397.34
1546228397.37
1546228397.41
1546228397.44
1546228397.47
1546228397.51
1546228397.54
1546228397.57
1546228397.61
1546228397.64
1546228397.67
1546228397.71
1546228397.74
1546228397.77
1546228397.81
1546228397.84
1546228397.87
1546228397.91
1546228397.94
1546228397.97
1546228398.01
1546228398.04
1546228398.08
1546228398.11
1546228398.14
1546228398.17
1546228398.21
1546228398.24
1546228398.28
1546228398.31
1546228398.34
1546228398.37
1546228398.41
1546228398.44
1546228398.47
1546228398.51
1546228398.54
1546228398.57
1546228398.6
1546228398.63
1546228398.67
1546228398.7
1546228398.73
1546228398.77
1546228398.8
1546228398.83
1546228398.87
1546228398.9
1546228398.93
1546228398.97
1546228399.0
1546228399.04
1546228399.07
1546228399.1
1546228399.13
1546228399.17
1546228399.2
1546228399.23
1546228399.27
1546228399.3
1546228399.33
1546228399.37
1546228399.4
1546228399.43
1546228399.47
1546228399.5
1546228399.54
1546228399.57
1546228399.6
1546228399.63
1546228399.67
1546228399.7
1546228399.73
1546228399.77
1546228399.8
1546228399.84
1546228399.87
1546228399.9
1546228399.93
1546228399.97
1546228400.0
1546228400.03
1546228400.07
1546228400.1
1546228400.13
1546228400.17
1546228400.2
1546228400.23
1546228400.27
1546228400.3
1546228400.33
1546228400.37
1546228400.4
1546228400.43
1546228400.47
1546228400.5
1546228400.53
1546228400.57
1546228400.6
1546228400.63
1546228400.67
1546228400.7
1546228400.73
1546228400.77
1546228400.8
1546228400.83
1546228400.87
1546228400.9
1546228400.93
1546228400.97
1546228401.0
1546228401.04
1546228401.07
1546228401.1
1546228401.13
1546228401.17
1546228401.2
1546228401.23
1546228401.27
1546228401.3
1546228401.34
1546228401.37
1546228401.4
1546228401.43
1546228401.47
1546228401.5
1546228401.54
1546228401.57
1546228401.6
1546228401.63
1546228401.67
1546228401.7
1546228401.73
1546228401.77
1546228401.8
1546228401.84
1546228401.87
1546228401.9
1546228401.93
1546228401.97
1546228402.0
1546228402.04
1546228402.07
1546228402.1
1546228402.13
1546228402.17
1546228402.2
1546228402.23
1546228402.27
1546228402.3
1546228402.33
1546228402.37
1546228402.4
1546228402.43
1546228402.47
1546228402.5
1546228402.53
1546228402.57
1546228402.6
1546228402.63
1546228402.67
1546228402.7
1546228402.73
1546228402.77
1546228402.8
1546228402.83
1546228402.87
1546228402.9
1546228402.93
1546228402.97
1546228403.0
1546228403.03
1546228403.07
1546228403.1
1546228403.13
1546228403.17
1546228403.2
1546228403.23
1546228403.27
1546228403.3
1546228403.33
1546228403.37
1546228403.4
1546228403.44
1546228403.47
1546228403.5
1546228403.54
1546228403.57
1546228403.6
1546228403.64
1546228403.67
1546228403.7
1546228403.73
1546228403.77
1546228403.8
1546228403.83
1546228403.87
1546228403.9
1546228403.93
1546228403.97
1546228404.0
1546228404.03
1546228404.07
1546228404.1
1546228404.13
1546228404.17
1546228404.2
1546228404.23
1546228404.27
1546228404.3
1546228404.33
1546228404.37
1546228404.4
1546228404.43
1546228404.47
1546228404.5
1546228404.53
1546228404.57
1546228404.6
1546228404.63
1546228404.67
1546228404.7
1546228404.73
1546228404.77
1546228404.8
1546228404.83
1546228404.87
1546228404.9
1546228404.94
1546228404.97
1546228405.0
1546228405.03
1546228405.07
1546228405.1
1546228405.13
1546228405.17
1546228405.2
1546228405.23
1546228405.27
1546228405.3
1546228405.34
1546228405.37
1546228405.4
1546228405.44
1546228405.47
1546228405.5
1546228405.53
1546228405.57
1546228405.6
1546228405.63
1546228405.67
1546228405.7
1546228405.73
1546228405.77
1546228405.8
1546228405.84
1546228405.87
1546228405.9
1546228405.93
1546228405.97
1546228406.0
1546228406.03
1546228406.07
1546228406.1
1546228406.13
1546228406.17
1546228406.2
1546228406.23
1546228406.27
1546228406.3
1546228406.33
1546228406.37
1546228406.4
1546228406.43
1546228406.47
1546228406.5
1546228406.53
1546228406.57
1546228406.6
1546228406.63
1546228406.67
1546228406.7
1546228406.73
1546228406.77
1546228406.8
1546228406.83
1546228406.87
1546228406.9
1546228406.93
1546228406.97
1546228407.0
1546228407.03
1546228407.07
1546228407.1
1546228407.13
1546228407.17
1546228407.2
1546228407.23
1546228407.27
1546228407.3
1546228407.33
1546228407.37
1546228407.4
1546228407.43
1546228407.47
1546228407.5
1546228407.53
1546228407.57
1546228407.6
1546228407.63
1546228407.67
1546228407.7
1546228407.73
1546228407.77
1546228407.8
1546228407.83
1546228407.87
1546228407.9
1546228407.93
1546228407.97
1546228408.0
1546228408.03
1546228408.07
1546228408.1
1546228408.13
1546228408.17
1546228408.2
1546228408.23
1546228408.27
1546228408.3
1546228408.33
1546228408.37
1546228408.4
1546228408.43
1546228408.47
1546228408.5
1546228408.53
1546228408.57
1546228408.6
1546228408.63
1546228408.67
1546228408.7
1546228408.73
1546228408.77
1546228408.8
1546228408.83
1546228408.87
1546228408.9
1546228408.93
1546228408.97
1546228409.0
1546228409.03
1546228409.07
1546228409.1
1546228409.13
1546228409.17
1546228409.2
1546228409.23
1546228409.27
1546228409.3
1546228409.33
1546228409.37
1546228409.4
1546228409.43
1546228409.47
1546228409.5
1546228409.53
1546228409.57
1546228409.6
1546228409.63
1546228409.67
1546228409.7
1546228409.73
1546228409.77
1546228409.8
1546228409.83
1546228409.87
1546228409.9
1546228409.93
1546228409.97
1546228410.0
1546228410.03
1546228410.07
1546228410.1
1546228410.13
1546228410.17
1546228410.2
1546228410.23
1546228410.27
1546228410.3
1546228410.33
1546228410.37
1546228410.4
1546228410.43
1546228410.46
1546228410.5
1546228410.53
1546228410.57
1546228410.6
1546228410.63
1546228410.66
1546228410.7
1546228410.73
1546228410.77
1546228410.8
1546228410.83
1546228410.87
1546228410.9
1546228410.93
1546228410.97
1546228411.0
1546228411.03
1546228411.07
1546228411.1
1546228411.13
1546228411.17
1546228411.2
1546228411.23
1546228411.27
1546228411.3
1546228411.33
1546228411.37
1546228411.4
1546228411.43
1546228411.47
1546228411.5
1546228411.53
1546228411.57
1546228411.6
1546228411.63
1546228411.67
1546228411.7
1546228411.73
1546228411.77
1546228411.8
1546228411.83
1546228411.86
1546228411.9
1546228411.93
1546228411.97
1546228412.0
1546228412.03
1546228412.07
1546228412.1
1546228412.13
1546228412.16
1546228412.2
1546228412.23
1546228412.26
1546228412.3
1546228412.33
1546228412.37
1546228412.4
1546228412.43
1546228412.46
1546228412.5
1546228412.53
1546228412.56
1546228412.6
1546228412.63
1546228412.66
1546228412.7
1546228412.73
1546228412.76
1546228412.8
1546228412.83
1546228412.87
1546228412.9
1546228412.93
1546228412.96
1546228413.0
1546228413.03
1546228413.07
1546228413.1
1546228413.13
1546228413.16
1546228413.2
1546228413.23
1546228413.26
1546228413.3
1546228413.33
1546228413.36
1546228413.4
1546228413.43
1546228413.46
1546228413.5
1546228413.53
1546228413.57
1546228413.6
1546228413.63
1546228413.66
1546228413.7
1546228413.73
1546228413.76
1546228413.8
1546228413.83
1546228413.86
1546228413.9
1546228413.93
1546228413.96
1546228414.0
1546228414.03
1546228414.07
1546228414.1
1546228414.13
1546228414.16
1546228414.2
1546228414.23
1546228414.27
1546228414.3
1546228414.33
1546228414.36
1546228414.4
1546228414.43
1546228414.46
1546228414.5
1546228414.53
1546228414.56
1546228414.6
1546228414.63
1546228414.66
1546228414.7
1546228414.73
1546228414.76
1546228414.8
1546228414.83
1546228414.86
1546228414.9
1546228414.93
1546228414.96
1546228415.0
1546228415.03
1546228415.06
1546228415.1
1546228415.13
1546228415.16
1546228415.2
1546228415.23
1546228415.27
1546228415.3
1546228415.33
1546228415.37
1546228415.4
1546228415.43
1546228415.46
1546228415.5
1546228415.53
1546228415.57
1546228415.6
1546228415.63
1546228415.67
1546228415.7
1546228415.73
1546228415.77
1546228415.8
1546228415.83
1546228415.87
1546228415.9
1546228415.93
1546228415.97
1546228416.0
1546228416.03
1546228416.07
1546228416.1
1546228416.13
1546228416.17
1546228416.2
1546228416.23
1546228416.26
1546228416.3
1546228416.33
1546228416.37
1546228416.4
1546228416.43
1546228416.47
1546228416.5
1546228416.53
1546228416.57
1546228416.6
1546228416.63
1546228416.66
1546228416.7
1546228416.73
1546228416.77
1546228416.8
1546228416.83
1546228416.87
1546228416.9
1546228416.93
1546228416.96
1546228417.0
1546228417.03
1546228417.07
1546228417.1
1546228417.13
1546228417.16
1546228417.2
1546228417.23
1546228417.26
1546228417.3
1546228417.33
1546228417.36
1546228417.4
1546228417.43
1546228417.46
1546228417.5
1546228417.53
1546228417.56
1546228417.6
1546228417.63
1546228417.66
1546228417.7
1546228417.73
1546228417.77
1546228417.8
1546228417.83
1546228417.87
1546228417.9
1546228417.93
1546228417.96
1546228418.0
1546228418.03
1546228418.06
1546228418.1
1546228418.13
1546228418.16
1546228418.2
1546228418.23
1546228418.27
1546228418.3
1546228418.33
1546228418.37
1546228418.4
1546228418.43
1546228418.47
1546228418.5
1546228418.53
1546228418.57
1546228418.6
1546228418.63
1546228418.66
1546228418.7
1546228418.73
1546228418.77
1546228418.8
1546228418.83
1546228418.87
1546228418.9
1546228418.93
1546228418.97
1546228419.0
1546228419.03
1546228419.07
1546228419.1
1546228419.13
1546228419.17
1546228419.2
1546228419.23
1546228419.27
1546228419.3
1546228419.33
1546228419.37
1546228419.4
1546228419.43
1546228419.47
1546228419.5
1546228419.53
1546228419.57
1546228419.6
1546228419.63
1546228419.67
1546228419.7
1546228419.73
1546228419.77
1546228419.8
1546228419.83
1546228419.87
1546228419.9
1546228419.93
1546228419.97
1546228420.0
1546228420.03
1546228420.07
1546228420.1
1546228420.13
1546228420.17
1546228420.2
1546228420.23
1546228420.27
1546228420.3
1546228420.33
1546228420.37
1546228420.4
1546228420.43
1546228420.47
1546228420.5
1546228420.53
1546228420.57
1546228420.6
1546228420.64
1546228420.67
1546228420.7
1546228420.73
1546228420.77
1546228420.8
1546228420.83
1546228420.87
1546228420.9
1546228420.93
1546228420.97
1546228421.0
1546228421.03
1546228421.07
1546228421.1
1546228421.13
1546228421.17
1546228421.2
1546228421.23
1546228421.27
1546228421.3
1546228421.34
1546228421.37
1546228421.4
1546228421.43
1546228421.47
1546228421.5
1546228421.54
1546228421.57
1546228421.6
1546228421.63
1546228421.66
1546228421.69
1546228421.73
1546228421.76
1546228421.79
1546228421.83
1546228421.86
1546228421.89
1546228421.93
1546228421.96
1546228421.99
1546228422.03
1546228422.06
1546228422.09
1546228422.13
1546228422.16
1546228422.19
1546228422.23
1546228422.26
1546228422.29
1546228422.33
1546228422.36
1546228422.39
1546228422.43
1546228422.46
1546228422.49
1546228422.53
1546228422.56
1546228422.59
1546228422.63
1546228422.66
1546228422.69
1546228422.73
1546228422.76
1546228422.79
1546228422.83
1546228422.86
1546228422.89
1546228422.93
1546228422.96
1546228422.99
1546228423.03
1546228423.06
1546228423.1
1546228423.13
1546228423.16
1546228423.19
1546228423.23
1546228423.26
1546228423.3
1546228423.33
1546228423.36
1546228423.39
1546228423.43
1546228423.46
1546228423.49
1546228423.53
1546228423.56
1546228423.59
1546228423.63
1546228423.66
1546228423.69
1546228423.73
1546228423.76
1546228423.79
1546228423.83
1546228423.86
1546228423.89
1546228423.93
1546228423.96
1546228423.99
1546228424.03
1546228424.06
1546228424.09
1546228424.13
1546228424.16
1546228424.19
1546228424.23
1546228424.26
1546228424.29
1546228424.33
1546228424.36
1546228424.39
1546228424.43
1546228424.46
1546228424.49
1546228424.53
1546228424.56
1546228424.59
1546228424.63
1546228424.66
1546228424.69
1546228424.73
1546228424.76
1546228424.8
1546228424.83
1546228424.86
1546228424.89
1546228424.93
1546228424.96
1546228424.99
1546228425.03
1546228425.06
1546228425.1
1546228425.13
1546228425.16
1546228425.19
1546228425.23
1546228425.26
1546228425.29
1546228425.33
1546228425.36
1546228425.39
1546228425.43
1546228425.46
1546228425.49
1546228425.53
1546228425.56
1546228425.59
1546228425.63
1546228425.66
1546228425.69
1546228425.73
1546228425.76
1546228425.79
1546228425.83
1546228425.86
1546228425.89
1546228425.93
1546228425.96
1546228425.99
1546228426.03
1546228426.06
1546228426.09
1546228426.13
1546228426.16
1546228426.19
1546228426.22
1546228426.26
1546228426.29
1546228426.33
1546228426.36
1546228426.39
1546228426.43
1546228426.46
1546228426.49
1546228426.53
1546228426.56
1546228426.59
1546228426.62
1546228426.66
1546228426.69
1546228426.72
1546228426.76
1546228426.79
1546228426.83
1546228426.86
1546228426.89
1546228426.93
1546228426.96
1546228426.99
1546228427.03
1546228427.06
1546228427.09
1546228427.13
1546228427.16
1546228427.19
1546228427.23
1546228427.26
1546228427.29
1546228427.33
1546228427.36
1546228427.39
1546228427.43
1546228427.46
1546228427.49
1546228427.53
1546228427.56
1546228427.59
1546228427.63
1546228427.66
1546228427.69
1546228427.73
1546228427.76
1546228427.79
1546228427.83
1546228427.86
1546228427.89
1546228427.93
1546228427.96
1546228427.99
1546228428.03
1546228428.06
1546228428.09
1546228428.13
1546228428.16
1546228428.19
1546228428.23
1546228428.26
1546228428.29
1546228428.33
1546228428.36
1546228428.39
1546228428.43
1546228428.46
1546228428.49
1546228428.53
1546228428.56
1546228428.59
1546228428.63
1546228428.66
1546228428.69
1546228428.73
1546228428.76
1546228428.79
1546228428.83
1546228428.86
1546228428.89
1546228428.93
1546228428.96
1546228428.99
1546228429.02
1546228429.06
1546228429.09
1546228429.12
1546228429.16
1546228429.19
1546228429.22
1546228429.26
1546228429.29
1546228429.33
1546228429.36
1546228429.39
1546228429.43
1546228429.46
1546228429.49
1546228429.52
1546228429.56
1546228429.59
1546228429.62
1546228429.66
1546228429.69
1546228429.72
1546228429.76
1546228429.79
1546228429.83
1546228429.86
1546228429.89
1546228429.92
1546228429.96
1546228429.99
1546228430.02
1546228430.06
1546228430.09
1546228430.12
1546228430.16
1546228430.19
1546228430.22
1546228430.26
1546228430.29
1546228430.32
1546228430.36
1546228430.39
1546228430.42
1546228430.46
1546228430.49
1546228430.52
1546228430.56
1546228430.59
1546228430.62
1546228430.66
1546228430.69
1546228430.72
1546228430.76
1546228430.79
1546228430.82
1546228430.86
1546228430.89
1546228430.92
1546228430.95
1546228430.99
1546228431.02
1546228431.06
1546228431.09
1546228431.12
1546228431.16
1546228431.19
1546228431.22
1546228431.26
1546228431.29
1546228431.32
1546228431.36
1546228431.39
1546228431.42
1546228431.46
1546228431.49
1546228431.52
1546228431.56
1546228431.59
1546228431.62
1546228431.65
1546228431.69
1546228431.72
1546228431.76
1546228431.79
1546228431.82
1546228431.85
1546228431.89
1546228431.92
1546228431.95
1546228431.99
1546228432.02
1546228432.05
1546228432.09
1546228432.12
1546228432.15
1546228432.19
1546228432.22
1546228432.25
1546228432.29
1546228432.32
1546228432.35
1546228432.39
1546228432.42
1546228432.45
1546228432.49
1546228432.52
1546228432.55
1546228432.59
1546228432.62
1546228432.65
1546228432.69
1546228432.72
1546228432.76
1546228432.79
1546228432.82
1546228432.85
1546228432.89
1546228432.92
1546228432.95
1546228432.99
1546228433.02
1546228433.05
1546228433.09
1546228433.12
1546228433.15
1546228433.19
1546228433.22
1546228433.25
1546228433.29
1546228433.32
1546228433.35
1546228433.39
1546228433.42
1546228433.45
1546228433.49
1546228433.52
1546228433.55
1546228433.59
1546228433.62
1546228433.65
1546228433.69
1546228433.72
1546228433.75
1546228433.79
1546228433.82
1546228433.85
1546228433.89
1546228433.92
1546228433.95
1546228433.99
1546228434.02
1546228434.05
1546228434.09
1546228434.12
1546228434.15
1546228434.19
1546228434.22
1546228434.25
1546228434.29
1546228434.32
1546228434.35
1546228434.39
1546228434.42
1546228434.45
1546228434.49
1546228434.52
1546228434.55
1546228434.59
1546228434.62
1546228434.65
1546228434.69
1546228434.72
1546228434.75
1546228434.79
1546228434.82
1546228434.85
1546228434.89
1546228434.92
1546228434.95
1546228434.99
1546228435.02
1546228435.05
1546228435.09
1546228435.12
1546228435.15
1546228435.19
1546228435.22
1546228435.25
1546228435.29
1546228435.32
1546228435.35
1546228435.39
1546228435.42
1546228435.45
1546228435.49
1546228435.52
1546228435.55
1546228435.59
1546228435.62
1546228435.65
1546228435.69
1546228435.72
1546228435.75
1546228435.79
1546228435.82
1546228435.85
1546228435.89
1546228435.92
1546228435.95
1546228435.99
1546228436.02
1546228436.05
1546228436.09
1546228436.12
1546228436.15
1546228436.19
1546228436.22
1546228436.25
1546228436.29
1546228436.32
1546228436.35
1546228436.39
1546228436.42
1546228436.45
1546228436.49
1546228436.52
1546228436.55
1546228436.59
1546228436.62
1546228436.65
1546228436.68
1546228436.72
1546228436.75
1546228436.79
1546228436.82
1546228436.85
1546228436.89
1546228436.92
1546228436.95
1546228436.98
1546228437.02
1546228437.05
1546228437.09
1546228437.12
1546228437.15
1546228437.18
1546228437.22
1546228437.25
1546228437.29
1546228437.32
1546228437.35
1546228437.38
1546228437.42
1546228437.45
1546228437.49
1546228437.52
1546228437.55
1546228437.59
1546228437.62
1546228437.65
1546228437.68
1546228437.72
1546228437.75
1546228437.79
1546228437.82
1546228437.85
1546228437.88
1546228437.92
1546228437.95
1546228437.98
1546228438.02
1546228438.05
1546228438.09
1546228438.12
1546228438.15
1546228438.19
1546228438.22
1546228438.25
1546228438.29
1546228438.32
1546228438.35
1546228438.39
1546228438.42
1546228438.45
1546228438.49
1546228438.52
1546228438.55
1546228438.59
1546228438.62
1546228438.65
1546228438.69
1546228438.72
1546228438.75
1546228438.79
1546228438.82
1546228438.85
1546228438.89
1546228438.92
1546228438.95
1546228438.99
1546228439.02
1546228439.05
1546228439.09
1546228439.12
1546228439.15
1546228439.19
1546228439.22
1546228439.25
1546228439.29
1546228439.32
1546228439.35
1546228439.38
1546228439.42
1546228439.45
1546228439.48
1546228439.52
1546228439.55
1546228439.59
1546228439.62
1546228439.65
1546228439.69
1546228439.72
1546228439.75
1546228439.79
1546228439.82
1546228439.85
1546228439.89
1546228439.92
1546228439.95
1546228439.99
1546228440.02
1546228440.05
1546228440.09
1546228440.12
1546228440.15
1546228440.19
1546228440.22
1546228440.25
1546228440.29
1546228440.32
1546228440.35
1546228440.39
1546228440.42
1546228440.45
1546228440.49
1546228440.52
1546228440.55
1546228440.59
1546228440.62
1546228440.65
1546228440.69
1546228440.72
1546228440.75
1546228440.79
1546228440.82
1546228440.86
1546228440.89
1546228440.92
1546228440.95
1546228440.99
1546228441.02
1546228441.06
1546228441.09
1546228441.12
1546228441.15
1546228441.19
1546228441.22
1546228441.26
1546228441.29
1546228441.32
1546228441.36
1546228441.39
1546228441.42
1546228441.45
1546228441.49
1546228441.52
1546228441.55
1546228441.59
1546228441.62
1546228441.65
1546228441.69
1546228441.72
1546228441.76
1546228441.79
1546228441.82
1546228441.86
1546228441.89
1546228441.92
1546228441.95
1546228441.99
1546228442.02
1546228442.05
1546228442.09
1546228442.12
1546228442.15
1546228442.19
1546228442.22
1546228442.26
1546228442.29
1546228442.32
1546228442.36
1546228442.39
1546228442.42
1546228442.46
1546228442.49
1546228442.52
1546228442.56
1546228442.59
1546228442.62
1546228442.66
1546228442.69
1546228442.72
1546228442.76
1546228442.79
1546228442.82
1546228442.86
1546228442.89
1546228442.92
1546228442.95
1546228442.99
1546228443.02
1546228443.06
1546228443.09
1546228443.12
1546228443.16
1546228443.19
1546228443.22
1546228443.26
1546228443.29
1546228443.32
1546228443.36
1546228443.39
1546228443.42
1546228443.45
1546228443.49
1546228443.52
1546228443.56
1546228443.59
1546228443.62
1546228443.66
1546228443.69
1546228443.72
1546228443.76
1546228443.79
1546228443.82
1546228443.86
1546228443.89
1546228443.92
1546228443.96
1546228443.99
1546228444.02
1546228444.06
1546228444.09
1546228444.12
1546228444.16
1546228444.19
1546228444.22
1546228444.26
1546228444.29
1546228444.32
1546228444.36
1546228444.39
1546228444.42
1546228444.46
1546228444.49
1546228444.53
1546228444.55
1546228444.59
1546228444.62
1546228444.65
1546228444.69
1546228444.72
1546228444.75
1546228444.78
1546228444.82
1546228444.85
1546228444.88
1546228444.92
1546228444.95
1546228444.98
1546228445.02
1546228445.05
1546228445.09
1546228445.12
1546228445.15
1546228445.18
1546228445.22
1546228445.25
1546228445.28
1546228445.32
1546228445.35
1546228445.38
1546228445.42
1546228445.45
1546228445.48
1546228445.52
1546228445.55
1546228445.58
1546228445.62
1546228445.65
1546228445.68
1546228445.72
1546228445.75
1546228445.78
1546228445.82
1546228445.85
1546228445.88
1546228445.92
1546228445.95
1546228445.98
1546228446.02
1546228446.05
1546228446.08
1546228446.12
1546228446.15
1546228446.18
1546228446.21
1546228446.25
1546228446.28
1546228446.32
1546228446.35
1546228446.38
1546228446.42
1546228446.45
1546228446.48
1546228446.52
1546228446.55
1546228446.58
1546228446.62
1546228446.65
1546228446.68
1546228446.72
1546228446.75
1546228446.78
1546228446.82
1546228446.85
1546228446.88
1546228446.92
1546228446.95
1546228446.98
1546228447.02
1546228447.05
1546228447.08
1546228447.12
1546228447.15
1546228447.18
1546228447.22
1546228447.25
1546228447.28
1546228447.32
1546228447.35
1546228447.38
1546228447.42
1546228447.45
1546228447.48
1546228447.52
1546228447.55
1546228447.58
1546228447.62
1546228447.65
1546228447.68
1546228447.72
1546228447.75
1546228447.78
1546228447.82
1546228447.85
1546228447.88
1546228447.92
1546228447.95
1546228447.98
1546228448.02
1546228448.05
1546228448.08
1546228448.12
1546228448.15
1546228448.18
1546228448.22
1546228448.25
1546228448.28
1546228448.32
1546228448.35
1546228448.38
1546228448.41
1546228448.45
1546228448.48
1546228448.52
1546228448.55
1546228448.58
1546228448.62
1546228448.65
1546228448.68
1546228448.72
1546228448.75
1546228448.78
1546228448.82
1546228448.85
1546228448.88
1546228448.91
1546228448.95
1546228448.98
1546228449.02
1546228449.05
1546228449.08
1546228449.12
1546228449.15
1546228449.18
1546228449.22
1546228449.25
1546228449.28
1546228449.32
1546228449.35
1546228449.38
1546228449.42
1546228449.45
1546228449.48
1546228449.52
1546228449.55
1546228449.58
1546228449.62
1546228449.65
1546228449.68
1546228449.72
1546228449.75
1546228449.78
1546228449.82
1546228449.85
1546228449.88
1546228449.92
1546228449.95
1546228449.98
1546228450.02
1546228450.05
1546228450.08
1546228450.12
1546228450.15
1546228450.18
1546228450.22
1546228450.25
1546228450.28
1546228450.32
1546228450.35
1546228450.38
1546228450.42
1546228450.45
1546228450.48
1546228450.52
1546228450.55
1546228450.58
1546228450.62
1546228450.65
1546228450.68
1546228450.71
1546228450.75
1546228450.78
1546228450.82
1546228450.85
1546228450.88
1546228450.92
1546228450.95
1546228450.98
1546228451.01
1546228451.05
1546228451.08
1546228451.12
1546228451.15
1546228451.18
1546228451.21
1546228451.25
1546228451.28
1546228451.32
1546228451.35
1546228451.38
1546228451.41
1546228451.45
1546228451.48
1546228451.51
1546228451.55
1546228451.58
1546228451.62
1546228451.65
1546228451.68
1546228451.71
1546228451.75
1546228451.78
1546228451.82
1546228451.85
1546228451.88
1546228451.91
1546228451.95
1546228451.98
1546228452.01
1546228452.05
1546228452.08
1546228452.11
1546228452.15
1546228452.18
1546228452.22
1546228452.25
1546228452.28
1546228452.32
1546228452.35
1546228452.38
1546228452.41
1546228452.45
1546228452.48
1546228452.52
1546228452.55
1546228452.58
1546228452.62
1546228452.65
1546228452.68
1546228452.72
1546228452.75
1546228452.78
1546228452.82
1546228452.85
1546228452.88
1546228452.91
1546228452.95
1546228452.98
1546228453.01
1546228453.05
1546228453.08
1546228453.11
1546228453.15
1546228453.18
1546228453.21
1546228453.25
1546228453.28
1546228453.32
1546228453.35
1546228453.38
1546228453.41
1546228453.45
1546228453.48
1546228453.52
1546228453.55
1546228453.58
1546228453.62
1546228453.65
1546228453.68
1546228453.71
1546228453.75
1546228453.78
1546228453.81
1546228453.85
1546228453.88
1546228453.91
1546228453.95
1546228453.98
1546228454.01
1546228454.05
1546228454.08
1546228454.12
1546228454.15
1546228454.18
1546228454.21
1546228454.25
1546228454.28
1546228454.31
1546228454.35
1546228454.38
1546228454.41
1546228454.45
1546228454.48
1546228454.51
1546228454.55
1546228454.58
1546228454.61
1546228454.65
1546228454.68
1546228454.71
1546228454.75
1546228454.78
1546228454.81
1546228454.85
1546228454.88
1546228454.91
1546228454.95
1546228454.98
1546228455.01
1546228455.05
1546228455.08
1546228455.12
1546228455.15
1546228455.18
1546228455.21
1546228455.25
1546228455.28
1546228455.31
1546228455.35
1546228455.38
1546228455.41
1546228455.45
1546228455.48
1546228455.52
1546228455.55
1546228455.58
1546228455.61
1546228455.65
1546228455.68
1546228455.71
1546228455.75
1546228455.78
1546228455.82
1546228455.85
1546228455.88
1546228455.91
1546228455.95
1546228455.98
1546228456.02
1546228456.05
1546228456.08
1546228456.11
1546228456.15
1546228456.18
1546228456.21
1546228456.25
1546228456.28
1546228456.31
1546228456.35
1546228456.38
1546228456.41
1546228456.45
1546228456.48
1546228456.51
1546228456.55
1546228456.58
1546228456.61
1546228456.65
1546228456.68
1546228456.71
1546228456.74
1546228456.78
1546228456.81
1546228456.85
1546228456.88
1546228456.91
1546228456.95
1546228456.98
1546228457.01
1546228457.05
1546228457.08
1546228457.11
1546228457.14
1546228457.18
1546228457.21
1546228457.24
1546228457.28
1546228457.31
1546228457.35
1546228457.38
1546228457.41
1546228457.45
1546228457.48
1546228457.51
1546228457.55
1546228457.58
1546228457.61
1546228457.65
1546228457.68
1546228457.71
1546228457.75
1546228457.78
1546228457.81
1546228457.85
1546228457.88
1546228457.91
1546228457.94
1546228457.98
1546228458.01
1546228458.05
1546228458.08
1546228458.11
1546228458.15
1546228458.18
1546228458.21
1546228458.25
1546228458.28
1546228458.31
1546228458.34
1546228458.38
1546228458.41
1546228458.44
1546228458.48
1546228458.51
1546228458.54
1546228458.58
1546228458.61
1546228458.64
1546228458.68
1546228458.71
1546228458.74
1546228458.78
1546228458.81
1546228458.84
1546228458.88
1546228458.91
1546228458.94
1546228458.98
1546228459.01
1546228459.04
1546228459.08
1546228459.11
1546228459.14
1546228459.18
1546228459.21
1546228459.24
1546228459.28
1546228459.31
1546228459.34
1546228459.38
1546228459.41
1546228459.44
1546228459.48
1546228459.51
1546228459.54
1546228459.58
1546228459.61
1546228459.64
1546228459.68
1546228459.71
1546228459.74
1546228459.78
1546228459.81
1546228459.84
1546228459.88
1546228459.91
1546228459.94
1546228459.98
1546228460.01
1546228460.04
1546228460.08
1546228460.11
1546228460.14
1546228460.17
1546228460.21
1546228460.24
1546228460.28
1546228460.31
1546228460.34
1546228460.38
1546228460.41
1546228460.44
1546228460.48
1546228460.51
1546228460.54
1546228460.58
1546228460.61
1546228460.64
1546228460.68
1546228460.71
1546228460.74
1546228460.78
1546228460.81
1546228460.84
1546228460.88
1546228460.91
1546228460.94
1546228460.98
1546228461.01
1546228461.04
1546228461.08
1546228461.11
1546228461.14
1546228461.17
1546228461.21
1546228461.24
1546228461.28
1546228461.31
1546228461.34
1546228461.38
1546228461.41
1546228461.44
1546228461.48
1546228461.51
1546228461.54
1546228461.58
1546228461.61
1546228461.64
1546228461.68
1546228461.71
1546228461.74
1546228461.78
1546228461.81
1546228461.84
1546228461.88
1546228461.91
1546228461.94
1546228461.97
1546228462.01
1546228462.04
1546228462.08
1546228462.11
1546228462.14
1546228462.18
1546228462.21
1546228462.24
1546228462.28
1546228462.31
1546228462.34
1546228462.38
1546228462.41
1546228462.44
1546228462.47
1546228462.51
1546228462.54
1546228462.58
1546228462.61
1546228462.64
1546228462.67
1546228462.71
1546228462.74
1546228462.78
1546228462.81
1546228462.84
1546228462.87
1546228462.91
1546228462.94
1546228462.97
1546228463.01
1546228463.04
1546228463.08
1546228463.11
1546228463.14
1546228463.17
1546228463.21
1546228463.24
1546228463.28
1546228463.31
1546228463.34
1546228463.38
1546228463.41
1546228463.44
1546228463.47
1546228463.51
1546228463.54
1546228463.58
1546228463.61
1546228463.64
1546228463.67
1546228463.71
1546228463.74
1546228463.78
1546228463.81
1546228463.84
1546228463.88
1546228463.91
1546228463.94
1546228463.98
1546228464.01
1546228464.04
1546228464.08
1546228464.11
1546228464.14
1546228464.18
1546228464.21
1546228464.24
1546228464.28
1546228464.31
1546228464.34
1546228464.38
1546228464.41
1546228464.44
1546228464.48
1546228464.51
1546228464.54
1546228464.58
1546228464.61
1546228464.64
1546228464.68
1546228464.71
1546228464.74
1546228464.78
1546228464.81
1546228464.85
1546228464.88
1546228464.91
1546228464.94
1546228464.98
1546228465.01
1546228465.04
1546228465.08
1546228465.11
1546228465.14
1546228465.18
1546228465.21
1546228465.25
1546228465.28
1546228465.31
1546228465.35
1546228465.38
1546228465.41
1546228465.45
1546228465.48
1546228465.51
1546228465.55
1546228465.58
1546228465.61
1546228465.64
1546228465.68
1546228465.71
1546228465.74
1546228465.78
1546228465.81
1546228465.85
1546228465.88
1546228465.91
1546228465.95
1546228465.98
1546228466.01
1546228466.05
1546228466.08
1546228466.11
1546228466.15
1546228466.18
1546228466.21
1546228466.24
1546228466.28
1546228466.31
1546228466.35
1546228466.38
1546228466.41
1546228466.44
1546228466.48
1546228466.51
1546228466.55
1546228466.58
1546228466.61
1546228466.65
1546228466.68
1546228466.71
1546228466.75
1546228466.78
1546228466.81
1546228466.85
1546228466.88
1546228466.91
1546228466.95
1546228466.98
1546228467.01
1546228467.05
1546228467.08
1546228467.11
1546228467.15
1546228467.18
1546228467.21
1546228467.25
1546228467.28
1546228467.31
1546228467.35
1546228467.38
1546228467.41
1546228467.44
1546228467.47
1546228467.51
1546228467.54
1546228467.57
1546228467.61
1546228467.64
1546228467.67
1546228467.7
1546228467.74
1546228467.77
1546228467.81
1546228467.84
1546228467.87
1546228467.9
1546228467.94
1546228467.97
1546228468.01
1546228468.04
1546228468.07
1546228468.11
1546228468.14
1546228468.17
1546228468.2
1546228468.24
1546228468.27
1546228468.31
1546228468.34
1546228468.37
1546228468.4
1546228468.44
1546228468.47
1546228468.51
1546228468.54
1546228468.57
1546228468.61
1546228468.64
1546228468.67
1546228468.7
1546228468.74
1546228468.77
1546228468.81
1546228468.84
1546228468.87
1546228468.91
1546228468.94
1546228468.97
1546228469.01
1546228469.04
1546228469.07
1546228469.11
1546228469.14
1546228469.17
1546228469.21
1546228469.24
1546228469.27
1546228469.31
1546228469.34
1546228469.37
1546228469.41
1546228469.44
1546228469.47
1546228469.51
1546228469.54
1546228469.57
1546228469.61
1546228469.64
1546228469.67
1546228469.7
1546228469.74
1546228469.77
1546228469.81
1546228469.84
1546228469.87
1546228469.9
1546228469.94
1546228469.97
1546228470.01
1546228470.04
1546228470.07
1546228470.11
1546228470.14
1546228470.17
1546228470.21
1546228470.24
1546228470.27
1546228470.31
1546228470.34
1546228470.37
1546228470.4
1546228470.44
1546228470.47
1546228470.51
1546228470.54
1546228470.57
1546228470.61
1546228470.64
1546228470.67
1546228470.7
1546228470.74
1546228470.77
1546228470.8
1546228470.84
1546228470.87
1546228470.9
1546228470.94
1546228470.97
1546228471.0
1546228471.04
1546228471.07
1546228471.11
1546228471.14
1546228471.17
1546228471.2
1546228471.24
1546228471.27
1546228471.3
1546228471.34
1546228471.37
1546228471.4
1546228471.44
1546228471.47
1546228471.5
1546228471.54
1546228471.57
1546228471.61
