1546221635.14
1546221635.28
1546221635.31
1546221635.34
1546221635.38
1546221635.41
1546221635.44
1546221635.47
1546221635.5
1546221635.53
1546221635.57
1546221635.6
1546221635.63
1546221635.66
1546221635.7
1546221635.73
1546221635.76
1546221635.8
1546221635.83
1546221635.86
1546221635.9
1546221635.93
1546221635.96
1546221636.0
1546221636.03
1546221636.06
1546221636.1
1546221636.13
1546221636.16
1546221636.2
1546221636.23
1546221636.26
1546221636.3
1546221636.33
1546221636.36
1546221636.4
1546221636.43
1546221636.46
1546221636.5
1546221636.53
1546221636.56
1546221636.6
1546221636.63
1546221636.66
1546221636.7
1546221636.73
1546221636.76
1546221636.8
1546221636.83
1546221636.87
1546221636.9
1546221636.93
1546221636.96
1546221637.0
1546221637.03
1546221637.06
1546221637.1
1546221637.13
1546221637.16
1546221637.2
1546221637.23
1546221637.27
1546221637.3
1546221637.33
1546221637.36
1546221637.4
1546221637.43
1546221637.46
1546221637.5
1546221637.53
1546221637.56
1546221637.6
1546221637.63
1546221637.66
1546221637.7
1546221637.73
1546221637.76
1546221637.8
1546221637.83
1546221637.86
1546221637.9
1546221637.93
1546221637.96
1546221638.0
1546221638.03
1546221638.06
1546221638.1
1546221638.13
1546221638.16
1546221638.2
1546221638.23
1546221638.26
1546221638.3
1546221638.33
1546221638.36
1546221638.39
1546221638.43
1546221638.46
1546221638.5
1546221638.53
1546221638.56
1546221638.59
1546221638.63
1546221638.66
1546221638.69
1546221638.73
1546221638.76
1546221638.8
1546221638.83
1546221638.86
1546221638.89
1546221638.93
1546221638.96
1546221638.99
1546221639.03
1546221639.06
1546221639.09
1546221639.13
1546221639.16
1546221639.19
1546221639.23
1546221639.26
1546221639.29
1546221639.33
1546221639.36
1546221639.39
1546221639.43
1546221639.46
1546221639.49
1546221639.53
1546221639.56
1546221639.6
1546221639.63
1546221639.66
1546221639.69
1546221639.73
1546221639.76
1546221639.79
1546221639.83
1546221639.86
1546221639.89
1546221639.93
1546221639.96
1546221639.99
1546221640.03
1546221640.06
1546221640.09
1546221640.13
1546221640.16
1546221640.19
1546221640.23
1546221640.26
1546221640.29
1546221640.33
1546221640.36
1546221640.39
1546221640.43
1546221640.46
1546221640.49
1546221640.53
1546221640.56
1546221640.59
1546221640.63
1546221640.66
1546221640.69
1546221640.73
1546221640.76
1546221640.79
1546221640.83
1546221640.86
1546221640.89
1546221640.93
1546221640.96
1546221640.99
1546221641.03
1546221641.06
1546221641.09
1546221641.13
1546221641.16
1546221641.19
1546221641.22
1546221641.26
1546221641.29
1546221641.33
1546221641.36
1546221641.39
1546221641.43
1546221641.46
1546221641.49
1546221641.53
1546221641.56
1546221641.59
1546221641.63
1546221641.66
1546221641.69
1546221641.73
1546221641.76
1546221641.79
1546221641.83
1546221641.86
1546221641.89
1546221641.93
1546221641.96
1546221641.99
1546221642.03
1546221642.06
1546221642.09
1546221642.12
1546221642.16
1546221642.19
1546221642.23
1546221642.26
1546221642.29
1546221642.33
1546221642.36
1546221642.39
1546221642.42
1546221642.46
1546221642.49
1546221642.53
1546221642.56
1546221642.59
1546221642.62
1546221642.66
1546221642.69
1546221642.72
1546221642.76
1546221642.79
1546221642.83
1546221642.86
1546221642.89
1546221642.92
1546221642.96
1546221642.99
1546221643.03
1546221643.06
1546221643.09
1546221643.12
1546221643.16
1546221643.19
1546221643.22
1546221643.26
1546221643.29
1546221643.32
1546221643.36
1546221643.39
1546221643.42
1546221643.46
1546221643.49
1546221643.52
1546221643.56
1546221643.59
1546221643.62
1546221643.66
1546221643.69
1546221643.72
1546221643.76
1546221643.79
1546221643.82
1546221643.86
1546221643.89
1546221643.92
1546221643.96
1546221643.99
1546221644.02
1546221644.06
1546221644.09
1546221644.12
1546221644.16
1546221644.19
1546221644.22
1546221644.26
1546221644.29
1546221644.32
1546221644.36
1546221644.39
1546221644.42
1546221644.46
1546221644.49
1546221644.52
1546221644.56
1546221644.59
1546221644.62
1546221644.66
1546221644.69
1546221644.72
1546221644.76
1546221644.79
1546221644.82
1546221644.86
1546221644.89
1546221644.92
1546221644.96
1546221644.99
1546221645.03
1546221645.06
1546221645.09
1546221645.12
1546221645.16
1546221645.19
1546221645.22
1546221645.26
1546221645.29
1546221645.32
1546221645.36
1546221645.39
1546221645.42
1546221645.46
1546221645.49
1546221645.52
1546221645.56
1546221645.59
1546221645.62
1546221645.66
1546221645.69
1546221645.72
1546221645.76
1546221645.79
1546221645.82
1546221645.86
1546221645.89
1546221645.92
1546221645.96
1546221645.99
1546221646.03
1546221646.06
1546221646.09
1546221646.12
1546221646.16
1546221646.19
1546221646.22
1546221646.26
1546221646.29
1546221646.33
1546221646.36
1546221646.39
1546221646.42
1546221646.46
1546221646.49
1546221646.52
1546221646.56
1546221646.59
1546221646.62
1546221646.66
1546221646.69
1546221646.72
1546221646.76
1546221646.79
1546221646.82
1546221646.86
1546221646.89
1546221646.92
1546221646.96
1546221646.99
1546221647.02
1546221647.06
1546221647.09
1546221647.12
1546221647.16
1546221647.19
1546221647.22
1546221647.26
1546221647.29
1546221647.32
1546221647.36
1546221647.39
1546221647.42
1546221647.46
1546221647.49
1546221647.53
1546221647.56
1546221647.59
1546221647.62
1546221647.66
1546221647.69
1546221647.73
1546221647.76
1546221647.79
1546221647.83
1546221647.86
1546221647.89
1546221647.92
1546221647.96
1546221647.99
1546221648.03
1546221648.06
1546221648.09
1546221648.12
1546221648.16
1546221648.19
1546221648.22
1546221648.26
1546221648.29
1546221648.32
1546221648.35
1546221648.38
1546221648.42
1546221648.45
1546221648.48
1546221648.52
1546221648.55
1546221648.59
1546221648.62
1546221648.65
1546221648.68
1546221648.72
1546221648.75
1546221648.78
1546221648.82
1546221648.85
1546221648.88
1546221648.92
1546221648.95
1546221648.98
1546221649.02
1546221649.05
1546221649.08
1546221649.12
1546221649.15
1546221649.18
1546221649.22
1546221649.25
1546221649.28
1546221649.32
1546221649.35
1546221649.38
1546221649.42
1546221649.45
1546221649.48
1546221649.52
1546221649.55
1546221649.58
1546221649.62
1546221649.65
1546221649.68
1546221649.72
1546221649.75
1546221649.78
1546221649.82
1546221649.85
1546221649.88
1546221649.92
1546221649.95
1546221649.98
1546221650.02
1546221650.05
1546221650.08
1546221650.12
1546221650.15
1546221650.18
1546221650.21
1546221650.25
1546221650.28
1546221650.32
1546221650.35
1546221650.38
1546221650.42
1546221650.45
1546221650.48
1546221650.52
1546221650.55
1546221650.58
1546221650.62
1546221650.65
1546221650.68
1546221650.72
1546221650.75
1546221650.78
1546221650.82
1546221650.85
1546221650.88
1546221650.92
1546221650.95
1546221650.98
1546221651.02
1546221651.05
1546221651.08
1546221651.12
1546221651.15
1546221651.18
1546221651.22
1546221651.25
1546221651.28
1546221651.32
1546221651.35
1546221651.38
1546221651.42
1546221651.45
1546221651.48
1546221651.52
1546221651.55
1546221651.58
1546221651.62
1546221651.65
1546221651.68
1546221651.72
1546221651.75
1546221651.78
1546221651.82
1546221651.85
1546221651.88
1546221651.92
1546221651.95
1546221651.98
1546221652.02
1546221652.05
1546221652.08
1546221652.12
1546221652.15
1546221652.18
1546221652.22
1546221652.25
1546221652.28
1546221652.32
1546221652.35
1546221652.38
1546221652.42
1546221652.45
1546221652.48
1546221652.52
1546221652.55
1546221652.58
1546221652.62
1546221652.65
1546221652.68
1546221652.72
1546221652.75
1546221652.78
1546221652.82
1546221652.85
1546221652.88
1546221652.92
1546221652.95
1546221652.98
1546221653.02
1546221653.05
1546221653.08
1546221653.12
1546221653.15
1546221653.18
1546221653.22
1546221653.25
1546221653.28
1546221653.32
1546221653.35
1546221653.38
1546221653.41
1546221653.45
1546221653.48
1546221653.52
1546221653.55
1546221653.58
1546221653.61
1546221653.65
1546221653.68
1546221653.71
1546221653.75
1546221653.78
1546221653.81
1546221653.85
1546221653.88
1546221653.91
1546221653.95
1546221653.98
1546221654.02
1546221654.05
1546221654.08
1546221654.12
1546221654.15
1546221654.18
1546221654.21
1546221654.25
1546221654.28
1546221654.32
1546221654.35
1546221654.38
1546221654.42
1546221654.45
1546221654.48
1546221654.52
1546221654.55
1546221654.58
1546221654.62
1546221654.65
1546221654.68
1546221654.72
1546221654.75
1546221654.78
1546221654.82
1546221654.85
1546221654.88
1546221654.92
1546221654.95
1546221654.98
1546221655.02
1546221655.05
1546221655.08
1546221655.12
1546221655.15
1546221655.18
1546221655.22
1546221655.25
1546221655.28
1546221655.32
1546221655.35
1546221655.38
1546221655.42
1546221655.45
1546221655.48
1546221655.52
1546221655.55
1546221655.58
1546221655.62
1546221655.65
1546221655.68
1546221655.71
1546221655.75
1546221655.78
1546221655.82
1546221655.85
1546221655.88
1546221655.91
1546221655.95
1546221655.98
1546221656.02
1546221656.05
1546221656.08
1546221656.12
1546221656.15
1546221656.18
1546221656.21
1546221656.25
1546221656.28
1546221656.32
1546221656.35
1546221656.38
1546221656.42
1546221656.45
1546221656.48
1546221656.52
1546221656.55
1546221656.58
1546221656.62
1546221656.65
1546221656.68
1546221656.71
1546221656.75
1546221656.78
1546221656.82
1546221656.85
1546221656.88
1546221656.91
1546221656.95
1546221656.98
1546221657.02
1546221657.05
1546221657.08
1546221657.12
1546221657.15
1546221657.18
1546221657.22
1546221657.25
1546221657.28
1546221657.31
1546221657.35
1546221657.38
1546221657.41
1546221657.45
1546221657.48
1546221657.52
1546221657.55
1546221657.58
1546221657.62
1546221657.65
1546221657.68
1546221657.71
1546221657.75
1546221657.78
1546221657.82
1546221657.85
1546221657.88
1546221657.92
1546221657.95
1546221657.98
1546221658.02
1546221658.05
1546221658.08
1546221658.12
1546221658.15
1546221658.18
1546221658.21
1546221658.25
1546221658.28
1546221658.32
1546221658.35
1546221658.38
1546221658.42
1546221658.45
1546221658.48
1546221658.51
1546221658.55
1546221658.58
1546221658.62
1546221658.65
1546221658.68
1546221658.71
1546221658.75
1546221658.78
1546221658.81
1546221658.85
1546221658.88
1546221658.91
1546221658.95
1546221658.98
1546221659.02
1546221659.05
1546221659.08
1546221659.11
1546221659.15
1546221659.18
1546221659.21
1546221659.25
1546221659.28
1546221659.31
1546221659.35
1546221659.38
1546221659.41
1546221659.45
1546221659.48
1546221659.51
1546221659.55
1546221659.58
1546221659.61
1546221659.64
1546221659.68
1546221659.71
1546221659.75
1546221659.78
1546221659.81
1546221659.85
1546221659.88
1546221659.91
1546221659.95
1546221659.98
1546221660.01
1546221660.05
1546221660.08
1546221660.11
1546221660.15
1546221660.18
1546221660.21
1546221660.25
1546221660.28
1546221660.31
1546221660.35
1546221660.38
1546221660.41
1546221660.45
1546221660.48
1546221660.51
1546221660.55
1546221660.58
1546221660.61
1546221660.65
1546221660.68
1546221660.71
1546221660.75
1546221660.78
1546221660.81
1546221660.85
1546221660.88
1546221660.91
1546221660.95
1546221660.98
1546221661.01
1546221661.05
1546221661.08
1546221661.11
1546221661.15
1546221661.18
1546221661.21
1546221661.25
1546221661.28
1546221661.31
1546221661.35
1546221661.38
1546221661.41
1546221661.45
1546221661.48
1546221661.51
1546221661.55
1546221661.58
1546221661.61
1546221661.65
1546221661.68
1546221661.71
1546221661.75
1546221661.78
1546221661.81
1546221661.85
1546221661.88
1546221661.91
1546221661.94
1546221661.98
1546221662.01
1546221662.05
1546221662.08
1546221662.11
1546221662.14
1546221662.18
1546221662.21
1546221662.25
1546221662.28
1546221662.31
1546221662.35
1546221662.38
1546221662.41
1546221662.45
1546221662.48
1546221662.51
1546221662.54
1546221662.58
1546221662.61
1546221662.64
1546221662.68
1546221662.71
1546221662.74
1546221662.78
1546221662.81
1546221662.85
1546221662.88
1546221662.91
1546221662.94
1546221662.98
1546221663.01
1546221663.04
1546221663.08
1546221663.11
1546221663.14
1546221663.18
1546221663.21
1546221663.24
1546221663.28
1546221663.31
1546221663.34
1546221663.38
1546221663.41
1546221663.44
1546221663.48
1546221663.51
1546221663.54
1546221663.58
1546221663.61
1546221663.64
1546221663.68
1546221663.71
1546221663.74
1546221663.78
1546221663.81
1546221663.84
1546221663.88
1546221663.91
1546221663.94
1546221663.98
1546221664.01
1546221664.04
1546221664.08
1546221664.11
1546221664.14
1546221664.18
1546221664.21
1546221664.24
1546221664.28
1546221664.31
1546221664.34
1546221664.38
1546221664.41
1546221664.44
1546221664.47
1546221664.51
1546221664.54
1546221664.58
1546221664.61
1546221664.64
1546221664.67
1546221664.71
1546221664.74
1546221664.78
1546221664.81
1546221664.84
1546221664.88
1546221664.91
1546221664.94
1546221664.97
1546221665.01
1546221665.04
1546221665.08
1546221665.11
1546221665.14
1546221665.17
1546221665.21
1546221665.24
1546221665.28
1546221665.31
1546221665.34
1546221665.38
1546221665.41
1546221665.44
1546221665.47
1546221665.51
1546221665.54
1546221665.58
1546221665.61
1546221665.64
1546221665.67
1546221665.71
1546221665.74
1546221665.77
1546221665.81
1546221665.84
1546221665.87
1546221665.91
1546221665.94
1546221665.97
1546221666.01
1546221666.04
1546221666.08
1546221666.11
1546221666.14
1546221666.17
1546221666.21
1546221666.24
1546221666.27
1546221666.31
1546221666.34
1546221666.37
1546221666.41
1546221666.44
1546221666.47
1546221666.51
1546221666.54
1546221666.57
1546221666.61
1546221666.64
1546221666.67
1546221666.71
1546221666.74
1546221666.77
1546221666.81
1546221666.84
1546221666.87
1546221666.91
1546221666.94
1546221666.97
1546221667.01
1546221667.04
1546221667.07
1546221667.11
1546221667.14
1546221667.17
1546221667.21
1546221667.24
1546221667.27
1546221667.31
1546221667.34
1546221667.37
1546221667.41
1546221667.44
1546221667.47
1546221667.51
1546221667.54
1546221667.57
1546221667.61
1546221667.64
1546221667.67
1546221667.71
1546221667.74
1546221667.77
1546221667.81
1546221667.84
1546221667.87
1546221667.91
1546221667.94
1546221667.97
1546221668.01
1546221668.04
1546221668.07
1546221668.11
1546221668.14
1546221668.17
1546221668.21
1546221668.24
1546221668.28
1546221668.31
1546221668.34
1546221668.38
1546221668.41
1546221668.44
1546221668.47
1546221668.51
1546221668.54
1546221668.57
1546221668.61
1546221668.64
1546221668.67
1546221668.71
1546221668.74
1546221668.78
1546221668.81
1546221668.84
1546221668.88
1546221668.91
1546221668.94
1546221668.97
1546221669.01
1546221669.04
1546221669.08
1546221669.11
1546221669.14
1546221669.18
1546221669.21
1546221669.24
1546221669.28
1546221669.31
1546221669.34
1546221669.38
1546221669.41
1546221669.44
1546221669.48
1546221669.51
1546221669.54
1546221669.58
1546221669.61
1546221669.64
1546221669.67
1546221669.71
1546221669.74
1546221669.78
1546221669.81
1546221669.84
1546221669.88
1546221669.91
1546221669.94
1546221669.98
1546221670.01
1546221670.04
1546221670.08
1546221670.11
1546221670.14
1546221670.17
1546221670.21
1546221670.24
1546221670.28
1546221670.31
1546221670.34
1546221670.38
1546221670.41
1546221670.44
1546221670.48
1546221670.51
1546221670.54
1546221670.58
1546221670.61
1546221670.64
1546221670.68
1546221670.71
1546221670.74
1546221670.78
1546221670.81
1546221670.84
1546221670.88
1546221670.91
1546221670.94
1546221670.98
1546221671.01
1546221671.04
1546221671.08
1546221671.11
1546221671.14
1546221671.18
1546221671.21
1546221671.24
1546221671.28
1546221671.31
1546221671.34
1546221671.38
1546221671.41
1546221671.44
1546221671.48
1546221671.51
1546221671.54
1546221671.58
1546221671.61
1546221671.64
1546221671.68
1546221671.71
1546221671.74
1546221671.78
1546221671.81
1546221671.85
1546221671.88
1546221671.91
1546221671.94
1546221671.98
1546221672.01
1546221672.04
1546221672.08
1546221672.11
1546221672.14
1546221672.18
1546221672.21
1546221672.24
1546221672.28
1546221672.31
1546221672.34
1546221672.38
1546221672.41
1546221672.44
1546221672.48
1546221672.51
1546221672.55
1546221672.58
1546221672.61
1546221672.65
1546221672.68
1546221672.71
1546221672.75
1546221672.77
1546221672.8
1546221672.84
1546221672.87
1546221672.9
1546221672.94
1546221672.97
1546221673.0
1546221673.04
1546221673.07
1546221673.1
1546221673.14
1546221673.17
1546221673.2
1546221673.24
1546221673.27
1546221673.3
1546221673.34
1546221673.37
1546221673.4
1546221673.44
1546221673.47
1546221673.5
1546221673.54
1546221673.57
1546221673.6
1546221673.64
1546221673.67
1546221673.7
1546221673.73
1546221673.77
1546221673.8
1546221673.84
1546221673.87
1546221673.9
1546221673.94
1546221673.97
1546221674.0
1546221674.04
1546221674.07
1546221674.1
1546221674.13
1546221674.17
1546221674.2
1546221674.23
1546221674.27
1546221674.3
1546221674.33
1546221674.37
1546221674.4
1546221674.43
1546221674.47
1546221674.5
1546221674.54
1546221674.57
1546221674.6
1546221674.63
1546221674.67
1546221674.7
1546221674.73
1546221674.77
1546221674.8
1546221674.83
1546221674.87
1546221674.9
1546221674.93
1546221674.97
1546221675.0
1546221675.03
1546221675.07
1546221675.1
1546221675.13
1546221675.17
1546221675.2
1546221675.23
1546221675.27
1546221675.3
1546221675.33
1546221675.37
1546221675.4
1546221675.43
1546221675.47
1546221675.5
1546221675.54
1546221675.57
1546221675.6
1546221675.63
1546221675.67
1546221675.7
1546221675.73
1546221675.77
1546221675.8
1546221675.83
1546221675.87
1546221675.9
1546221675.93
1546221675.97
1546221676.0
1546221676.03
1546221676.07
1546221676.1
1546221676.13
1546221676.17
1546221676.2
1546221676.23
1546221676.27
1546221676.3
1546221676.33
1546221676.37
1546221676.4
1546221676.43
1546221676.47
1546221676.5
1546221676.53
1546221676.57
1546221676.6
1546221676.63
1546221676.67
1546221676.7
1546221676.73
1546221676.77
1546221676.8
1546221676.83
1546221676.87
1546221676.9
1546221676.93
1546221676.97
1546221677.0
1546221677.03
1546221677.07
1546221677.1
1546221677.13
1546221677.17
1546221677.2
1546221677.23
1546221677.27
1546221677.3
1546221677.33
1546221677.37
1546221677.4
1546221677.43
1546221677.47
1546221677.5
1546221677.53
1546221677.57
1546221677.6
1546221677.63
1546221677.67
1546221677.7
1546221677.73
1546221677.77
1546221677.8
1546221677.83
1546221677.87
1546221677.9
1546221677.93
1546221677.97
1546221678.0
1546221678.03
1546221678.07
1546221678.1
1546221678.13
1546221678.17
1546221678.2
1546221678.23
1546221678.27
1546221678.3
1546221678.33
1546221678.37
1546221678.4
1546221678.43
1546221678.47
1546221678.5
1546221678.53
1546221678.57
1546221678.6
1546221678.63
1546221678.66
1546221678.7
1546221678.73
1546221678.77
1546221678.8
1546221678.83
1546221678.87
1546221678.9
1546221678.93
1546221678.96
1546221679.0
1546221679.03
1546221679.07
1546221679.1
1546221679.13
1546221679.16
1546221679.2
1546221679.23
1546221679.27
1546221679.3
1546221679.33
1546221679.37
1546221679.4
1546221679.43
1546221679.47
1546221679.5
1546221679.53
1546221679.57
1546221679.6
1546221679.63
1546221679.67
1546221679.7
1546221679.73
1546221679.77
1546221679.8
1546221679.83
1546221679.87
1546221679.9
1546221679.93
1546221679.96
1546221680.0
1546221680.03
1546221680.07
1546221680.1
1546221680.13
1546221680.17
1546221680.2
1546221680.23
1546221680.27
1546221680.3
1546221680.33
1546221680.37
1546221680.4
1546221680.43
1546221680.46
1546221680.5
1546221680.53
1546221680.56
1546221680.6
1546221680.63
1546221680.66
1546221680.7
1546221680.73
1546221680.76
1546221680.8
1546221680.83
1546221680.86
1546221680.9
1546221680.93
1546221680.96
1546221681.0
1546221681.03
1546221681.06
1546221681.1
1546221681.13
1546221681.16
1546221681.2
1546221681.23
1546221681.26
1546221681.3
1546221681.33
1546221681.36
1546221681.4
1546221681.43
1546221681.46
1546221681.5
1546221681.53
1546221681.56
1546221681.6
1546221681.63
1546221681.66
1546221681.7
1546221681.73
1546221681.76
1546221681.8
1546221681.83
1546221681.86
1546221681.9
1546221681.93
1546221681.96
1546221682.0
1546221682.03
1546221682.06
1546221682.1
1546221682.13
1546221682.16
1546221682.2
1546221682.23
1546221682.26
1546221682.3
1546221682.33
1546221682.36
1546221682.4
1546221682.43
1546221682.46
1546221682.5
1546221682.53
1546221682.56
1546221682.6
1546221682.63
1546221682.66
1546221682.7
1546221682.73
1546221682.76
1546221682.8
1546221682.83
1546221682.86
1546221682.9
1546221682.93
1546221682.96
1546221683.0
1546221683.03
1546221683.06
1546221683.1
1546221683.13
1546221683.16
1546221683.2
1546221683.23
1546221683.26
1546221683.3
1546221683.33
1546221683.36
1546221683.4
1546221683.43
1546221683.46
1546221683.5
1546221683.53
1546221683.56
1546221683.6
1546221683.63
1546221683.66
1546221683.7
1546221683.73
1546221683.76
1546221683.8
1546221683.83
1546221683.86
1546221683.9
1546221683.93
1546221683.96
1546221684.0
1546221684.03
1546221684.06
1546221684.1
1546221684.13
1546221684.16
1546221684.2
1546221684.23
1546221684.26
1546221684.3
1546221684.33
1546221684.36
1546221684.4
1546221684.43
1546221684.46
1546221684.5
1546221684.53
1546221684.57
1546221684.6
1546221684.63
1546221684.66
1546221684.7
1546221684.73
1546221684.76
1546221684.8
1546221684.83
1546221684.86
1546221684.9
1546221684.93
1546221684.96
1546221685.0
1546221685.03
1546221685.06
1546221685.1
1546221685.13
1546221685.16
1546221685.2
1546221685.23
1546221685.26
1546221685.3
1546221685.33
1546221685.36
1546221685.4
1546221685.43
1546221685.46
1546221685.5
1546221685.53
1546221685.56
1546221685.6
1546221685.63
1546221685.66
1546221685.7
1546221685.73
1546221685.76
1546221685.8
1546221685.83
1546221685.86
1546221685.9
1546221685.93
1546221685.96
1546221686.0
1546221686.03
1546221686.06
1546221686.1
1546221686.13
1546221686.16
1546221686.2
1546221686.23
1546221686.26
1546221686.3
1546221686.33
1546221686.36
1546221686.4
1546221686.43
1546221686.46
1546221686.5
1546221686.53
1546221686.56
1546221686.6
1546221686.63
1546221686.66
1546221686.7
1546221686.73
1546221686.76
1546221686.8
1546221686.83
1546221686.86
1546221686.9
1546221686.93
1546221686.96
1546221687.0
1546221687.03
1546221687.06
1546221687.1
1546221687.13
1546221687.16
1546221687.2
1546221687.23
1546221687.26
1546221687.3
1546221687.33
1546221687.36
1546221687.4
1546221687.43
1546221687.46
1546221687.5
1546221687.53
1546221687.56
1546221687.6
1546221687.63
1546221687.66
1546221687.7
1546221687.73
1546221687.76
1546221687.8
1546221687.83
1546221687.86
1546221687.9
1546221687.93
1546221687.96
1546221688.0
1546221688.03
1546221688.06
1546221688.1
1546221688.13
1546221688.16
1546221688.2
1546221688.23
1546221688.26
1546221688.3
1546221688.33
1546221688.36
1546221688.4
1546221688.43
1546221688.46
1546221688.5
1546221688.53
1546221688.56
1546221688.6
1546221688.63
1546221688.66
1546221688.7
1546221688.73
1546221688.76
1546221688.8
1546221688.83
1546221688.86
1546221688.89
1546221688.93
1546221688.96
1546221689.0
1546221689.03
1546221689.06
1546221689.1
1546221689.13
1546221689.16
1546221689.2
1546221689.23
1546221689.26
1546221689.3
1546221689.33
1546221689.36
1546221689.4
1546221689.43
1546221689.46
1546221689.5
1546221689.53
1546221689.56
1546221689.6
1546221689.63
1546221689.66
1546221689.7
1546221689.73
1546221689.76
1546221689.8
1546221689.83
1546221689.86
1546221689.9
1546221689.93
1546221689.96
1546221690.0
1546221690.03
1546221690.06
1546221690.1
1546221690.13
1546221690.16
1546221690.2
1546221690.23
1546221690.26
1546221690.3
1546221690.33
1546221690.36
1546221690.4
1546221690.43
1546221690.46
1546221690.5
1546221690.53
1546221690.56
1546221690.6
1546221690.63
1546221690.66
1546221690.7
1546221690.73
1546221690.76
1546221690.8
1546221690.83
1546221690.86
1546221690.9
1546221690.93
1546221690.96
1546221691.0
1546221691.03
1546221691.06
1546221691.1
1546221691.13
1546221691.16
1546221691.2
1546221691.23
1546221691.26
1546221691.3
1546221691.33
1546221691.36
1546221691.39
1546221691.43
1546221691.46
1546221691.5
1546221691.53
1546221691.56
1546221691.6
1546221691.63
1546221691.66
1546221691.7
1546221691.73
1546221691.76
1546221691.8
1546221691.83
1546221691.86
1546221691.89
1546221691.93
1546221691.96
1546221691.99
1546221692.03
1546221692.06
1546221692.1
1546221692.13
1546221692.16
1546221692.19
1546221692.23
1546221692.26
1546221692.29
1546221692.33
1546221692.36
1546221692.39
1546221692.43
1546221692.46
1546221692.49
1546221692.53
1546221692.56
1546221692.6
1546221692.63
1546221692.66
1546221692.69
1546221692.73
1546221692.76
1546221692.8
1546221692.83
1546221692.86
1546221692.89
1546221692.93
1546221692.96
1546221692.99
1546221693.03
1546221693.06
1546221693.1
1546221693.13
1546221693.16
1546221693.19
1546221693.23
1546221693.26
1546221693.29
1546221693.33
1546221693.36
1546221693.39
1546221693.43
1546221693.46
1546221693.49
1546221693.53
1546221693.56
1546221693.6
1546221693.63
1546221693.66
1546221693.69
1546221693.73
1546221693.76
1546221693.8
1546221693.83
1546221693.86
1546221693.9
1546221693.93
1546221693.96
1546221694.0
1546221694.03
1546221694.06
1546221694.1
1546221694.13
1546221694.16
1546221694.2
1546221694.23
1546221694.26
1546221694.3
1546221694.33
1546221694.36
1546221694.4
1546221694.43
1546221694.46
1546221694.5
1546221694.53
1546221694.56
1546221694.6
1546221694.63
1546221694.66
1546221694.7
1546221694.73
1546221694.76
1546221694.8
1546221694.83
1546221694.86
1546221694.9
1546221694.93
1546221694.96
1546221695.0
1546221695.03
1546221695.06
1546221695.1
1546221695.13
1546221695.16
1546221695.2
1546221695.23
1546221695.26
1546221695.3
1546221695.33
1546221695.36
1546221695.4
1546221695.43
1546221695.46
1546221695.5
1546221695.53
1546221695.56
1546221695.6
1546221695.63
1546221695.66
1546221695.7
1546221695.73
1546221695.76
1546221695.8
1546221695.83
1546221695.86
1546221695.9
1546221695.93
1546221695.96
1546221696.0
1546221696.03
1546221696.06
1546221696.1
1546221696.13
1546221696.16
1546221696.2
1546221696.23
1546221696.26
1546221696.3
1546221696.33
1546221696.37
1546221696.4
1546221696.43
1546221696.46
1546221696.5
1546221696.53
1546221696.57
1546221696.6
1546221696.63
1546221696.67
1546221696.7
1546221696.73
1546221696.77
1546221696.8
1546221696.83
1546221696.87
1546221696.9
1546221696.93
1546221696.97
1546221697.0
1546221697.03
1546221697.07
1546221697.1
1546221697.12
1546221697.16
1546221697.19
1546221697.22
1546221697.26
1546221697.29
1546221697.32
1546221697.36
1546221697.39
1546221697.42
1546221697.46
1546221697.49
1546221697.53
1546221697.56
1546221697.59
1546221697.62
1546221697.66
1546221697.69
1546221697.72
1546221697.76
1546221697.79
1546221697.83
1546221697.86
1546221697.89
1546221697.93
1546221697.96
1546221697.99
1546221698.03
1546221698.06
1546221698.09
1546221698.13
1546221698.16
1546221698.19
1546221698.22
1546221698.26
1546221698.29
1546221698.33
1546221698.36
1546221698.39
1546221698.43
1546221698.46
1546221698.49
1546221698.53
1546221698.56
1546221698.59
1546221698.63
1546221698.66
1546221698.69
1546221698.72
1546221698.76
1546221698.79
1546221698.83
1546221698.86
1546221698.89
1546221698.92
1546221698.96
1546221698.99
1546221699.03
1546221699.06
1546221699.09
1546221699.13
1546221699.16
1546221699.19
1546221699.23
1546221699.26
1546221699.29
1546221699.32
1546221699.36
1546221699.39
1546221699.42
1546221699.46
1546221699.49
1546221699.52
1546221699.56
1546221699.59
1546221699.63
1546221699.66
1546221699.69
1546221699.72
1546221699.76
1546221699.79
1546221699.83
1546221699.86
1546221699.89
1546221699.92
1546221699.96
1546221699.99
1546221700.03
1546221700.06
1546221700.09
1546221700.12
1546221700.16
1546221700.19
1546221700.22
1546221700.26
1546221700.29
1546221700.33
1546221700.36
1546221700.39
1546221700.43
1546221700.46
1546221700.49
1546221700.53
1546221700.56
1546221700.59
1546221700.63
1546221700.66
1546221700.69
1546221700.72
1546221700.76
1546221700.79
1546221700.83
1546221700.86
1546221700.89
1546221700.93
1546221700.96
1546221700.99
1546221701.03
1546221701.06
1546221701.09
1546221701.12
1546221701.16
1546221701.19
1546221701.23
1546221701.26
1546221701.29
1546221701.33
1546221701.36
1546221701.39
1546221701.42
1546221701.46
1546221701.49
1546221701.53
1546221701.56
1546221701.59
1546221701.62
1546221701.66
1546221701.69
1546221701.72
1546221701.76
1546221701.79
1546221701.83
1546221701.86
1546221701.89
1546221701.93
1546221701.96
1546221701.99
1546221702.03
1546221702.06
1546221702.09
1546221702.12
1546221702.16
1546221702.19
1546221702.22
1546221702.26
1546221702.29
1546221702.33
1546221702.36
1546221702.39
1546221702.42
1546221702.46
1546221702.49
1546221702.52
1546221702.56
1546221702.59
1546221702.62
1546221702.66
1546221702.69
1546221702.72
1546221702.76
1546221702.79
1546221702.83
1546221702.86
1546221702.89
1546221702.92
1546221702.96
1546221702.99
1546221703.02
1546221703.06
1546221703.09
1546221703.12
1546221703.16
1546221703.19
1546221703.22
1546221703.26
1546221703.29
1546221703.32
1546221703.36
1546221703.39
1546221703.42
1546221703.46
1546221703.49
1546221703.52
1546221703.56
1546221703.59
1546221703.62
1546221703.66
1546221703.69
1546221703.72
1546221703.76
1546221703.79
1546221703.82
1546221703.86
1546221703.89
1546221703.92
1546221703.96
1546221703.99
1546221704.02
1546221704.06
1546221704.09
1546221704.12
1546221704.16
1546221704.19
1546221704.22
1546221704.26
1546221704.29
1546221704.32
1546221704.36
1546221704.39
1546221704.42
1546221704.46
1546221704.49
1546221704.52
1546221704.56
1546221704.59
1546221704.62
1546221704.65
1546221704.69
1546221704.72
1546221704.76
1546221704.79
1546221704.82
1546221704.86
1546221704.89
1546221704.92
1546221704.95
1546221704.99
1546221705.02
1546221705.06
1546221705.09
1546221705.12
1546221705.15
1546221705.19
1546221705.22
1546221705.26
1546221705.29
1546221705.32
1546221705.36
1546221705.39
1546221705.42
1546221705.45
1546221705.49
1546221705.52
1546221705.55
1546221705.59
1546221705.62
1546221705.65
1546221705.69
1546221705.72
1546221705.75
1546221705.79
1546221705.82
1546221705.86
1546221705.89
1546221705.92
1546221705.95
1546221705.99
1546221706.02
1546221706.06
1546221706.09
1546221706.12
1546221706.15
1546221706.19
1546221706.22
1546221706.25
1546221706.29
1546221706.32
1546221706.36
1546221706.39
1546221706.42
1546221706.45
1546221706.49
1546221706.52
1546221706.56
1546221706.59
1546221706.62
1546221706.65
1546221706.69
1546221706.72
1546221706.75
1546221706.79
1546221706.82
1546221706.86
1546221706.89
1546221706.92
1546221706.96
1546221706.99
1546221707.02
1546221707.06
1546221707.09
1546221707.12
1546221707.15
1546221707.19
1546221707.22
1546221707.26
1546221707.29
1546221707.32
1546221707.36
1546221707.39
1546221707.42
1546221707.46
1546221707.49
1546221707.52
1546221707.56
1546221707.59
1546221707.62
1546221707.66
1546221707.69
1546221707.72
1546221707.76
1546221707.79
1546221707.82
1546221707.86
1546221707.89
1546221707.92
1546221707.96
1546221707.99
1546221708.02
1546221708.06
1546221708.09
1546221708.12
1546221708.16
1546221708.19
1546221708.22
1546221708.26
1546221708.29
1546221708.32
1546221708.36
1546221708.39
1546221708.42
1546221708.46
1546221708.49
1546221708.52
1546221708.56
1546221708.59
1546221708.62
1546221708.65
1546221708.69
1546221708.72
1546221708.76
1546221708.79
1546221708.82
1546221708.86
1546221708.89
1546221708.92
1546221708.96
1546221708.99
1546221709.02
1546221709.06
1546221709.09
1546221709.12
1546221709.16
1546221709.19
1546221709.22
1546221709.26
1546221709.29
1546221709.32
1546221709.36
1546221709.39
1546221709.42
1546221709.46
1546221709.49
1546221709.52
1546221709.56
1546221709.59
1546221709.62
1546221709.66
1546221709.69
1546221709.72
1546221709.76
1546221709.79
1546221709.82
1546221709.86
1546221709.89
1546221709.92
1546221709.96
1546221709.99
1546221710.02
1546221710.06
1546221710.09
1546221710.12
1546221710.16
1546221710.19
1546221710.22
1546221710.26
1546221710.29
1546221710.32
1546221710.36
1546221710.39
1546221710.42
1546221710.46
1546221710.49
1546221710.52
1546221710.56
1546221710.59
1546221710.62
1546221710.66
1546221710.69
1546221710.72
1546221710.76
1546221710.79
1546221710.82
1546221710.86
1546221710.89
1546221710.92
1546221710.95
1546221710.99
1546221711.02
1546221711.06
1546221711.09
1546221711.12
1546221711.15
1546221711.19
1546221711.22
1546221711.25
1546221711.29
1546221711.32
1546221711.35
1546221711.39
1546221711.42
1546221711.45
1546221711.49
1546221711.52
1546221711.55
1546221711.59
1546221711.62
1546221711.65
1546221711.69
1546221711.72
1546221711.75
1546221711.79
1546221711.82
1546221711.85
1546221711.89
1546221711.92
1546221711.95
1546221711.99
1546221712.02
1546221712.05
1546221712.09
1546221712.12
1546221712.15
1546221712.19
1546221712.22
1546221712.25
1546221712.29
1546221712.32
1546221712.35
1546221712.39
1546221712.42
1546221712.45
1546221712.49
1546221712.52
1546221712.55
1546221712.59
1546221712.62
1546221712.65
1546221712.69
1546221712.72
1546221712.75
1546221712.79
1546221712.82
1546221712.85
1546221712.89
1546221712.92
1546221712.95
1546221712.99
1546221713.02
1546221713.05
1546221713.09
1546221713.12
1546221713.15
1546221713.19
1546221713.22
1546221713.25
1546221713.29
1546221713.32
1546221713.35
1546221713.39
1546221713.42
1546221713.45
1546221713.49
1546221713.52
1546221713.55
1546221713.59
1546221713.62
1546221713.65
1546221713.69
1546221713.72
1546221713.75
1546221713.79
1546221713.82
1546221713.85
1546221713.89
1546221713.92
1546221713.95
1546221713.99
1546221714.02
1546221714.05
1546221714.09
1546221714.12
1546221714.15
1546221714.19
1546221714.22
1546221714.25
1546221714.29
1546221714.32
1546221714.35
1546221714.38
1546221714.42
1546221714.45
1546221714.48
1546221714.52
1546221714.55
1546221714.59
1546221714.62
1546221714.65
1546221714.68
1546221714.72
1546221714.75
1546221714.79
1546221714.82
1546221714.85
1546221714.89
1546221714.92
1546221714.95
1546221714.99
1546221715.02
1546221715.05
1546221715.09
1546221715.12
1546221715.15
1546221715.18
1546221715.22
1546221715.25
1546221715.29
1546221715.32
1546221715.35
1546221715.39
1546221715.42
1546221715.45
1546221715.48
1546221715.52
1546221715.55
1546221715.59
1546221715.62
1546221715.65
1546221715.68
1546221715.72
1546221715.75
1546221715.79
1546221715.82
1546221715.85
1546221715.88
1546221715.92
1546221715.95
1546221715.98
1546221716.02
1546221716.05
1546221716.08
1546221716.12
1546221716.15
1546221716.18
1546221716.22
1546221716.25
1546221716.29
1546221716.32
1546221716.35
1546221716.38
1546221716.42
1546221716.45
1546221716.48
1546221716.52
1546221716.55
1546221716.58
1546221716.62
1546221716.65
1546221716.68
1546221716.72
1546221716.75
1546221716.79
1546221716.82
1546221716.85
1546221716.88
1546221716.92
1546221716.95
1546221716.98
1546221717.02
1546221717.05
1546221717.08
1546221717.12
1546221717.15
1546221717.18
1546221717.22
1546221717.25
1546221717.29
1546221717.32
1546221717.35
1546221717.38
1546221717.42
1546221717.45
1546221717.48
1546221717.52
1546221717.55
1546221717.59
1546221717.62
1546221717.65
1546221717.68
1546221717.72
1546221717.75
1546221717.79
1546221717.82
1546221717.85
1546221717.88
1546221717.92
1546221717.95
1546221717.98
1546221718.02
1546221718.05
1546221718.09
1546221718.12
1546221718.15
1546221718.19
1546221718.22
1546221718.25
1546221718.29
1546221718.32
1546221718.35
1546221718.39
1546221718.42
1546221718.45
1546221718.49
1546221718.52
1546221718.55
1546221718.59
1546221718.62
1546221718.65
1546221718.69
1546221718.72
1546221718.75
1546221718.79
1546221718.82
1546221718.85
1546221718.89
1546221718.92
1546221718.95
1546221718.99
1546221719.02
1546221719.05
1546221719.09
1546221719.12
1546221719.15
1546221719.19
1546221719.22
1546221719.25
1546221719.29
1546221719.32
1546221719.35
1546221719.39
1546221719.42
1546221719.45
1546221719.49
1546221719.52
1546221719.56
1546221719.59
1546221719.62
1546221719.65
1546221719.69
1546221719.72
1546221719.76
1546221719.79
1546221719.82
1546221719.86
1546221719.89
1546221719.92
1546221719.95
1546221719.99
1546221720.02
1546221720.06
1546221720.09
1546221720.12
1546221720.16
1546221720.19
1546221720.22
1546221720.26
1546221720.29
1546221720.32
1546221720.36
1546221720.39
1546221720.42
1546221720.46
1546221720.49
1546221720.52
1546221720.56
1546221720.59
1546221720.62
1546221720.66
1546221720.69
1546221720.72
1546221720.76
1546221720.79
1546221720.82
1546221720.86
1546221720.89
1546221720.92
1546221720.96
1546221720.99
1546221721.02
1546221721.06
1546221721.09
1546221721.12
1546221721.16
1546221721.19
1546221721.22
1546221721.26
1546221721.29
1546221721.32
1546221721.35
1546221721.38
1546221721.42
1546221721.45
1546221721.48
1546221721.52
1546221721.55
1546221721.58
1546221721.62
1546221721.65
1546221721.68
1546221721.72
1546221721.75
1546221721.78
1546221721.82
1546221721.85
1546221721.88
1546221721.92
1546221721.95
1546221721.98
1546221722.02
1546221722.05
1546221722.08
1546221722.12
1546221722.15
1546221722.18
1546221722.22
1546221722.25
1546221722.28
1546221722.32
1546221722.35
1546221722.38
1546221722.42
1546221722.45
1546221722.48
1546221722.52
1546221722.55
1546221722.58
1546221722.62
1546221722.65
1546221722.68
1546221722.72
1546221722.75
1546221722.78
1546221722.82
1546221722.85
1546221722.88
1546221722.92
1546221722.95
1546221722.98
1546221723.02
1546221723.05
1546221723.08
1546221723.12
1546221723.15
1546221723.18
1546221723.22
1546221723.25
1546221723.29
1546221723.32
1546221723.35
1546221723.38
1546221723.42
1546221723.45
1546221723.48
1546221723.52
1546221723.55
1546221723.58
1546221723.62
1546221723.65
1546221723.68
1546221723.72
1546221723.75
1546221723.79
1546221723.82
1546221723.85
1546221723.88
1546221723.92
1546221723.95
1546221723.98
1546221724.02
1546221724.05
1546221724.08
1546221724.12
1546221724.15
1546221724.18
1546221724.22
1546221724.25
1546221724.29
1546221724.32
1546221724.35
1546221724.39
1546221724.42
1546221724.45
1546221724.49
1546221724.52
1546221724.55
1546221724.59
1546221724.62
1546221724.65
1546221724.69
1546221724.72
1546221724.75
1546221724.79
1546221724.82
1546221724.85
1546221724.89
1546221724.92
1546221724.95
1546221724.99
1546221725.02
1546221725.05
1546221725.09
1546221725.12
1546221725.15
1546221725.18
1546221725.22
1546221725.25
1546221725.29
1546221725.32
1546221725.35
1546221725.39
1546221725.42
1546221725.45
1546221725.49
1546221725.52
1546221725.55
1546221725.59
1546221725.62
1546221725.65
1546221725.69
1546221725.72
1546221725.75
1546221725.79
1546221725.82
1546221725.85
1546221725.89
1546221725.92
1546221725.95
1546221725.99
1546221726.02
1546221726.05
1546221726.09
1546221726.12
1546221726.15
1546221726.19
1546221726.22
1546221726.25
1546221726.29
1546221726.32
1546221726.35
1546221726.39
1546221726.42
1546221726.45
1546221726.49
1546221726.52
1546221726.55
1546221726.59
1546221726.62
1546221726.65
1546221726.69
1546221726.72
1546221726.75
1546221726.79
1546221726.82
1546221726.85
1546221726.88
1546221726.92
1546221726.95
1546221726.98
1546221727.02
1546221727.05
1546221727.09
1546221727.12
1546221727.15
1546221727.19
1546221727.22
1546221727.25
1546221727.29
1546221727.32
1546221727.35
1546221727.38
1546221727.42
1546221727.45
1546221727.48
1546221727.52
1546221727.55
1546221727.59
1546221727.62
1546221727.65
1546221727.69
1546221727.72
1546221727.75
1546221727.79
1546221727.82
1546221727.85
1546221727.89
1546221727.92
1546221727.95
1546221727.99
1546221728.02
1546221728.05
1546221728.09
1546221728.12
1546221728.15
1546221728.18
1546221728.22
1546221728.25
1546221728.29
1546221728.32
1546221728.35
1546221728.38
1546221728.42
1546221728.45
1546221728.49
1546221728.52
1546221728.55
1546221728.59
1546221728.62
1546221728.65
1546221728.68
1546221728.72
1546221728.75
1546221728.79
1546221728.82
1546221728.85
1546221728.89
1546221728.92
1546221728.95
1546221728.99
1546221729.02
1546221729.05
1546221729.09
1546221729.12
1546221729.15
1546221729.19
1546221729.22
1546221729.25
1546221729.29
1546221729.32
1546221729.35
1546221729.39
1546221729.42
1546221729.45
1546221729.49
1546221729.52
1546221729.55
1546221729.59
1546221729.62
1546221729.65
1546221729.69
1546221729.72
1546221729.75
1546221729.79
1546221729.82
1546221729.85
1546221729.88
1546221729.92
1546221729.95
1546221729.98
1546221730.02
1546221730.05
1546221730.09
1546221730.12
1546221730.15
1546221730.19
1546221730.22
1546221730.25
1546221730.29
1546221730.32
1546221730.35
1546221730.39
1546221730.42
1546221730.45
1546221730.49
1546221730.52
1546221730.55
1546221730.59
1546221730.62
1546221730.65
1546221730.69
1546221730.72
1546221730.75
1546221730.79
1546221730.82
1546221730.85
1546221730.89
1546221730.92
1546221730.95
1546221730.99
1546221731.02
1546221731.05
1546221731.09
1546221731.12
1546221731.15
1546221731.19
1546221731.22
1546221731.25
1546221731.29
1546221731.32
1546221731.35
1546221731.39
1546221731.42
1546221731.45
1546221731.49
1546221731.52
1546221731.55
1546221731.59
1546221731.62
1546221731.65
1546221731.69
1546221731.72
1546221731.75
1546221731.79
1546221731.82
1546221731.85
1546221731.89
1546221731.92
1546221731.95
1546221731.99
1546221732.02
1546221732.05
1546221732.09
1546221732.12
1546221732.15
1546221732.19
1546221732.22
1546221732.25
1546221732.29
1546221732.32
1546221732.35
1546221732.39
1546221732.42
1546221732.45
1546221732.49
1546221732.52
1546221732.55
1546221732.59
1546221732.62
1546221732.65
1546221732.69
1546221732.72
1546221732.76
1546221732.79
1546221732.82
1546221732.86
1546221732.89
1546221732.92
1546221732.95
1546221732.99
1546221733.02
1546221733.05
1546221733.09
1546221733.12
1546221733.15
1546221733.19
1546221733.22
1546221733.25
1546221733.29
1546221733.32
1546221733.35
1546221733.39
1546221733.42
1546221733.45
1546221733.49
1546221733.52
1546221733.55
1546221733.59
1546221733.62
1546221733.65
1546221733.69
1546221733.72
1546221733.75
1546221733.79
1546221733.82
1546221733.86
1546221733.89
1546221733.92
1546221733.95
1546221733.99
1546221734.02
1546221734.06
1546221734.09
1546221734.12
1546221734.15
1546221734.19
1546221734.22
1546221734.26
1546221734.29
1546221734.32
1546221734.36
1546221734.39
1546221734.42
1546221734.45
1546221734.49
1546221734.52
1546221734.56
1546221734.59
1546221734.62
1546221734.65
1546221734.69
1546221734.72
1546221734.76
1546221734.79
1546221734.82
1546221734.86
1546221734.89
1546221734.92
1546221734.95
1546221734.99
1546221735.02
1546221735.06
1546221735.09
1546221735.12
1546221735.16
1546221735.19
1546221735.22
1546221735.26
1546221735.29
1546221735.32
1546221735.36
1546221735.39
1546221735.42
1546221735.46
1546221735.49
1546221735.52
1546221735.56
1546221735.59
1546221735.62
1546221735.66
1546221735.69
1546221735.72
1546221735.76
1546221735.79
1546221735.82
1546221735.86
1546221735.89
1546221735.92
1546221735.96
1546221735.99
1546221736.02
1546221736.06
1546221736.09
1546221736.12
1546221736.15
1546221736.19
1546221736.22
1546221736.25
1546221736.29
1546221736.32
1546221736.35
1546221736.39
1546221736.42
1546221736.45
1546221736.49
1546221736.52
1546221736.55
1546221736.59
1546221736.62
1546221736.65
1546221736.69
1546221736.72
1546221736.75
1546221736.79
1546221736.82
1546221736.85
1546221736.89
1546221736.92
1546221736.95
1546221736.99
1546221737.02
1546221737.05
1546221737.09
1546221737.12
1546221737.15
1546221737.19
1546221737.22
1546221737.25
1546221737.29
1546221737.32
1546221737.35
1546221737.39
1546221737.42
1546221737.45
1546221737.49
1546221737.52
1546221737.55
1546221737.59
1546221737.62
1546221737.65
1546221737.69
1546221737.72
1546221737.76
1546221737.79
1546221737.82
1546221737.85
1546221737.89
1546221737.92
1546221737.95
1546221737.99
1546221738.02
1546221738.05
1546221738.09
1546221738.12
1546221738.15
1546221738.19
1546221738.22
1546221738.25
1546221738.29
1546221738.32
1546221738.35
1546221738.39
1546221738.42
1546221738.45
1546221738.49
1546221738.52
1546221738.55
1546221738.59
1546221738.62
1546221738.65
1546221738.69
1546221738.72
1546221738.75
1546221738.79
1546221738.82
1546221738.85
1546221738.89
1546221738.92
1546221738.95
1546221738.99
1546221739.02
1546221739.05
1546221739.09
1546221739.12
1546221739.15
1546221739.19
1546221739.22
1546221739.25
1546221739.29
1546221739.32
1546221739.35
1546221739.38
1546221739.42
1546221739.45
1546221739.49
1546221739.52
1546221739.55
1546221739.59
1546221739.62
1546221739.65
1546221739.68
1546221739.72
1546221739.75
1546221739.79
1546221739.82
1546221739.85
1546221739.88
1546221739.92
1546221739.95
1546221739.98
1546221740.02
1546221740.05
1546221740.08
1546221740.12
1546221740.15
1546221740.18
1546221740.22
1546221740.25
1546221740.29
1546221740.32
1546221740.35
1546221740.38
1546221740.42
1546221740.45
1546221740.48
1546221740.52
1546221740.55
1546221740.59
1546221740.62
1546221740.65
1546221740.68
1546221740.72
1546221740.75
1546221740.78
1546221740.82
1546221740.85
1546221740.88
1546221740.92
1546221740.95
1546221740.98
1546221741.02
1546221741.05
1546221741.09
1546221741.12
1546221741.15
1546221741.18
1546221741.22
1546221741.25
1546221741.29
1546221741.32
1546221741.35
1546221741.39
1546221741.42
1546221741.45
1546221741.49
1546221741.52
1546221741.55
1546221741.59
1546221741.62
1546221741.65
1546221741.69
1546221741.72
1546221741.75
1546221741.79
1546221741.82
1546221741.86
1546221741.89
1546221741.92
1546221741.95
1546221741.99
1546221742.02
1546221742.05
1546221742.09
1546221742.12
1546221742.15
1546221742.19
1546221742.22
1546221742.25
1546221742.29
1546221742.32
1546221742.35
1546221742.39
1546221742.42
1546221742.45
1546221742.49
1546221742.52
1546221742.56
1546221742.59
1546221742.62
1546221742.65
1546221742.69
1546221742.72
1546221742.76
1546221742.79
1546221742.82
1546221742.86
1546221742.89
1546221742.92
1546221742.95
1546221742.99
1546221743.02
1546221743.06
1546221743.09
1546221743.12
1546221743.15
1546221743.19
1546221743.22
1546221743.26
1546221743.29
1546221743.32
1546221743.36
1546221743.39
1546221743.42
1546221743.45
1546221743.49
1546221743.52
1546221743.56
1546221743.59
1546221743.62
1546221743.65
1546221743.69
1546221743.72
1546221743.76
1546221743.79
1546221743.82
1546221743.86
1546221743.89
1546221743.92
1546221743.95
1546221743.99
1546221744.02
1546221744.05
1546221744.09
1546221744.12
1546221744.15
1546221744.19
1546221744.22
1546221744.26
1546221744.29
1546221744.32
1546221744.36
1546221744.39
1546221744.42
1546221744.45
1546221744.49
1546221744.52
1546221744.56
1546221744.59
1546221744.62
1546221744.66
1546221744.69
1546221744.72
1546221744.76
1546221744.79
1546221744.82
1546221744.86
1546221744.89
1546221744.92
1546221744.96
1546221744.99
1546221745.02
1546221745.06
1546221745.09
1546221745.12
1546221745.15
1546221745.19
1546221745.22
1546221745.26
1546221745.29
1546221745.32
1546221745.35
1546221745.38
1546221745.41
1546221745.45
1546221745.48
1546221745.52
1546221745.55
1546221745.58
1546221745.61
1546221745.65
1546221745.68
1546221745.71
1546221745.75
1546221745.78
1546221745.81
1546221745.85
1546221745.88
1546221745.91
1546221745.95
1546221745.98
1546221746.01
1546221746.05
1546221746.08
1546221746.11
1546221746.15
1546221746.18
1546221746.21
1546221746.25
1546221746.28
1546221746.32
1546221746.35
1546221746.38
1546221746.41
1546221746.45
1546221746.48
1546221746.52
1546221746.55
1546221746.58
1546221746.61
1546221746.65
1546221746.68
1546221746.71
1546221746.75
1546221746.78
1546221746.81
1546221746.85
1546221746.88
1546221746.91
1546221746.95
1546221746.98
1546221747.01
1546221747.05
1546221747.08
1546221747.11
1546221747.15
1546221747.18
1546221747.21
1546221747.25
1546221747.28
1546221747.31
1546221747.35
1546221747.38
1546221747.41
1546221747.44
1546221747.48
1546221747.51
1546221747.55
1546221747.58
1546221747.61
1546221747.64
1546221747.68
1546221747.71
1546221747.75
1546221747.78
1546221747.81
1546221747.85
1546221747.88
1546221747.91
1546221747.95
1546221747.98
1546221748.01
1546221748.05
1546221748.08
1546221748.11
1546221748.14
1546221748.18
1546221748.21
1546221748.24
1546221748.28
1546221748.31
1546221748.34
1546221748.38
1546221748.41
1546221748.44
1546221748.48
1546221748.51
1546221748.54
1546221748.58
1546221748.61
1546221748.64
1546221748.68
1546221748.71
1546221748.74
1546221748.78
1546221748.81
1546221748.85
1546221748.88
1546221748.91
1546221748.94
1546221748.98
1546221749.01
1546221749.05
1546221749.08
1546221749.11
1546221749.14
1546221749.18
1546221749.21
1546221749.24
1546221749.28
1546221749.31
1546221749.34
1546221749.38
