1546147618.63
1546147618.79
1546147618.83
1546147618.86
1546147618.89
1546147618.92
1546147618.95
1546147618.98
1546147619.02
1546147619.05
1546147619.09
1546147619.12
1546147619.15
1546147619.19
1546147619.22
1546147619.25
1546147619.29
1546147619.32
1546147619.35
1546147619.39
1546147619.42
1546147619.45
1546147619.48
1546147619.52
1546147619.55
1546147619.59
1546147619.62
1546147619.65
1546147619.68
1546147619.72
1546147619.75
1546147619.79
1546147619.82
1546147619.85
1546147619.89
1546147619.92
1546147619.95
1546147619.98
1546147620.02
1546147620.05
1546147620.09
1546147620.12
1546147620.15
1546147620.18
1546147620.22
1546147620.25
1546147620.29
1546147620.32
1546147620.35
1546147620.38
1546147620.42
1546147620.45
1546147620.48
1546147620.52
1546147620.55
1546147620.58
1546147620.62
1546147620.65
1546147620.68
1546147620.72
1546147620.75
1546147620.78
1546147620.82
1546147620.85
1546147620.88
1546147620.92
1546147620.95
1546147620.98
1546147621.02
1546147621.05
1546147621.08
1546147621.12
1546147621.15
1546147621.18
1546147621.22
1546147621.25
1546147621.28
1546147621.32
1546147621.35
1546147621.38
1546147621.42
1546147621.45
1546147621.48
1546147621.52
1546147621.55
1546147621.58
1546147621.62
1546147621.65
1546147621.68
1546147621.72
1546147621.75
1546147621.78
1546147621.82
1546147621.85
1546147621.88
1546147621.92
1546147621.95
1546147621.98
1546147622.02
1546147622.05
1546147622.09
1546147622.12
1546147622.15
1546147622.18
1546147622.22
1546147622.25
1546147622.28
1546147622.32
1546147622.35
1546147622.38
1546147622.42
1546147622.45
1546147622.48
1546147622.52
1546147622.55
1546147622.59
1546147622.62
1546147622.65
1546147622.68
1546147622.72
1546147622.75
1546147622.79
1546147622.82
1546147622.85
1546147622.88
1546147622.92
1546147622.95
1546147622.98
1546147623.02
1546147623.05
1546147623.09
1546147623.12
1546147623.15
1546147623.18
1546147623.22
1546147623.25
1546147623.29
1546147623.32
1546147623.35
1546147623.38
1546147623.42
1546147623.45
1546147623.48
1546147623.52
1546147623.55
1546147623.59
1546147623.62
1546147623.65
1546147623.68
1546147623.72
1546147623.75
1546147623.78
1546147623.82
1546147623.85
1546147623.88
1546147623.92
1546147623.95
1546147623.98
1546147624.02
1546147624.05
1546147624.09
1546147624.12
1546147624.15
1546147624.18
1546147624.22
1546147624.25
1546147624.28
1546147624.32
1546147624.35
1546147624.38
1546147624.42
1546147624.45
1546147624.48
1546147624.52
1546147624.55
1546147624.58
1546147624.62
1546147624.65
1546147624.68
1546147624.72
1546147624.75
1546147624.78
1546147624.82
1546147624.85
1546147624.88
1546147624.92
1546147624.95
1546147624.98
1546147625.02
1546147625.05
1546147625.08
1546147625.12
1546147625.15
1546147625.18
1546147625.22
1546147625.25
1546147625.28
1546147625.32
1546147625.35
1546147625.38
1546147625.42
1546147625.45
1546147625.48
1546147625.52
1546147625.55
1546147625.58
1546147625.62
1546147625.65
1546147625.68
1546147625.72
1546147625.75
1546147625.79
1546147625.82
1546147625.85
1546147625.88
1546147625.92
1546147625.95
1546147625.99
1546147626.02
1546147626.05
1546147626.09
1546147626.12
1546147626.15
1546147626.18
1546147626.22
1546147626.25
1546147626.28
1546147626.32
1546147626.35
1546147626.38
1546147626.42
1546147626.45
1546147626.48
1546147626.52
1546147626.55
1546147626.59
1546147626.62
1546147626.65
1546147626.68
1546147626.72
1546147626.75
1546147626.79
1546147626.82
1546147626.85
1546147626.88
1546147626.92
1546147626.95
1546147626.98
1546147627.02
1546147627.05
1546147627.09
1546147627.12
1546147627.15
1546147627.18
1546147627.22
1546147627.25
1546147627.29
1546147627.32
1546147627.35
1546147627.39
1546147627.42
1546147627.45
1546147627.49
1546147627.52
1546147627.55
1546147627.59
1546147627.62
1546147627.65
1546147627.69
1546147627.72
1546147627.75
1546147627.79
1546147627.82
1546147627.85
1546147627.89
1546147627.92
1546147627.95
1546147627.99
1546147628.02
1546147628.05
1546147628.09
1546147628.12
1546147628.15
1546147628.18
1546147628.22
1546147628.25
1546147628.29
1546147628.32
1546147628.35
1546147628.39
1546147628.42
1546147628.45
1546147628.49
1546147628.52
1546147628.55
1546147628.59
1546147628.62
1546147628.65
1546147628.69
1546147628.72
1546147628.75
1546147628.79
1546147628.82
1546147628.85
1546147628.89
1546147628.92
1546147628.95
1546147628.99
1546147629.02
1546147629.05
1546147629.09
1546147629.12
1546147629.15
1546147629.19
1546147629.22
1546147629.26
1546147629.29
1546147629.32
1546147629.36
1546147629.39
1546147629.42
1546147629.45
1546147629.49
1546147629.52
1546147629.56
1546147629.59
1546147629.62
1546147629.66
1546147629.69
1546147629.72
1546147629.76
1546147629.79
1546147629.82
1546147629.86
1546147629.89
1546147629.92
1546147629.96
1546147629.99
1546147630.02
1546147630.06
1546147630.09
1546147630.12
1546147630.16
1546147630.19
1546147630.22
1546147630.26
1546147630.29
1546147630.32
1546147630.36
1546147630.39
1546147630.42
1546147630.46
1546147630.49
1546147630.52
1546147630.56
1546147630.59
1546147630.62
1546147630.66
1546147630.69
1546147630.72
1546147630.76
1546147630.79
1546147630.82
1546147630.86
1546147630.89
1546147630.92
1546147630.96
1546147630.99
1546147631.03
1546147631.06
1546147631.09
1546147631.12
1546147631.16
1546147631.19
1546147631.22
1546147631.26
1546147631.29
1546147631.32
1546147631.36
1546147631.39
1546147631.42
1546147631.45
1546147631.48
1546147631.52
1546147631.55
1546147631.58
1546147631.62
1546147631.65
1546147631.68
1546147631.71
1546147631.75
1546147631.78
1546147631.82
1546147631.85
1546147631.88
1546147631.92
1546147631.95
1546147631.98
1546147632.02
1546147632.05
1546147632.08
1546147632.12
1546147632.15
1546147632.18
1546147632.21
1546147632.25
1546147632.28
1546147632.32
1546147632.35
1546147632.38
1546147632.41
1546147632.45
1546147632.48
1546147632.52
1546147632.55
1546147632.58
1546147632.62
1546147632.65
1546147632.68
1546147632.71
1546147632.75
1546147632.78
1546147632.82
1546147632.85
1546147632.88
1546147632.91
1546147632.95
1546147632.98
1546147633.02
1546147633.05
1546147633.08
1546147633.11
1546147633.15
1546147633.18
1546147633.21
1546147633.25
1546147633.28
1546147633.31
1546147633.35
1546147633.38
1546147633.41
1546147633.45
1546147633.48
1546147633.52
1546147633.55
1546147633.58
1546147633.61
1546147633.65
1546147633.68
1546147633.71
1546147633.75
1546147633.78
1546147633.82
1546147633.85
1546147633.88
1546147633.91
1546147633.95
1546147633.98
1546147634.01
1546147634.05
1546147634.08
1546147634.11
1546147634.15
1546147634.18
1546147634.21
1546147634.25
1546147634.28
1546147634.31
1546147634.35
1546147634.38
1546147634.41
1546147634.45
1546147634.48
1546147634.52
1546147634.55
1546147634.58
1546147634.61
1546147634.65
1546147634.68
1546147634.71
1546147634.75
1546147634.78
1546147634.81
1546147634.85
1546147634.88
1546147634.91
1546147634.95
1546147634.98
1546147635.01
1546147635.05
1546147635.08
1546147635.11
1546147635.15
1546147635.18
1546147635.21
1546147635.25
1546147635.28
1546147635.31
1546147635.35
1546147635.38
1546147635.41
1546147635.45
1546147635.48
1546147635.51
1546147635.55
1546147635.58
1546147635.61
1546147635.65
1546147635.68
1546147635.71
1546147635.75
1546147635.78
1546147635.81
1546147635.85
1546147635.88
1546147635.91
1546147635.95
1546147635.98
1546147636.01
1546147636.05
1546147636.08
1546147636.11
1546147636.15
1546147636.18
1546147636.21
1546147636.25
1546147636.28
1546147636.31
1546147636.35
1546147636.38
1546147636.41
1546147636.45
1546147636.48
1546147636.51
1546147636.55
1546147636.58
1546147636.61
1546147636.65
1546147636.68
1546147636.71
1546147636.75
1546147636.78
1546147636.81
1546147636.85
1546147636.88
1546147636.91
1546147636.95
1546147636.98
1546147637.01
1546147637.05
1546147637.08
1546147637.11
1546147637.15
1546147637.18
1546147637.21
1546147637.25
1546147637.28
1546147637.31
1546147637.35
1546147637.38
1546147637.41
1546147637.45
1546147637.48
1546147637.51
1546147637.55
1546147637.58
1546147637.61
1546147637.65
1546147637.68
1546147637.71
1546147637.75
1546147637.78
1546147637.81
1546147637.85
1546147637.88
1546147637.91
1546147637.95
1546147637.98
1546147638.01
1546147638.05
1546147638.08
1546147638.11
1546147638.15
1546147638.18
1546147638.21
1546147638.25
1546147638.28
1546147638.31
1546147638.35
1546147638.38
1546147638.41
1546147638.45
1546147638.48
1546147638.51
1546147638.55
1546147638.58
1546147638.61
1546147638.65
1546147638.68
1546147638.71
1546147638.75
1546147638.78
1546147638.81
1546147638.85
1546147638.88
1546147638.91
1546147638.95
1546147638.98
1546147639.01
1546147639.05
1546147639.08
1546147639.11
1546147639.14
1546147639.18
1546147639.21
1546147639.24
1546147639.28
1546147639.31
1546147639.35
1546147639.38
1546147639.41
1546147639.44
1546147639.48
1546147639.51
1546147639.55
1546147639.58
1546147639.61
1546147639.64
1546147639.68
1546147639.71
1546147639.74
1546147639.78
1546147639.81
1546147639.85
1546147639.88
1546147639.91
1546147639.94
1546147639.98
1546147640.01
1546147640.05
1546147640.08
1546147640.11
1546147640.14
1546147640.18
1546147640.21
1546147640.24
1546147640.28
1546147640.31
1546147640.35
1546147640.38
1546147640.41
1546147640.44
1546147640.48
1546147640.51
1546147640.55
1546147640.58
1546147640.61
1546147640.65
1546147640.68
1546147640.71
1546147640.75
1546147640.78
1546147640.81
1546147640.85
1546147640.88
1546147640.91
1546147640.95
1546147640.98
1546147641.01
1546147641.05
1546147641.08
1546147641.11
1546147641.14
1546147641.18
1546147641.21
1546147641.24
1546147641.28
1546147641.31
1546147641.35
1546147641.38
1546147641.41
1546147641.44
1546147641.48
1546147641.51
1546147641.54
1546147641.58
1546147641.61
1546147641.64
1546147641.68
1546147641.71
1546147641.74
1546147641.78
1546147641.81
1546147641.84
1546147641.88
1546147641.91
1546147641.94
1546147641.98
1546147642.01
1546147642.04
1546147642.08
1546147642.11
1546147642.14
1546147642.18
1546147642.21
1546147642.25
1546147642.28
1546147642.31
1546147642.35
1546147642.38
1546147642.41
1546147642.44
1546147642.48
1546147642.51
1546147642.55
1546147642.58
1546147642.61
1546147642.64
1546147642.68
1546147642.71
1546147642.75
1546147642.78
1546147642.81
1546147642.85
1546147642.88
1546147642.91
1546147642.94
1546147642.98
1546147643.01
1546147643.05
1546147643.08
1546147643.11
1546147643.14
1546147643.18
1546147643.21
1546147643.24
1546147643.28
1546147643.31
1546147643.34
1546147643.38
1546147643.41
1546147643.44
1546147643.48
1546147643.51
1546147643.54
1546147643.58
1546147643.61
1546147643.64
1546147643.68
1546147643.71
1546147643.74
1546147643.78
1546147643.81
1546147643.84
1546147643.88
1546147643.91
1546147643.94
1546147643.98
1546147644.01
1546147644.04
1546147644.08
1546147644.11
1546147644.14
1546147644.18
1546147644.21
1546147644.24
1546147644.28
1546147644.31
1546147644.34
1546147644.38
1546147644.41
1546147644.44
1546147644.48
1546147644.51
1546147644.54
1546147644.58
1546147644.61
1546147644.64
1546147644.68
1546147644.71
1546147644.74
1546147644.78
1546147644.81
1546147644.84
1546147644.88
1546147644.91
1546147644.94
1546147644.98
1546147645.01
1546147645.04
1546147645.08
1546147645.11
1546147645.14
1546147645.18
1546147645.21
1546147645.24
1546147645.28
1546147645.31
1546147645.34
1546147645.38
1546147645.41
1546147645.44
1546147645.48
1546147645.51
1546147645.54
1546147645.58
1546147645.61
1546147645.64
1546147645.68
1546147645.71
1546147645.74
1546147645.78
1546147645.81
1546147645.85
1546147645.88
1546147645.91
1546147645.94
1546147645.98
1546147646.01
1546147646.05
1546147646.08
1546147646.11
1546147646.14
1546147646.18
1546147646.21
1546147646.24
1546147646.28
1546147646.31
1546147646.35
1546147646.38
1546147646.41
1546147646.44
1546147646.48
1546147646.51
1546147646.54
1546147646.58
1546147646.61
1546147646.64
1546147646.68
1546147646.71
1546147646.74
1546147646.78
1546147646.81
1546147646.85
1546147646.88
1546147646.91
1546147646.95
1546147646.98
1546147647.01
1546147647.05
1546147647.08
1546147647.11
1546147647.15
1546147647.18
1546147647.21
1546147647.25
1546147647.28
1546147647.31
1546147647.35
1546147647.38
1546147647.41
1546147647.44
1546147647.48
1546147647.51
1546147647.55
1546147647.58
1546147647.61
1546147647.64
1546147647.68
1546147647.71
1546147647.74
1546147647.78
1546147647.81
1546147647.85
1546147647.88
1546147647.91
1546147647.94
1546147647.98
1546147648.01
1546147648.05
1546147648.08
1546147648.11
1546147648.15
1546147648.18
1546147648.21
1546147648.25
1546147648.28
1546147648.31
1546147648.35
1546147648.38
1546147648.41
1546147648.45
1546147648.48
1546147648.51
1546147648.55
1546147648.58
1546147648.61
1546147648.65
1546147648.68
1546147648.71
1546147648.75
1546147648.78
1546147648.81
1546147648.85
1546147648.88
1546147648.91
1546147648.94
1546147648.98
1546147649.01
1546147649.05
1546147649.08
1546147649.11
1546147649.14
1546147649.18
1546147649.21
1546147649.24
1546147649.28
1546147649.31
1546147649.34
1546147649.38
1546147649.41
1546147649.44
1546147649.48
1546147649.51
1546147649.55
1546147649.58
1546147649.61
1546147649.64
1546147649.68
1546147649.71
1546147649.74
1546147649.78
1546147649.81
1546147649.85
1546147649.88
1546147649.91
1546147649.94
1546147649.98
1546147650.01
1546147650.05
1546147650.08
1546147650.11
1546147650.14
1546147650.18
1546147650.21
1546147650.25
1546147650.28
1546147650.31
1546147650.35
1546147650.38
1546147650.41
1546147650.44
1546147650.48
1546147650.51
1546147650.55
1546147650.58
1546147650.61
1546147650.65
1546147650.68
1546147650.71
1546147650.75
1546147650.78
1546147650.81
1546147650.85
1546147650.88
1546147650.91
1546147650.94
1546147650.98
1546147651.01
1546147651.05
1546147651.08
1546147651.11
1546147651.15
1546147651.18
1546147651.21
1546147651.24
1546147651.28
1546147651.31
1546147651.35
1546147651.38
1546147651.41
1546147651.44
1546147651.48
1546147651.51
1546147651.55
1546147651.58
1546147651.61
1546147651.65
1546147651.68
1546147651.71
1546147651.75
1546147651.78
1546147651.81
1546147651.85
1546147651.88
1546147651.91
1546147651.95
1546147651.98
1546147652.01
1546147652.05
1546147652.08
1546147652.11
1546147652.15
1546147652.18
1546147652.21
1546147652.25
1546147652.28
1546147652.32
1546147652.35
1546147652.38
1546147652.41
1546147652.45
1546147652.48
1546147652.52
1546147652.55
1546147652.58
1546147652.62
1546147652.65
1546147652.68
1546147652.72
1546147652.75
1546147652.78
1546147652.82
1546147652.85
1546147652.88
1546147652.92
1546147652.95
1546147652.98
1546147653.02
1546147653.05
1546147653.08
1546147653.12
1546147653.15
1546147653.18
1546147653.22
1546147653.25
1546147653.28
1546147653.32
1546147653.35
1546147653.38
1546147653.42
1546147653.45
1546147653.48
1546147653.52
1546147653.55
1546147653.58
1546147653.62
1546147653.65
1546147653.68
1546147653.72
1546147653.75
1546147653.78
1546147653.82
1546147653.85
1546147653.88
1546147653.92
1546147653.95
1546147653.98
1546147654.02
1546147654.05
1546147654.08
1546147654.12
1546147654.15
1546147654.18
1546147654.22
1546147654.25
1546147654.28
1546147654.32
1546147654.35
1546147654.38
1546147654.42
1546147654.45
1546147654.48
1546147654.52
1546147654.55
1546147654.58
1546147654.62
1546147654.65
1546147654.68
1546147654.72
1546147654.75
1546147654.78
1546147654.82
1546147654.85
1546147654.88
1546147654.92
1546147654.95
1546147654.98
1546147655.02
1546147655.05
1546147655.08
1546147655.11
1546147655.14
1546147655.18
1546147655.21
1546147655.24
1546147655.28
1546147655.31
1546147655.34
1546147655.38
1546147655.41
1546147655.44
1546147655.48
1546147655.51
1546147655.54
1546147655.58
1546147655.61
1546147655.64
1546147655.68
1546147655.71
1546147655.74
1546147655.78
1546147655.81
1546147655.84
1546147655.88
1546147655.91
1546147655.94
1546147655.97
1546147656.01
1546147656.04
1546147656.08
1546147656.11
1546147656.14
1546147656.17
1546147656.21
1546147656.24
1546147656.28
1546147656.31
1546147656.34
1546147656.37
1546147656.41
1546147656.44
1546147656.47
1546147656.51
1546147656.54
1546147656.58
1546147656.61
1546147656.64
1546147656.67
1546147656.71
1546147656.74
1546147656.78
1546147656.81
1546147656.84
1546147656.88
1546147656.91
1546147656.94
1546147656.97
1546147657.01
1546147657.04
1546147657.08
1546147657.11
1546147657.14
1546147657.17
1546147657.21
1546147657.24
1546147657.28
1546147657.31
1546147657.34
1546147657.38
1546147657.41
1546147657.44
1546147657.47
1546147657.51
1546147657.54
1546147657.58
1546147657.61
1546147657.64
1546147657.67
1546147657.71
1546147657.74
1546147657.78
1546147657.81
1546147657.84
1546147657.88
1546147657.91
1546147657.94
1546147657.97
1546147658.01
1546147658.04
1546147658.07
1546147658.11
1546147658.14
1546147658.17
1546147658.21
1546147658.24
1546147658.27
1546147658.31
1546147658.34
1546147658.37
1546147658.41
1546147658.44
1546147658.47
1546147658.51
1546147658.54
1546147658.57
1546147658.61
1546147658.64
1546147658.67
1546147658.71
1546147658.74
1546147658.78
1546147658.81
1546147658.84
1546147658.88
1546147658.91
1546147658.94
1546147658.97
1546147659.01
1546147659.04
1546147659.08
1546147659.11
1546147659.14
1546147659.18
1546147659.21
1546147659.24
1546147659.28
1546147659.31
1546147659.34
1546147659.38
1546147659.41
1546147659.44
1546147659.48
1546147659.51
1546147659.54
1546147659.58
1546147659.61
1546147659.64
1546147659.67
1546147659.71
1546147659.74
1546147659.77
1546147659.81
1546147659.84
1546147659.87
1546147659.91
1546147659.94
1546147659.97
1546147660.01
1546147660.04
1546147660.08
1546147660.11
1546147660.14
1546147660.17
1546147660.21
1546147660.24
1546147660.28
1546147660.31
1546147660.34
1546147660.38
1546147660.41
1546147660.44
1546147660.47
1546147660.51
1546147660.54
1546147660.58
1546147660.61
1546147660.64
1546147660.67
1546147660.71
1546147660.74
1546147660.78
1546147660.81
1546147660.84
1546147660.88
1546147660.91
1546147660.94
1546147660.98
1546147661.01
1546147661.04
1546147661.08
1546147661.11
1546147661.14
1546147661.18
1546147661.21
1546147661.24
1546147661.28
1546147661.31
1546147661.34
1546147661.38
1546147661.41
1546147661.44
1546147661.47
1546147661.51
1546147661.54
1546147661.58
1546147661.61
1546147661.64
1546147661.67
1546147661.71
1546147661.74
1546147661.78
1546147661.81
1546147661.84
1546147661.88
1546147661.91
1546147661.94
1546147661.98
1546147662.01
1546147662.04
1546147662.08
1546147662.11
1546147662.14
1546147662.18
1546147662.21
1546147662.24
1546147662.28
1546147662.31
1546147662.34
1546147662.38
1546147662.41
1546147662.44
1546147662.47
1546147662.51
1546147662.54
1546147662.58
1546147662.61
1546147662.64
1546147662.67
1546147662.71
1546147662.74
1546147662.78
1546147662.81
1546147662.84
1546147662.87
1546147662.91
1546147662.94
1546147662.97
1546147663.01
1546147663.04
1546147663.08
1546147663.11
1546147663.14
1546147663.17
1546147663.21
1546147663.24
1546147663.27
1546147663.31
1546147663.34
1546147663.38
1546147663.41
1546147663.44
1546147663.47
1546147663.51
1546147663.54
1546147663.58
1546147663.61
1546147663.64
1546147663.67
1546147663.71
1546147663.74
1546147663.78
1546147663.81
1546147663.84
1546147663.87
1546147663.91
1546147663.94
1546147663.97
1546147664.01
1546147664.04
1546147664.08
1546147664.11
1546147664.14
1546147664.17
1546147664.21
1546147664.24
1546147664.27
1546147664.31
1546147664.34
1546147664.37
1546147664.41
1546147664.44
1546147664.47
1546147664.51
1546147664.54
1546147664.57
1546147664.61
1546147664.64
1546147664.67
1546147664.71
1546147664.74
1546147664.78
1546147664.81
1546147664.84
1546147664.88
1546147664.91
1546147664.94
1546147664.97
1546147665.01
1546147665.04
1546147665.08
1546147665.11
1546147665.14
1546147665.17
1546147665.21
1546147665.24
1546147665.28
1546147665.31
1546147665.34
1546147665.38
1546147665.41
1546147665.44
1546147665.48
1546147665.51
1546147665.54
1546147665.58
1546147665.61
1546147665.64
1546147665.67
1546147665.71
1546147665.74
1546147665.78
1546147665.81
1546147665.84
1546147665.88
1546147665.91
1546147665.94
1546147665.98
1546147666.01
1546147666.04
1546147666.08
1546147666.11
1546147666.14
1546147666.17
1546147666.21
1546147666.24
1546147666.28
1546147666.31
1546147666.34
1546147666.38
1546147666.41
1546147666.44
1546147666.48
1546147666.51
1546147666.54
1546147666.58
1546147666.61
1546147666.64
1546147666.67
1546147666.71
1546147666.74
1546147666.77
1546147666.81
1546147666.84
1546147666.87
1546147666.91
1546147666.94
1546147666.97
1546147667.01
1546147667.04
1546147667.07
1546147667.11
1546147667.14
1546147667.17
1546147667.21
1546147667.24
1546147667.27
1546147667.31
1546147667.34
1546147667.37
1546147667.41
1546147667.44
1546147667.47
1546147667.51
1546147667.54
1546147667.57
1546147667.61
1546147667.64
1546147667.67
1546147667.71
1546147667.74
1546147667.78
1546147667.81
1546147667.84
1546147667.87
1546147667.91
1546147667.94
1546147667.97
1546147668.01
1546147668.04
1546147668.08
1546147668.11
1546147668.14
1546147668.17
1546147668.21
1546147668.24
1546147668.27
1546147668.31
1546147668.34
1546147668.38
1546147668.41
1546147668.44
1546147668.47
1546147668.51
1546147668.54
1546147668.57
1546147668.61
1546147668.64
1546147668.67
1546147668.71
1546147668.74
1546147668.77
1546147668.81
1546147668.84
1546147668.87
1546147668.91
1546147668.94
1546147668.97
1546147669.01
1546147669.04
1546147669.07
1546147669.11
1546147669.14
1546147669.17
1546147669.21
1546147669.24
1546147669.27
1546147669.31
1546147669.34
1546147669.37
1546147669.41
1546147669.44
1546147669.47
1546147669.51
1546147669.54
1546147669.57
1546147669.61
1546147669.64
1546147669.67
1546147669.71
1546147669.74
1546147669.77
1546147669.81
1546147669.84
1546147669.87
1546147669.91
1546147669.94
1546147669.97
1546147670.01
1546147670.04
1546147670.07
1546147670.11
1546147670.14
1546147670.17
1546147670.21
1546147670.24
1546147670.27
1546147670.31
1546147670.34
1546147670.37
1546147670.41
1546147670.44
1546147670.47
1546147670.51
1546147670.54
1546147670.57
1546147670.61
1546147670.64
1546147670.67
1546147670.71
1546147670.74
1546147670.77
1546147670.81
1546147670.84
1546147670.87
1546147670.91
1546147670.94
1546147670.97
1546147671.01
1546147671.04
1546147671.07
1546147671.11
1546147671.14
1546147671.17
1546147671.21
1546147671.24
1546147671.27
1546147671.31
1546147671.34
1546147671.37
1546147671.41
1546147671.44
1546147671.47
1546147671.51
1546147671.54
1546147671.57
1546147671.61
1546147671.64
1546147671.67
1546147671.71
1546147671.74
1546147671.77
1546147671.81
1546147671.84
1546147671.87
1546147671.91
1546147671.94
1546147671.97
1546147672.01
1546147672.04
1546147672.07
1546147672.11
1546147672.14
1546147672.17
1546147672.21
1546147672.24
1546147672.27
1546147672.31
1546147672.34
1546147672.37
1546147672.4
1546147672.44
1546147672.47
1546147672.51
1546147672.54
1546147672.57
1546147672.6
1546147672.64
1546147672.67
1546147672.7
1546147672.74
1546147672.77
1546147672.81
1546147672.84
1546147672.87
1546147672.9
1546147672.94
1546147672.97
1546147673.01
1546147673.04
1546147673.07
1546147673.11
1546147673.14
1546147673.17
1546147673.2
1546147673.24
1546147673.27
1546147673.31
1546147673.34
1546147673.37
1546147673.4
1546147673.44
1546147673.47
1546147673.51
1546147673.54
1546147673.57
1546147673.61
1546147673.64
1546147673.67
1546147673.71
1546147673.74
1546147673.77
1546147673.81
1546147673.84
1546147673.87
1546147673.91
1546147673.94
1546147673.97
1546147674.01
1546147674.04
1546147674.07
1546147674.11
1546147674.14
1546147674.17
1546147674.21
1546147674.24
1546147674.27
1546147674.31
1546147674.34
1546147674.37
1546147674.41
1546147674.44
1546147674.47
1546147674.51
1546147674.54
1546147674.57
1546147674.61
1546147674.64
1546147674.67
1546147674.71
1546147674.74
1546147674.77
1546147674.81
1546147674.84
1546147674.87
1546147674.91
1546147674.94
1546147674.97
1546147675.01
1546147675.04
1546147675.07
1546147675.11
1546147675.14
1546147675.17
1546147675.21
1546147675.24
1546147675.27
1546147675.31
1546147675.34
1546147675.37
1546147675.41
1546147675.44
1546147675.47
1546147675.51
1546147675.54
1546147675.57
1546147675.61
1546147675.64
1546147675.67
1546147675.71
1546147675.74
1546147675.78
1546147675.81
1546147675.84
1546147675.87
1546147675.91
1546147675.94
1546147675.97
1546147676.01
1546147676.04
1546147676.08
1546147676.11
1546147676.14
1546147676.17
1546147676.21
1546147676.24
1546147676.28
1546147676.31
1546147676.34
1546147676.37
1546147676.41
1546147676.44
1546147676.47
1546147676.51
1546147676.54
1546147676.58
1546147676.61
1546147676.64
1546147676.68
1546147676.71
1546147676.74
1546147676.78
1546147676.81
1546147676.84
1546147676.87
1546147676.91
1546147676.94
1546147676.97
1546147677.01
1546147677.04
1546147677.08
1546147677.11
1546147677.14
1546147677.18
1546147677.21
1546147677.24
1546147677.28
1546147677.31
1546147677.34
1546147677.38
1546147677.41
1546147677.44
1546147677.48
1546147677.51
1546147677.54
1546147677.58
1546147677.61
1546147677.64
1546147677.68
1546147677.71
1546147677.74
1546147677.78
1546147677.81
1546147677.84
1546147677.88
1546147677.91
1546147677.94
1546147677.98
1546147678.01
1546147678.04
1546147678.08
1546147678.11
1546147678.14
1546147678.17
1546147678.21
1546147678.24
1546147678.28
1546147678.31
1546147678.34
1546147678.38
1546147678.41
1546147678.44
1546147678.48
1546147678.51
1546147678.54
1546147678.58
1546147678.61
1546147678.64
1546147678.67
1546147678.7
1546147678.73
1546147678.77
1546147678.8
1546147678.83
1546147678.87
1546147678.9
1546147678.93
1546147678.97
1546147679.0
1546147679.04
1546147679.07
1546147679.1
1546147679.13
1546147679.17
1546147679.2
1546147679.23
1546147679.27
1546147679.3
1546147679.34
1546147679.37
1546147679.4
1546147679.43
1546147679.47
1546147679.5
1546147679.54
1546147679.57
1546147679.6
1546147679.64
1546147679.67
1546147679.7
1546147679.74
1546147679.77
1546147679.8
1546147679.84
1546147679.87
1546147679.9
1546147679.94
1546147679.97
1546147680.0
1546147680.04
1546147680.07
1546147680.1
1546147680.14
1546147680.17
1546147680.2
1546147680.24
1546147680.27
1546147680.3
1546147680.34
1546147680.37
1546147680.4
1546147680.44
1546147680.47
1546147680.5
1546147680.54
1546147680.57
1546147680.6
1546147680.64
1546147680.67
1546147680.7
1546147680.74
1546147680.77
1546147680.8
1546147680.84
1546147680.87
1546147680.9
1546147680.94
1546147680.97
1546147681.0
1546147681.04
1546147681.07
1546147681.1
1546147681.14
1546147681.17
1546147681.2
1546147681.24
1546147681.27
1546147681.3
1546147681.34
1546147681.37
1546147681.4
1546147681.44
1546147681.47
1546147681.5
1546147681.54
1546147681.57
1546147681.61
1546147681.64
1546147681.67
1546147681.71
1546147681.74
1546147681.77
1546147681.81
1546147681.84
1546147681.87
1546147681.9
1546147681.94
1546147681.97
1546147682.01
1546147682.04
1546147682.07
1546147682.11
1546147682.14
1546147682.17
1546147682.2
1546147682.24
1546147682.27
1546147682.31
1546147682.34
1546147682.37
1546147682.4
1546147682.44
1546147682.47
1546147682.5
1546147682.54
1546147682.57
1546147682.6
1546147682.64
1546147682.67
1546147682.7
1546147682.74
1546147682.77
1546147682.81
1546147682.84
1546147682.87
1546147682.9
1546147682.94
1546147682.97
1546147683.01
1546147683.04
1546147683.07
1546147683.11
1546147683.14
1546147683.17
1546147683.2
1546147683.24
1546147683.27
1546147683.31
1546147683.34
1546147683.37
1546147683.41
1546147683.44
1546147683.47
1546147683.51
1546147683.54
1546147683.57
1546147683.61
1546147683.64
1546147683.67
1546147683.71
1546147683.74
1546147683.77
1546147683.81
1546147683.84
1546147683.87
1546147683.91
1546147683.94
1546147683.97
1546147684.01
1546147684.04
1546147684.07
1546147684.11
1546147684.14
1546147684.17
1546147684.2
1546147684.24
1546147684.27
1546147684.31
1546147684.34
1546147684.37
1546147684.4
1546147684.44
1546147684.47
1546147684.51
1546147684.54
1546147684.57
1546147684.61
1546147684.64
1546147684.67
1546147684.7
1546147684.74
1546147684.77
1546147684.81
1546147684.84
1546147684.87
1546147684.9
1546147684.94
1546147684.97
1546147685.01
1546147685.04
1546147685.07
1546147685.11
1546147685.14
1546147685.17
1546147685.2
1546147685.24
1546147685.27
1546147685.31
1546147685.34
1546147685.37
1546147685.4
1546147685.44
1546147685.47
1546147685.51
1546147685.54
1546147685.57
1546147685.61
1546147685.64
1546147685.67
1546147685.7
1546147685.74
1546147685.77
1546147685.81
1546147685.84
1546147685.87
1546147685.9
1546147685.94
1546147685.97
1546147686.01
1546147686.04
1546147686.07
1546147686.11
1546147686.14
1546147686.17
1546147686.21
1546147686.24
1546147686.27
1546147686.3
1546147686.34
1546147686.37
1546147686.4
1546147686.44
1546147686.47
1546147686.5
1546147686.54
1546147686.57
1546147686.61
1546147686.64
1546147686.67
1546147686.7
1546147686.74
1546147686.77
1546147686.8
1546147686.84
1546147686.87
1546147686.9
1546147686.94
1546147686.97
1546147687.0
1546147687.04
1546147687.07
1546147687.1
1546147687.14
1546147687.17
1546147687.2
1546147687.24
1546147687.27
1546147687.3
1546147687.34
1546147687.37
1546147687.4
1546147687.44
1546147687.47
1546147687.5
1546147687.54
1546147687.57
1546147687.6
1546147687.64
1546147687.67
1546147687.7
1546147687.74
1546147687.77
1546147687.8
1546147687.84
1546147687.87
1546147687.9
1546147687.94
1546147687.97
1546147688.0
1546147688.04
1546147688.07
1546147688.1
1546147688.14
1546147688.17
1546147688.2
1546147688.24
1546147688.27
1546147688.3
1546147688.34
1546147688.37
1546147688.4
1546147688.44
1546147688.47
1546147688.5
1546147688.54
1546147688.57
1546147688.6
1546147688.64
1546147688.67
1546147688.7
1546147688.74
1546147688.77
1546147688.8
1546147688.84
1546147688.87
1546147688.9
1546147688.94
1546147688.97
1546147689.0
1546147689.04
1546147689.07
1546147689.1
1546147689.13
1546147689.17
1546147689.2
1546147689.24
1546147689.27
1546147689.3
1546147689.34
1546147689.37
1546147689.4
1546147689.44
1546147689.47
1546147689.5
1546147689.54
1546147689.57
1546147689.6
1546147689.64
1546147689.67
1546147689.7
1546147689.74
1546147689.77
1546147689.8
1546147689.84
1546147689.87
1546147689.9
1546147689.94
1546147689.97
1546147690.0
1546147690.04
1546147690.07
1546147690.1
1546147690.14
1546147690.17
1546147690.2
1546147690.24
1546147690.27
1546147690.3
1546147690.34
1546147690.37
1546147690.4
1546147690.43
1546147690.47
1546147690.5
1546147690.54
1546147690.57
1546147690.6
1546147690.63
1546147690.67
1546147690.7
1546147690.74
1546147690.77
1546147690.8
1546147690.84
1546147690.87
1546147690.9
1546147690.93
1546147690.97
1546147691.0
1546147691.04
1546147691.07
1546147691.1
1546147691.13
1546147691.17
1546147691.2
1546147691.24
1546147691.27
1546147691.3
1546147691.34
1546147691.37
1546147691.4
1546147691.43
1546147691.47
1546147691.5
1546147691.53
1546147691.57
1546147691.6
1546147691.63
1546147691.67
1546147691.7
1546147691.73
1546147691.77
1546147691.8
1546147691.84
1546147691.87
1546147691.9
1546147691.93
1546147691.97
1546147692.0
1546147692.04
1546147692.07
1546147692.1
1546147692.13
1546147692.17
1546147692.2
1546147692.24
1546147692.27
1546147692.3
1546147692.34
1546147692.37
1546147692.4
1546147692.43
1546147692.47
1546147692.5
1546147692.53
1546147692.57
1546147692.6
1546147692.63
1546147692.67
1546147692.7
1546147692.73
1546147692.77
1546147692.8
1546147692.83
1546147692.87
1546147692.9
1546147692.93
1546147692.97
1546147693.0
1546147693.03
1546147693.07
1546147693.1
1546147693.13
1546147693.17
1546147693.2
1546147693.23
1546147693.27
1546147693.3
1546147693.33
1546147693.37
1546147693.4
1546147693.43
1546147693.47
1546147693.5
1546147693.53
1546147693.57
1546147693.6
1546147693.63
1546147693.67
1546147693.7
1546147693.73
1546147693.77
1546147693.8
1546147693.83
1546147693.87
1546147693.9
1546147693.93
1546147693.97
1546147694.0
1546147694.03
1546147694.07
1546147694.1
1546147694.13
1546147694.17
1546147694.2
1546147694.23
1546147694.27
1546147694.3
1546147694.33
1546147694.37
1546147694.4
1546147694.43
1546147694.46
1546147694.5
1546147694.53
1546147694.57
1546147694.6
1546147694.63
1546147694.66
1546147694.7
1546147694.73
1546147694.77
1546147694.8
1546147694.83
1546147694.87
1546147694.9
1546147694.93
1546147694.97
1546147695.0
1546147695.03
1546147695.07
1546147695.1
1546147695.13
1546147695.17
1546147695.2
1546147695.23
1546147695.27
1546147695.3
1546147695.33
1546147695.37
1546147695.4
1546147695.43
1546147695.47
1546147695.5
1546147695.53
1546147695.57
1546147695.6
1546147695.63
1546147695.67
1546147695.7
1546147695.73
1546147695.77
1546147695.8
1546147695.83
1546147695.87
1546147695.9
1546147695.93
1546147695.97
1546147696.0
1546147696.03
1546147696.07
1546147696.1
1546147696.13
1546147696.16
1546147696.2
1546147696.23
1546147696.27
1546147696.3
1546147696.33
1546147696.37
1546147696.4
1546147696.43
1546147696.47
1546147696.5
1546147696.53
1546147696.57
1546147696.6
1546147696.63
1546147696.67
1546147696.7
1546147696.73
1546147696.77
1546147696.8
1546147696.83
1546147696.87
1546147696.9
1546147696.93
1546147696.96
1546147697.0
1546147697.03
1546147697.07
1546147697.1
1546147697.13
1546147697.17
1546147697.2
1546147697.23
1546147697.27
1546147697.3
1546147697.33
1546147697.37
1546147697.4
1546147697.43
1546147697.47
1546147697.5
1546147697.53
1546147697.57
1546147697.6
1546147697.63
1546147697.67
1546147697.7
1546147697.73
1546147697.77
1546147697.8
1546147697.83
1546147697.87
1546147697.9
1546147697.93
1546147697.97
1546147698.0
1546147698.03
1546147698.07
1546147698.1
1546147698.13
1546147698.17
1546147698.2
1546147698.23
1546147698.27
1546147698.3
1546147698.33
1546147698.37
1546147698.4
1546147698.43
1546147698.47
1546147698.5
1546147698.53
1546147698.57
1546147698.6
1546147698.63
1546147698.67
1546147698.7
1546147698.73
1546147698.77
1546147698.8
1546147698.83
1546147698.87
1546147698.9
1546147698.93
1546147698.97
1546147699.0
1546147699.03
1546147699.07
1546147699.1
1546147699.13
1546147699.17
1546147699.2
1546147699.24
1546147699.27
1546147699.3
1546147699.34
1546147699.37
1546147699.4
1546147699.44
1546147699.47
1546147699.5
1546147699.54
1546147699.57
1546147699.6
1546147699.64
1546147699.67
1546147699.7
1546147699.74
1546147699.77
1546147699.8
1546147699.84
1546147699.87
1546147699.9
1546147699.93
1546147699.97
1546147700.0
1546147700.04
1546147700.07
1546147700.1
1546147700.14
1546147700.17
1546147700.2
1546147700.24
1546147700.27
1546147700.3
1546147700.34
1546147700.37
1546147700.4
1546147700.43
1546147700.47
1546147700.5
1546147700.54
1546147700.57
1546147700.6
1546147700.64
1546147700.67
1546147700.7
1546147700.74
1546147700.77
1546147700.8
1546147700.84
1546147700.87
1546147700.9
1546147700.94
1546147700.97
1546147701.0
1546147701.04
1546147701.07
1546147701.1
1546147701.14
1546147701.17
1546147701.2
1546147701.24
1546147701.27
1546147701.3
1546147701.34
1546147701.37
1546147701.4
1546147701.44
1546147701.47
1546147701.5
1546147701.54
1546147701.57
1546147701.6
1546147701.64
1546147701.67
1546147701.7
1546147701.74
1546147701.77
1546147701.8
1546147701.84
1546147701.87
1546147701.9
1546147701.94
1546147701.97
1546147702.0
1546147702.04
1546147702.07
1546147702.1
1546147702.13
1546147702.16
1546147702.2
1546147702.23
1546147702.26
1546147702.3
1546147702.33
1546147702.36
1546147702.39
1546147702.43
1546147702.46
1546147702.5
1546147702.53
1546147702.56
1546147702.6
1546147702.63
1546147702.66
1546147702.69
1546147702.73
1546147702.76
1546147702.79
1546147702.83
1546147702.86
1546147702.89
1546147702.93
1546147702.96
1546147702.99
1546147703.03
1546147703.06
1546147703.09
1546147703.13
1546147703.16
1546147703.19
1546147703.23
1546147703.26
1546147703.29
1546147703.33
1546147703.36
1546147703.39
1546147703.43
1546147703.46
1546147703.49
1546147703.53
1546147703.56
1546147703.59
1546147703.63
1546147703.66
1546147703.69
1546147703.73
1546147703.76
1546147703.79
1546147703.83
1546147703.86
1546147703.89
1546147703.93
1546147703.96
1546147703.99
1546147704.03
1546147704.06
1546147704.09
1546147704.13
1546147704.16
1546147704.19
1546147704.23
1546147704.26
1546147704.29
1546147704.33
1546147704.36
1546147704.39
1546147704.43
1546147704.46
1546147704.49
1546147704.53
1546147704.56
1546147704.59
1546147704.63
1546147704.66
1546147704.69
1546147704.73
1546147704.76
1546147704.79
1546147704.83
1546147704.86
1546147704.89
1546147704.93
1546147704.96
1546147704.99
1546147705.03
1546147705.06
1546147705.09
1546147705.13
1546147705.16
1546147705.19
1546147705.23
1546147705.26
1546147705.29
1546147705.33
1546147705.36
1546147705.39
1546147705.43
1546147705.46
1546147705.49
1546147705.53
1546147705.56
1546147705.59
1546147705.63
1546147705.66
1546147705.69
1546147705.73
1546147705.76
1546147705.79
1546147705.83
1546147705.86
1546147705.89
1546147705.93
1546147705.96
1546147705.99
1546147706.03
1546147706.06
1546147706.09
1546147706.12
1546147706.16
1546147706.19
1546147706.23
1546147706.26
1546147706.29
1546147706.33
1546147706.36
1546147706.39
1546147706.43
1546147706.46
1546147706.49
1546147706.53
1546147706.56
1546147706.59
1546147706.62
1546147706.66
1546147706.69
1546147706.72
1546147706.76
1546147706.79
1546147706.83
1546147706.86
1546147706.89
1546147706.92
1546147706.96
1546147706.99
1546147707.03
1546147707.06
1546147707.09
1546147707.12
1546147707.16
1546147707.19
1546147707.22
1546147707.26
1546147707.29
1546147707.33
1546147707.36
1546147707.39
1546147707.42
1546147707.46
1546147707.49
1546147707.52
1546147707.56
1546147707.59
1546147707.62
1546147707.66
1546147707.69
1546147707.72
1546147707.76
1546147707.79
1546147707.82
1546147707.86
1546147707.89
1546147707.92
1546147707.96
1546147707.99
1546147708.02
1546147708.06
1546147708.09
1546147708.12
1546147708.16
1546147708.19
1546147708.22
1546147708.26
1546147708.29
1546147708.33
1546147708.36
1546147708.39
1546147708.42
1546147708.46
1546147708.49
1546147708.53
1546147708.56
1546147708.59
1546147708.62
1546147708.66
1546147708.69
1546147708.72
1546147708.76
1546147708.79
1546147708.82
1546147708.86
1546147708.89
1546147708.92
1546147708.96
1546147708.99
1546147709.02
1546147709.06
1546147709.09
1546147709.12
1546147709.16
1546147709.19
1546147709.22
1546147709.26
1546147709.29
1546147709.33
1546147709.36
1546147709.39
1546147709.42
1546147709.46
1546147709.49
1546147709.53
1546147709.56
1546147709.59
1546147709.62
1546147709.66
1546147709.69
1546147709.72
1546147709.76
1546147709.79
1546147709.82
1546147709.86
1546147709.89
1546147709.92
1546147709.96
1546147709.99
1546147710.02
1546147710.06
1546147710.09
1546147710.12
1546147710.16
1546147710.19
1546147710.22
1546147710.26
1546147710.29
1546147710.32
1546147710.36
1546147710.39
1546147710.42
1546147710.46
1546147710.49
1546147710.52
1546147710.56
1546147710.59
1546147710.62
1546147710.66
1546147710.69
1546147710.72
1546147710.76
1546147710.79
1546147710.82
1546147710.86
1546147710.89
1546147710.92
1546147710.96
1546147710.99
1546147711.02
1546147711.06
1546147711.09
1546147711.12
1546147711.16
1546147711.19
1546147711.22
1546147711.26
1546147711.29
1546147711.32
1546147711.36
1546147711.39
1546147711.42
1546147711.46
1546147711.49
1546147711.52
1546147711.56
1546147711.59
1546147711.62
1546147711.66
1546147711.69
1546147711.72
1546147711.76
1546147711.79
1546147711.82
1546147711.86
1546147711.89
1546147711.92
1546147711.96
1546147711.99
1546147712.02
1546147712.06
1546147712.09
1546147712.12
1546147712.16
1546147712.19
1546147712.22
1546147712.26
1546147712.29
1546147712.32
1546147712.36
1546147712.39
1546147712.42
1546147712.46
1546147712.49
1546147712.52
1546147712.56
1546147712.59
1546147712.62
1546147712.66
1546147712.69
1546147712.72
1546147712.94
1546147712.97
1546147713.0
1546147713.03
1546147713.06
1546147713.09
1546147713.12
1546147713.16
1546147713.19
1546147713.22
1546147713.26
1546147713.29
1546147713.32
1546147713.36
1546147713.39
1546147713.42
1546147713.46
1546147713.49
1546147713.52
1546147713.56
1546147713.59
1546147713.62
1546147713.66
1546147713.69
1546147713.72
1546147713.76
1546147713.79
1546147713.82
1546147713.86
1546147713.89
1546147713.92
1546147713.96
1546147713.99
1546147714.02
1546147714.06
1546147714.09
1546147714.12
1546147714.16
1546147714.19
1546147714.22
1546147714.26
1546147714.29
1546147714.32
1546147714.36
1546147714.39
1546147714.42
1546147714.46
1546147714.49
1546147714.52
1546147714.56
1546147714.59
1546147714.62
1546147714.66
1546147714.69
1546147714.72
1546147714.76
1546147714.79
1546147714.82
1546147714.86
1546147714.89
1546147714.92
1546147714.96
1546147714.99
1546147715.02
1546147715.06
1546147715.09
1546147715.12
1546147715.16
1546147715.19
1546147715.22
1546147715.26
1546147715.29
1546147715.32
1546147715.36
1546147715.39
1546147715.42
1546147715.46
1546147715.49
1546147715.52
1546147715.56
1546147715.59
1546147715.62
1546147715.66
1546147715.69
1546147715.72
1546147715.76
1546147715.79
1546147715.82
1546147715.86
1546147715.89
1546147715.92
1546147715.96
1546147715.99
1546147716.02
1546147716.06
1546147716.09
1546147716.12
1546147716.15
1546147716.19
1546147716.22
1546147716.26
1546147716.29
1546147716.32
1546147716.36
1546147716.39
1546147716.42
1546147716.45
1546147716.49
1546147716.52
1546147716.56
1546147716.59
1546147716.62
1546147716.65
1546147716.69
1546147716.72
1546147716.76
1546147716.79
1546147716.82
1546147716.86
1546147716.89
1546147716.92
1546147716.95
1546147716.99
1546147717.02
1546147717.05
1546147717.09
1546147717.12
1546147717.15
1546147717.19
1546147717.22
1546147717.26
1546147717.29
1546147717.32
1546147717.36
1546147717.39
1546147717.42
1546147717.45
1546147717.49
1546147717.52
1546147717.56
1546147717.59
1546147717.62
1546147717.65
1546147717.69
1546147717.72
1546147717.76
1546147717.79
1546147717.82
1546147717.86
1546147717.89
1546147717.92
1546147717.96
1546147717.99
1546147718.02
1546147718.06
1546147718.09
1546147718.12
1546147718.16
1546147718.19
1546147718.22
1546147718.26
1546147718.29
1546147718.32
1546147718.36
1546147718.39
1546147718.42
1546147718.46
1546147718.49
1546147718.52
1546147718.56
1546147718.59
1546147718.62
1546147718.65
1546147718.69
1546147718.72
1546147718.76
1546147718.79
1546147718.82
1546147718.85
1546147718.89
1546147718.92
1546147718.95
1546147718.99
1546147719.02
1546147719.06
1546147719.09
1546147719.12
1546147719.15
1546147719.19
1546147719.22
1546147719.26
1546147719.29
1546147719.32
1546147719.36
1546147719.39
1546147719.42
1546147719.45
1546147719.49
1546147719.52
1546147719.56
1546147719.59
1546147719.62
1546147719.65
1546147719.69
1546147719.72
1546147719.76
1546147719.79
1546147719.82
1546147719.86
1546147719.89
1546147719.92
1546147719.95
1546147719.99
1546147720.02
1546147720.06
1546147720.09
1546147720.12
1546147720.15
1546147720.19
1546147720.22
1546147720.26
1546147720.29
1546147720.32
1546147720.35
1546147720.39
1546147720.42
1546147720.46
1546147720.49
1546147720.52
1546147720.56
1546147720.59
1546147720.62
1546147720.65
1546147720.69
1546147720.72
1546147720.76
1546147720.79
1546147720.82
1546147720.86
1546147720.89
1546147720.92
1546147720.96
1546147720.99
1546147721.02
1546147721.06
1546147721.09
1546147721.12
1546147721.16
1546147721.19
1546147721.22
1546147721.26
1546147721.29
1546147721.32
1546147721.36
1546147721.39
1546147721.42
1546147721.46
1546147721.49
1546147721.52
1546147721.56
1546147721.59
1546147721.62
1546147721.65
1546147721.69
1546147721.72
1546147721.76
1546147721.79
1546147721.82
1546147721.86
1546147721.89
1546147721.92
1546147721.96
1546147721.99
1546147722.02
1546147722.06
1546147722.09
1546147722.12
1546147722.16
1546147722.19
1546147722.22
1546147722.26
1546147722.29
1546147722.32
1546147722.36
1546147722.39
1546147722.42
1546147722.46
1546147722.49
1546147722.52
1546147722.56
1546147722.59
1546147722.62
1546147722.66
1546147722.69
1546147722.72
1546147722.76
1546147722.79
1546147722.83
1546147722.86
1546147722.89
1546147722.92
1546147722.96
1546147722.99
1546147723.02
1546147723.06
1546147723.09
1546147723.12
1546147723.16
1546147723.19
1546147723.22
1546147723.26
1546147723.29
1546147723.33
1546147723.36
1546147723.39
1546147723.43
1546147723.46
1546147723.49
1546147723.53
1546147723.56
1546147723.59
1546147723.62
1546147723.66
1546147723.69
1546147723.73
1546147723.76
1546147723.79
1546147723.83
1546147723.86
1546147723.89
1546147723.92
1546147723.96
1546147723.99
1546147724.03
1546147724.06
1546147724.09
1546147724.12
1546147724.16
1546147724.19
1546147724.23
1546147724.26
1546147724.29
1546147724.33
1546147724.36
1546147724.39
1546147724.42
1546147724.46
1546147724.49
1546147724.53
1546147724.56
1546147724.59
1546147724.63
1546147724.66
1546147724.69
1546147724.73
1546147724.76
1546147724.79
1546147724.83
1546147724.86
1546147724.89
1546147724.93
1546147724.96
1546147724.99
1546147725.03
1546147725.06
1546147725.09
1546147725.13
1546147725.16
1546147725.19
1546147725.23
1546147725.26
1546147725.29
1546147725.33
1546147725.36
1546147725.39
1546147725.43
1546147725.46
1546147725.49
1546147725.52
1546147725.55
1546147725.59
1546147725.62
1546147725.65
1546147725.69
1546147725.72
1546147725.75
1546147725.79
1546147725.82
1546147725.85
1546147725.89
1546147725.92
1546147725.95
1546147725.99
1546147726.02
1546147726.06
1546147726.09
1546147726.12
1546147726.15
1546147726.19
1546147726.22
1546147726.25
1546147726.29
1546147726.32
1546147726.35
1546147726.39
1546147726.42
1546147726.45
1546147726.49
1546147726.52
1546147726.55
1546147726.59
1546147726.62
1546147726.65
1546147726.69
1546147726.72
1546147726.75
1546147726.79
1546147726.82
1546147726.85
1546147726.89
1546147726.92
1546147726.95
1546147726.99
1546147727.02
1546147727.05
1546147727.09
1546147727.12
1546147727.15
1546147727.19
1546147727.22
1546147727.25
1546147727.29
1546147727.32
1546147727.35
1546147727.39
1546147727.42
1546147727.45
1546147727.49
1546147727.52
1546147727.55
1546147727.59
1546147727.62
1546147727.65
1546147727.69
1546147727.72
1546147727.75
1546147727.79
1546147727.82
1546147727.85
1546147727.89
1546147727.92
1546147727.95
1546147727.99
1546147728.02
1546147728.06
1546147728.09
1546147728.12
1546147728.15
1546147728.19
1546147728.22
1546147728.25
1546147728.29
1546147728.32
1546147728.35
1546147728.39
1546147728.42
1546147728.45
1546147728.49
1546147728.52
1546147728.55
1546147728.59
1546147728.62
1546147728.65
1546147728.69
1546147728.72
1546147728.75
1546147728.79
1546147728.82
1546147728.85
1546147728.89
1546147728.92
1546147728.95
1546147728.99
1546147729.02
1546147729.05
1546147729.09
1546147729.12
1546147729.15
1546147729.19
1546147729.22
1546147729.25
1546147729.29
1546147729.32
1546147729.35
1546147729.39
1546147729.42
1546147729.45
1546147729.49
1546147729.52
1546147729.55
1546147729.59
1546147729.62
1546147729.65
1546147729.69
1546147729.72
1546147729.75
1546147729.79
1546147729.82
1546147729.85
1546147729.89
1546147729.92
1546147729.95
1546147729.99
1546147730.02
1546147730.05
1546147730.09
1546147730.12
1546147730.15
1546147730.18
1546147730.22
1546147730.25
1546147730.29
1546147730.32
1546147730.35
1546147730.39
1546147730.42
1546147730.45
1546147730.48
1546147730.52
1546147730.55
1546147730.59
1546147730.62
1546147730.65
1546147730.69
1546147730.72
1546147730.75
1546147730.79
1546147730.82
1546147730.85
1546147730.88
1546147730.92
1546147730.95
1546147730.98
1546147731.02
1546147731.05
1546147731.09
1546147731.12
1546147731.15
1546147731.19
1546147731.22
1546147731.25
1546147731.29
1546147731.32
1546147731.35
1546147731.39
1546147731.42
1546147731.45
1546147731.49
1546147731.52
1546147731.55
1546147731.59
1546147731.62
1546147731.65
1546147731.69
1546147731.72
1546147731.75
1546147731.79
1546147731.82
1546147731.85
1546147731.88
1546147731.92
1546147731.95
1546147731.99
1546147732.02
1546147732.05
1546147732.09
1546147732.12
1546147732.15
1546147732.19
1546147732.22
1546147732.25
1546147732.29
1546147732.32
1546147732.35
1546147732.38
1546147732.42
1546147732.45
1546147732.48
1546147732.52
1546147732.55
1546147732.59
1546147732.62
1546147732.65
1546147732.68
1546147732.72
1546147732.75
1546147732.78
1546147732.82
1546147732.85
1546147732.88
1546147732.92
1546147732.95
1546147732.99
1546147733.02
1546147733.05
1546147733.08
1546147733.12
1546147733.15
1546147733.18
1546147733.22
1546147733.25
1546147733.28
1546147733.32
1546147733.35
1546147733.38
1546147733.42
1546147733.45
1546147733.48
1546147733.52
1546147733.55
1546147733.58
1546147733.62
1546147733.65
1546147733.68
1546147733.72
1546147733.75
1546147733.78
1546147733.82
1546147733.85
1546147733.88
1546147733.92
1546147733.95
1546147733.98
1546147734.02
1546147734.05
1546147734.08
1546147734.12
1546147734.15
1546147734.18
1546147734.22
1546147734.25
1546147734.28
1546147734.32
1546147734.35
1546147734.38
1546147734.42
1546147734.45
1546147734.48
1546147734.52
1546147734.55
1546147734.59
1546147734.62
1546147734.65
1546147734.68
1546147734.72
1546147734.75
1546147734.78
1546147734.82
1546147734.85
1546147734.88
1546147734.92
1546147734.95
1546147734.98
1546147735.02
1546147735.05
1546147735.08
1546147735.12
1546147735.15
1546147735.18
1546147735.22
1546147735.25
1546147735.28
1546147735.32
1546147735.35
1546147735.38
1546147735.42
1546147735.45
1546147735.48
1546147735.52
1546147735.55
1546147735.58
1546147735.62
1546147735.65
1546147735.68
1546147735.72
1546147735.75
1546147735.78
1546147735.82
1546147735.85
1546147735.88
1546147735.92
1546147735.95
1546147735.98
1546147736.02
1546147736.05
1546147736.08
1546147736.12
1546147736.15
1546147736.18
1546147736.22
1546147736.25
1546147736.28
1546147736.32
1546147736.35
1546147736.38
1546147736.42
1546147736.45
1546147736.48
1546147736.52
1546147736.55
1546147736.58
1546147736.62
1546147736.65
1546147736.68
1546147736.71
1546147736.75
1546147736.78
1546147736.82
1546147736.85
1546147736.88
1546147736.92
1546147736.95
1546147736.98
1546147737.02
1546147737.05
1546147737.08
1546147737.11
1546147737.15
1546147737.18
1546147737.21
1546147737.25
1546147737.28
1546147737.31
1546147737.35
1546147737.38
1546147737.41
1546147737.45
1546147737.48
1546147737.51
1546147737.55
1546147737.58
1546147737.61
1546147737.65
1546147737.68
1546147737.71
1546147737.75
1546147737.78
1546147737.82
1546147737.85
1546147737.88
1546147737.91
1546147737.95
1546147737.98
1546147738.02
1546147738.05
1546147738.08
1546147738.12
1546147738.15
1546147738.18
1546147738.21
1546147738.25
1546147738.28
1546147738.32
1546147738.35
1546147738.38
1546147738.42
1546147738.45
1546147738.48
1546147738.52
1546147738.55
1546147738.58
1546147738.62
1546147738.65
1546147738.68
1546147738.71
1546147738.75
1546147738.78
1546147738.82
1546147738.85
1546147738.88
1546147738.92
1546147738.95
1546147738.98
1546147739.02
1546147739.05
1546147739.08
1546147739.12
1546147739.15
1546147739.18
1546147739.21
1546147739.25
1546147739.28
1546147739.32
1546147739.35
1546147739.38
1546147739.41
1546147739.45
1546147739.48
1546147739.52
1546147739.55
1546147739.58
1546147739.62
1546147739.65
1546147739.68
1546147739.72
1546147739.75
1546147739.78
1546147739.82
1546147739.85
1546147739.88
1546147739.92
1546147739.95
1546147739.98
1546147740.02
1546147740.05
1546147740.08
1546147740.12
1546147740.15
1546147740.18
1546147740.21
1546147740.25
1546147740.28
1546147740.32
1546147740.35
1546147740.38
1546147740.41
1546147740.45
1546147740.48
1546147740.51
1546147740.55
1546147740.58
1546147740.61
1546147740.65
1546147740.68
1546147740.71
1546147740.75
1546147740.78
1546147740.82
1546147740.85
1546147740.88
1546147740.91
1546147740.95
1546147740.98
1546147741.01
1546147741.05
1546147741.08
1546147741.11
1546147741.15
1546147741.18
1546147741.21
1546147741.25
1546147741.28
1546147741.31
1546147741.35
1546147741.38
1546147741.41
1546147741.45
1546147741.48
1546147741.51
1546147741.55
1546147741.58
1546147741.61
1546147741.65
1546147741.68
1546147741.71
1546147741.75
1546147741.78
1546147741.81
1546147741.85
1546147741.88
1546147741.91
1546147741.95
1546147741.98
1546147742.01
1546147742.05
1546147742.08
1546147742.11
1546147742.15
1546147742.18
1546147742.21
1546147742.25
1546147742.28
1546147742.31
1546147742.35
1546147742.38
1546147742.41
1546147742.45
1546147742.48
1546147742.52
1546147742.55
1546147742.58
1546147742.61
1546147742.65
1546147742.68
1546147742.71
1546147742.75
1546147742.78
1546147742.81
1546147742.85
1546147742.88
1546147742.91
1546147742.95
1546147742.98
1546147743.01
1546147743.05
1546147743.08
1546147743.11
1546147743.15
1546147743.18
1546147743.21
1546147743.25
1546147743.28
1546147743.31
1546147743.35
1546147743.38
1546147743.41
1546147743.45
1546147743.48
1546147743.51
1546147743.55
1546147743.58
1546147743.61
1546147743.65
1546147743.68
1546147743.71
1546147743.75
1546147743.78
1546147743.82
1546147743.85
1546147743.88
1546147743.91
1546147743.95
1546147743.98
1546147744.02
1546147744.05
1546147744.08
1546147744.12
1546147744.15
1546147744.18
1546147744.21
1546147744.25
1546147744.28
1546147744.31
1546147744.35
1546147744.38
1546147744.41
1546147744.45
1546147744.48
1546147744.52
1546147744.55
1546147744.58
1546147744.62
1546147744.65
1546147744.68
1546147744.71
1546147744.75
1546147744.78
1546147744.82
1546147744.85
1546147744.88
1546147744.91
1546147744.95
1546147744.98
1546147745.02
1546147745.05
1546147745.08
1546147745.12
1546147745.15
1546147745.18
1546147745.22
1546147745.25
1546147745.28
1546147745.32
1546147745.35
1546147745.38
1546147745.42
1546147745.45
1546147745.48
1546147745.52
1546147745.55
1546147745.58
1546147745.62
1546147745.65
1546147745.68
1546147745.72
1546147745.75
1546147745.78
1546147745.82
1546147745.85
1546147745.88
1546147745.92
1546147745.95
1546147745.98
1546147746.02
1546147746.05
1546147746.08
1546147746.12
1546147746.15
1546147746.18
1546147746.22
1546147746.25
1546147746.28
1546147746.32
1546147746.35
1546147746.38
1546147746.42
1546147746.45
1546147746.49
1546147746.52
1546147746.55
1546147746.59
1546147746.62
1546147746.65
1546147746.69
1546147746.72
1546147746.75
1546147746.79
1546147746.82
1546147746.85
1546147746.88
1546147746.92
1546147746.95
1546147746.99
1546147747.02
1546147747.05
1546147747.09
1546147747.12
1546147747.15
1546147747.19
1546147747.22
1546147747.25
1546147747.29
1546147747.32
1546147747.35
1546147747.39
1546147747.42
1546147747.45
1546147747.49
1546147747.52
1546147747.55
1546147747.59
1546147747.62
1546147747.65
1546147747.69
1546147747.72
1546147747.75
1546147747.79
1546147747.82
1546147747.86
1546147747.89
1546147747.92
1546147747.95
1546147747.99
1546147748.02
1546147748.06
1546147748.09
1546147748.12
1546147748.15
1546147748.19
1546147748.22
1546147748.25
1546147748.29
1546147748.32
1546147748.36
1546147748.39
1546147748.42
1546147748.45
1546147748.49
1546147748.52
1546147748.56
1546147748.59
1546147748.62
1546147748.65
1546147748.69
1546147748.72
1546147748.75
1546147748.78
1546147748.82
1546147748.85
1546147748.88
1546147748.91
1546147748.95
1546147748.98
1546147749.01
1546147749.05
1546147749.08
1546147749.11
1546147749.15
1546147749.18
1546147749.21
1546147749.25
1546147749.28
1546147749.32
1546147749.35
1546147749.38
1546147749.42
1546147749.45
1546147749.48
1546147749.52
1546147749.55
1546147749.58
1546147749.61
1546147749.65
1546147749.68
1546147749.71
1546147749.75
1546147749.78
1546147749.81
1546147749.85
1546147749.88
1546147749.91
1546147749.95
1546147749.98
1546147750.02
1546147750.05
1546147750.08
1546147750.11
1546147750.15
1546147750.18
1546147750.21
1546147750.25
1546147750.28
1546147750.31
1546147750.35
1546147750.38
1546147750.41
1546147750.45
1546147750.48
1546147750.51
1546147750.55
1546147750.58
1546147750.62
1546147750.65
1546147750.68
1546147750.71
1546147750.75
1546147750.78
1546147750.81
1546147750.85
1546147750.88
1546147750.91
1546147750.95
1546147750.98
1546147751.01
1546147751.05
1546147751.08
1546147751.11
1546147751.15
1546147751.18
1546147751.21
1546147751.25
1546147751.28
1546147751.31
1546147751.35
1546147751.38
1546147751.41
1546147751.45
1546147751.48
1546147751.51
1546147751.55
1546147751.58
1546147751.61
1546147751.65
1546147751.68
1546147751.71
1546147751.75
1546147751.78
1546147751.81
1546147751.85
1546147751.88
1546147751.91
1546147751.95
1546147751.98
1546147752.01
1546147752.05
1546147752.08
1546147752.11
1546147752.15
1546147752.18
1546147752.21
1546147752.25
1546147752.28
1546147752.31
1546147752.35
1546147752.38
1546147752.41
1546147752.45
1546147752.48
1546147752.51
1546147752.55
1546147752.58
1546147752.61
1546147752.65
1546147752.68
1546147752.71
1546147752.75
1546147752.78
1546147752.81
1546147752.85
1546147752.88
1546147752.91
1546147752.95
1546147752.98
1546147753.01
1546147753.05
1546147753.08
1546147753.11
1546147753.15
1546147753.18
1546147753.21
1546147753.25
1546147753.28
1546147753.31
1546147753.35
1546147753.38
1546147753.41
1546147753.45
1546147753.48
1546147753.51
1546147753.55
1546147753.58
1546147753.61
1546147753.65
1546147753.68
1546147753.71
1546147753.75
1546147753.78
1546147753.81
1546147753.85
1546147753.88
1546147753.91
1546147753.95
1546147753.98
1546147754.01
1546147754.05
1546147754.08
1546147754.11
1546147754.15
1546147754.18
1546147754.21
1546147754.25
1546147754.28
1546147754.31
1546147754.35
1546147754.38
1546147754.41
1546147754.45
1546147754.48
1546147754.51
1546147754.55
1546147754.58
1546147754.61
1546147754.65
1546147754.68
1546147754.71
1546147754.75
1546147754.78
1546147754.81
1546147754.85
1546147754.88
1546147754.91
1546147754.95
1546147754.98
1546147755.01
1546147755.05
1546147755.08
1546147755.11
1546147755.14
1546147755.18
1546147755.21
1546147755.25
1546147755.28
1546147755.31
1546147755.35
1546147755.38
1546147755.41
1546147755.45
1546147755.48
1546147755.51
1546147755.55
1546147755.58
1546147755.61
1546147755.64
1546147755.68
1546147755.71
1546147755.74
1546147755.78
1546147755.81
1546147755.85
1546147755.88
1546147755.91
1546147755.94
1546147755.98
1546147756.01
1546147756.04
1546147756.08
1546147756.11
1546147756.14
1546147756.18
1546147756.21
1546147756.24
1546147756.28
1546147756.31
1546147756.35
1546147756.38
1546147756.41
1546147756.44
1546147756.48
1546147756.51
1546147756.54
1546147756.58
1546147756.61
1546147756.64
1546147756.68
1546147756.71
1546147756.74
1546147756.78
1546147756.81
1546147756.85
1546147756.88
1546147756.91
1546147756.94
1546147756.98
1546147757.01
1546147757.04
1546147757.08
1546147757.11
1546147757.14
1546147757.18
1546147757.21
1546147757.24
1546147757.28
1546147757.31
1546147757.35
1546147757.38
1546147757.41
1546147757.45
1546147757.48
1546147757.51
1546147757.55
1546147757.58
1546147757.61
1546147757.65
1546147757.68
1546147757.71
1546147757.74
1546147757.78
1546147757.81
1546147757.84
1546147757.88
1546147757.91
1546147757.94
1546147757.98
1546147758.01
1546147758.05
1546147758.08
1546147758.11
1546147758.14
1546147758.18
1546147758.21
1546147758.24
1546147758.28
1546147758.31
1546147758.34
1546147758.38
1546147758.41
1546147758.44
1546147758.48
1546147758.51
1546147758.54
1546147758.58
1546147758.61
1546147758.64
1546147758.68
1546147758.71
1546147758.74
1546147758.78
1546147758.81
1546147758.84
1546147758.88
1546147758.91
1546147758.94
1546147758.98
1546147759.01
1546147759.04
1546147759.08
1546147759.11
1546147759.14
1546147759.18
1546147759.21
1546147759.24
1546147759.28
1546147759.31
1546147759.34
1546147759.38
1546147759.41
1546147759.44
1546147759.48
1546147759.51
1546147759.54
1546147759.58
1546147759.61
1546147759.64
1546147759.68
1546147759.71
1546147759.74
1546147759.78
1546147759.81
1546147759.84
1546147759.88
1546147759.91
1546147759.94
1546147759.98
1546147760.01
1546147760.04
1546147760.07
1546147760.11
1546147760.14
1546147760.17
1546147760.21
1546147760.24
1546147760.28
1546147760.31
1546147760.34
1546147760.38
1546147760.41
1546147760.44
1546147760.48
1546147760.51
1546147760.54
1546147760.58
1546147760.61
1546147760.64
1546147760.67
1546147760.71
1546147760.74
1546147760.78
1546147760.81
1546147760.84
1546147760.88
1546147760.91
1546147760.94
1546147760.97
1546147761.01
1546147761.04
1546147761.08
1546147761.11
1546147761.14
1546147761.17
1546147761.21
1546147761.24
1546147761.28
1546147761.31
1546147761.34
1546147761.38
1546147761.41
1546147761.44
1546147761.47
1546147761.51
1546147761.54
1546147761.58
1546147761.61
1546147761.64
1546147761.68
1546147761.71
1546147761.74
1546147761.78
1546147761.81
1546147761.84
1546147761.88
1546147761.91
1546147761.94
1546147761.98
1546147762.01
1546147762.04
1546147762.08
1546147762.11
1546147762.14
1546147762.17
1546147762.21
1546147762.24
1546147762.28
1546147762.31
1546147762.34
1546147762.38
1546147762.41
1546147762.44
1546147762.48
1546147762.51
1546147762.54
1546147762.58
1546147762.61
1546147762.64
1546147762.68
1546147762.71
1546147762.74
1546147762.78
1546147762.81
1546147762.84
1546147762.88
1546147762.91
1546147762.94
1546147762.98
1546147763.01
1546147763.04
1546147763.08
1546147763.11
1546147763.14
1546147763.18
1546147763.21
1546147763.24
1546147763.28
1546147763.31
1546147763.34
1546147763.38
1546147763.41
1546147763.44
1546147763.48
1546147763.51
1546147763.54
1546147763.58
1546147763.61
1546147763.64
1546147763.68
1546147763.71
1546147763.74
1546147763.78
1546147763.81
1546147763.84
1546147763.88
1546147763.91
1546147763.94
1546147763.98
1546147764.01
1546147764.04
1546147764.08
1546147764.11
1546147764.14
1546147764.18
1546147764.21
1546147764.24
1546147764.28
1546147764.31
1546147764.34
1546147764.38
1546147764.41
1546147764.44
1546147764.48
1546147764.51
1546147764.54
1546147764.58
1546147764.61
1546147764.64
1546147764.68
1546147764.71
1546147764.74
1546147764.78
1546147764.81
1546147764.85
1546147764.88
1546147764.91
1546147764.94
1546147764.98
1546147765.01
1546147765.05
1546147765.08
1546147765.11
1546147765.14
1546147765.18
1546147765.21
1546147765.24
1546147765.28
1546147765.31
1546147765.34
1546147765.38
1546147765.41
1546147765.44
1546147765.48
1546147765.51
1546147765.54
1546147765.58
1546147765.61
1546147765.64
1546147765.68
1546147765.71
1546147765.74
1546147765.78
1546147765.81
1546147765.84
1546147765.88
1546147765.91
1546147765.94
1546147765.98
1546147766.01
1546147766.04
1546147766.08
1546147766.11
1546147766.14
1546147766.17
1546147766.21
1546147766.24
1546147766.28
1546147766.31
1546147766.34
1546147766.38
1546147766.41
1546147766.44
1546147766.48
1546147766.51
1546147766.54
1546147766.58
1546147766.61
1546147766.64
1546147766.67
1546147766.71
1546147766.74
1546147766.78
1546147766.81
1546147766.84
1546147766.88
1546147766.91
1546147766.94
1546147766.98
1546147767.01
1546147767.04
1546147767.08
1546147767.11
1546147767.14
1546147767.18
1546147767.21
1546147767.24
1546147767.28
1546147767.31
1546147767.34
1546147767.38
1546147767.41
1546147767.44
1546147767.48
1546147767.51
1546147767.54
1546147767.58
1546147767.61
1546147767.64
1546147767.68
1546147767.71
1546147767.74
1546147767.78
1546147767.81
1546147767.84
1546147767.88
1546147767.91
1546147767.94
1546147767.98
1546147768.01
1546147768.04
1546147768.08
1546147768.11
1546147768.14
1546147768.18
1546147768.21
1546147768.24
1546147768.28
1546147768.31
1546147768.35
1546147768.38
1546147768.41
1546147768.44
1546147768.48
1546147768.51
1546147768.54
1546147768.58
1546147768.61
1546147768.64
1546147768.68
1546147768.71
1546147768.74
1546147768.78
1546147768.81
1546147768.85
1546147768.88
1546147768.91
1546147768.94
1546147768.98
1546147769.01
1546147769.05
1546147769.08
1546147769.11
1546147769.15
1546147769.18
1546147769.21
1546147769.25
1546147769.28
1546147769.31
1546147769.35
1546147769.38
1546147769.41
1546147769.45
1546147769.48
1546147769.51
1546147769.55
1546147769.58
1546147769.61
1546147769.65
1546147769.68
1546147769.71
1546147769.75
1546147769.78
1546147769.81
1546147769.85
1546147769.88
1546147769.91
1546147769.95
1546147769.98
1546147770.02
1546147770.05
1546147770.08
1546147770.12
1546147770.15
1546147770.18
1546147770.21
1546147770.25
1546147770.28
1546147770.32
1546147770.35
1546147770.38
1546147770.41
1546147770.45
1546147770.48
1546147770.52
1546147770.55
1546147770.58
1546147770.62
1546147770.65
1546147770.68
1546147770.71
1546147770.75
1546147770.78
1546147770.81
1546147770.85
1546147770.88
1546147770.92
1546147770.95
1546147770.98
1546147771.01
1546147771.05
1546147771.08
1546147771.12
1546147771.15
1546147771.18
1546147771.21
1546147771.25
1546147771.28
1546147771.32
1546147771.35
1546147771.38
1546147771.42
1546147771.45
1546147771.48
1546147771.52
1546147771.55
1546147771.58
1546147771.62
1546147771.65
1546147771.68
1546147771.71
1546147771.75
1546147771.78
1546147771.82
1546147771.85
1546147771.88
1546147771.91
1546147771.94
1546147771.97
1546147772.01
1546147772.04
1546147772.08
1546147772.11
1546147772.14
1546147772.17
1546147772.21
1546147772.24
1546147772.28
1546147772.31
1546147772.34
1546147772.38
1546147772.41
1546147772.44
1546147772.47
1546147772.51
1546147772.54
1546147772.58
1546147772.61
1546147772.64
1546147772.68
1546147772.71
1546147772.74
1546147772.78
1546147772.81
1546147772.84
1546147772.88
1546147772.91
1546147772.94
1546147772.97
1546147773.01
1546147773.04
1546147773.08
1546147773.11
1546147773.14
1546147773.18
1546147773.21
1546147773.24
1546147773.28
1546147773.31
1546147773.34
1546147773.38
1546147773.41
1546147773.44
1546147773.47
1546147773.51
1546147773.54
1546147773.58
1546147773.61
1546147773.64
1546147773.67
1546147773.71
1546147773.74
1546147773.77
1546147773.81
1546147773.84
1546147773.87
1546147773.91
1546147773.94
1546147773.97
1546147774.01
1546147774.04
1546147774.07
1546147774.11
1546147774.14
1546147774.17
1546147774.21
1546147774.24
1546147774.27
1546147774.31
1546147774.34
1546147774.37
1546147774.41
1546147774.44
1546147774.47
1546147774.51
1546147774.54
1546147774.58
1546147774.61
1546147774.64
1546147774.68
1546147774.71
1546147774.74
1546147774.78
1546147774.81
1546147774.84
1546147774.88
1546147774.91
1546147774.94
1546147774.98
1546147775.01
1546147775.04
1546147775.08
1546147775.11
1546147775.14
1546147775.17
1546147775.21
1546147775.24
1546147775.28
1546147775.31
1546147775.34
1546147775.38
1546147775.41
1546147775.44
1546147775.48
1546147775.51
1546147775.54
1546147775.58
1546147775.61
1546147775.64
1546147775.67
1546147775.71
1546147775.74
1546147775.78
1546147775.81
1546147775.84
1546147775.88
1546147775.91
1546147775.94
1546147775.98
1546147776.01
1546147776.04
1546147776.07
1546147776.11
1546147776.14
1546147776.17
1546147776.21
1546147776.24
1546147776.27
1546147776.31
1546147776.34
1546147776.37
1546147776.41
1546147776.44
1546147776.47
1546147776.51
1546147776.54
1546147776.57
1546147776.61
1546147776.64
1546147776.67
1546147776.71
1546147776.74
1546147776.77
1546147776.81
1546147776.84
1546147776.87
1546147776.91
1546147776.94
1546147776.97
1546147777.01
1546147777.04
1546147777.07
1546147777.11
1546147777.14
1546147777.17
1546147777.21
1546147777.24
1546147777.27
1546147777.31
1546147777.34
1546147777.37
1546147777.41
1546147777.44
1546147777.47
1546147777.51
1546147777.54
1546147777.57
1546147777.61
1546147777.64
1546147777.67
1546147777.7
1546147777.74
1546147777.77
1546147777.81
1546147777.84
1546147777.87
1546147777.91
1546147777.94
1546147777.97
1546147778.01
1546147778.04
1546147778.07
1546147778.11
1546147778.14
1546147778.17
1546147778.2
1546147778.24
1546147778.27
1546147778.31
1546147778.34
1546147778.37
1546147778.4
1546147778.44
1546147778.47
1546147778.5
1546147778.54
1546147778.57
1546147778.6
1546147778.64
1546147778.67
1546147778.7
1546147778.74
1546147778.77
1546147778.8
1546147778.84
1546147778.87
1546147778.9
1546147778.94
1546147778.97
1546147779.0
1546147779.04
1546147779.07
1546147779.1
1546147779.14
1546147779.17
1546147779.2
1546147779.24
1546147779.27
1546147779.3
1546147779.34
1546147779.37
1546147779.4
1546147779.44
1546147779.47
1546147779.5
1546147779.54
1546147779.57
1546147779.6
1546147779.64
1546147779.67
1546147779.7
1546147779.74
1546147779.77
1546147779.8
1546147779.84
1546147779.87
1546147779.9
1546147779.94
1546147779.97
1546147780.0
1546147780.04
1546147780.07
1546147780.1
1546147780.14
1546147780.17
1546147780.2
1546147780.24
1546147780.27
1546147780.3
1546147780.34
1546147780.37
1546147780.4
1546147780.44
1546147780.47
1546147780.5
1546147780.54
1546147780.57
1546147780.6
1546147780.64
1546147780.67
1546147780.7
1546147780.74
1546147780.77
1546147780.8
1546147780.84
1546147780.87
1546147780.9
1546147780.94
1546147780.97
1546147781.0
1546147781.04
1546147781.07
1546147781.1
1546147781.14
1546147781.17
1546147781.2
1546147781.24
1546147781.27
1546147781.3
1546147781.34
1546147781.37
1546147781.4
1546147781.44
1546147781.47
1546147781.5
1546147781.54
1546147781.57
1546147781.6
1546147781.64
1546147781.67
1546147781.7
1546147781.74
1546147781.77
1546147781.8
1546147781.84
1546147781.87
1546147781.9
1546147781.94
1546147781.97
1546147782.0
1546147782.04
1546147782.07
1546147782.1
1546147782.13
1546147782.17
1546147782.2
1546147782.24
1546147782.27
1546147782.3
1546147782.34
1546147782.37
1546147782.4
1546147782.44
1546147782.47
1546147782.5
1546147782.54
1546147782.57
1546147782.6
1546147782.64
1546147782.67
1546147782.7
1546147782.74
1546147782.77
1546147782.8
1546147782.84
1546147782.87
1546147782.9
1546147782.93
1546147782.97
1546147783.0
1546147783.04
1546147783.07
1546147783.1
1546147783.14
1546147783.17
1546147783.2
1546147783.23
1546147783.27
1546147783.3
1546147783.34
1546147783.37
1546147783.4
1546147783.43
1546147783.47
1546147783.5
1546147783.54
1546147783.57
1546147783.6
1546147783.63
1546147783.67
1546147783.7
1546147783.73
1546147783.77
1546147783.8
1546147783.84
1546147783.87
1546147783.9
1546147783.93
1546147783.97
1546147784.0
1546147784.04
1546147784.07
1546147784.1
1546147784.13
1546147784.17
1546147784.2
1546147784.24
1546147784.27
1546147784.3
1546147784.34
1546147784.37
1546147784.4
1546147784.43
