1546146615.05
1546146615.18
1546146615.22
1546146615.25
1546146615.28
1546146615.31
1546146615.34
1546146615.37
1546146615.4
1546146615.44
1546146615.47
1546146615.51
1546146615.54
1546146615.57
1546146615.61
1546146615.64
1546146615.67
1546146615.71
1546146615.74
1546146615.77
1546146615.81
1546146615.84
1546146615.87
1546146615.9
1546146615.94
1546146615.97
1546146616.01
1546146616.04
1546146616.07
1546146616.11
1546146616.14
1546146616.17
1546146616.2
1546146616.24
1546146616.27
1546146616.31
1546146616.34
1546146616.37
1546146616.4
1546146616.44
1546146616.47
1546146616.51
1546146616.54
1546146616.57
1546146616.61
1546146616.64
1546146616.67
1546146616.71
1546146616.74
1546146616.77
1546146616.81
1546146616.84
1546146616.87
1546146616.9
1546146616.94
1546146616.97
1546146617.01
1546146617.04
1546146617.07
1546146617.11
1546146617.14
1546146617.17
1546146617.2
1546146617.24
1546146617.27
1546146617.31
1546146617.34
1546146617.37
1546146617.4
1546146617.44
1546146617.47
1546146617.5
1546146617.54
1546146617.57
1546146617.6
1546146617.64
1546146617.67
1546146617.7
1546146617.74
1546146617.77
1546146617.8
1546146617.84
1546146617.87
1546146617.9
1546146617.94
1546146617.97
1546146618.0
1546146618.04
1546146618.07
1546146618.1
1546146618.14
1546146618.17
1546146618.2
1546146618.24
1546146618.27
1546146618.3
1546146618.34
1546146618.37
1546146618.4
1546146618.44
1546146618.47
1546146618.5
1546146618.54
1546146618.57
1546146618.6
1546146618.64
1546146618.67
1546146618.7
1546146618.74
1546146618.77
1546146618.8
1546146618.84
1546146618.87
1546146618.9
1546146618.93
1546146618.97
1546146619.0
1546146619.04
1546146619.07
1546146619.1
1546146619.13
1546146619.17
1546146619.2
1546146619.24
1546146619.27
1546146619.3
1546146619.34
1546146619.37
1546146619.4
1546146619.43
1546146619.47
1546146619.5
1546146619.54
1546146619.57
1546146619.6
1546146619.63
1546146619.67
1546146619.7
1546146619.73
1546146619.77
1546146619.8
1546146619.84
1546146619.87
1546146619.9
1546146619.93
1546146619.97
1546146620.0
1546146620.04
1546146620.07
1546146620.1
1546146620.14
1546146620.17
1546146620.2
1546146620.23
1546146620.27
1546146620.3
1546146620.34
1546146620.37
1546146620.4
1546146620.43
1546146620.47
1546146620.5
1546146620.54
1546146620.57
1546146620.6
1546146620.64
1546146620.67
1546146620.7
1546146620.74
1546146620.77
1546146620.8
1546146620.84
1546146620.87
1546146620.9
1546146620.93
1546146620.97
1546146621.0
1546146621.04
1546146621.07
1546146621.1
1546146621.13
1546146621.17
1546146621.2
1546146621.24
1546146621.27
1546146621.3
1546146621.34
1546146621.37
1546146621.4
1546146621.44
1546146621.47
1546146621.5
1546146621.54
1546146621.57
1546146621.6
1546146621.63
1546146621.67
1546146621.7
1546146621.73
1546146621.77
1546146621.8
1546146621.84
1546146621.87
1546146621.9
1546146621.94
1546146621.97
1546146622.0
1546146622.04
1546146622.07
1546146622.1
1546146622.14
1546146622.17
1546146622.2
1546146622.23
1546146622.27
1546146622.3
1546146622.33
1546146622.37
1546146622.4
1546146622.43
1546146622.47
1546146622.5
1546146622.53
1546146622.57
1546146622.6
1546146622.63
1546146622.67
1546146622.7
1546146622.73
1546146622.77
1546146622.8
1546146622.83
1546146622.87
1546146622.9
1546146622.93
1546146622.97
1546146623.0
1546146623.03
1546146623.07
1546146623.1
1546146623.13
1546146623.17
1546146623.2
1546146623.23
1546146623.27
1546146623.3
1546146623.33
1546146623.37
1546146623.4
1546146623.43
1546146623.47
1546146623.5
1546146623.54
1546146623.57
1546146623.6
1546146623.63
1546146623.67
1546146623.7
1546146623.74
1546146623.77
1546146623.8
1546146623.84
1546146623.87
1546146623.9
1546146623.94
1546146623.97
1546146624.0
1546146624.04
1546146624.07
1546146624.1
1546146624.14
1546146624.17
1546146624.2
1546146624.24
1546146624.27
1546146624.3
1546146624.34
1546146624.37
1546146624.4
1546146624.44
1546146624.47
1546146624.5
1546146624.54
1546146624.57
1546146624.6
1546146624.64
1546146624.67
1546146624.7
1546146624.74
1546146624.77
1546146624.8
1546146624.84
1546146624.87
1546146624.9
1546146624.94
1546146624.97
1546146625.0
1546146625.04
1546146625.07
1546146625.1
1546146625.14
1546146625.17
1546146625.2
1546146625.24
1546146625.27
1546146625.3
1546146625.34
1546146625.37
1546146625.4
1546146625.44
1546146625.47
1546146625.5
1546146625.54
1546146625.57
1546146625.61
1546146625.64
1546146625.67
1546146625.7
1546146625.74
1546146625.77
1546146625.8
1546146625.84
1546146625.87
1546146625.9
1546146625.94
1546146625.97
1546146626.0
1546146626.04
1546146626.07
1546146626.1
1546146626.14
1546146626.17
1546146626.2
1546146626.24
1546146626.27
1546146626.3
1546146626.34
1546146626.37
1546146626.4
1546146626.44
1546146626.47
1546146626.51
1546146626.54
1546146626.57
1546146626.6
1546146626.64
1546146626.67
1546146626.7
1546146626.74
1546146626.77
1546146626.8
1546146626.84
1546146626.87
1546146626.9
1546146626.94
1546146626.97
1546146627.0
1546146627.04
1546146627.07
1546146627.1
1546146627.14
1546146627.17
1546146627.2
1546146627.24
1546146627.27
1546146627.31
1546146627.34
1546146627.37
1546146627.4
1546146627.44
1546146627.47
1546146627.5
1546146627.54
1546146627.57
1546146627.6
1546146627.64
1546146627.67
1546146627.7
1546146627.74
1546146627.77
1546146627.8
1546146627.83
1546146627.86
1546146627.9
1546146627.93
1546146627.96
1546146628.0
1546146628.03
1546146628.06
1546146628.1
1546146628.13
1546146628.16
1546146628.2
1546146628.23
1546146628.26
1546146628.3
1546146628.33
1546146628.36
1546146628.39
1546146628.43
1546146628.46
1546146628.49
1546146628.53
1546146628.56
1546146628.6
1546146628.63
1546146628.66
1546146628.69
1546146628.73
1546146628.76
1546146628.8
1546146628.83
1546146628.86
1546146628.89
1546146628.93
1546146628.96
1546146628.99
1546146629.03
1546146629.06
1546146629.1
1546146629.13
1546146629.16
1546146629.19
1546146629.23
1546146629.26
1546146629.29
1546146629.33
1546146629.36
1546146629.39
1546146629.43
1546146629.46
1546146629.49
1546146629.53
1546146629.56
1546146629.59
1546146629.63
1546146629.66
1546146629.69
1546146629.73
1546146629.76
1546146629.79
1546146629.83
1546146629.86
1546146629.89
1546146629.93
1546146629.96
1546146629.99
1546146630.03
1546146630.06
1546146630.09
1546146630.13
1546146630.16
1546146630.19
1546146630.23
1546146630.26
1546146630.29
1546146630.33
1546146630.36
1546146630.39
1546146630.43
1546146630.46
1546146630.49
1546146630.53
1546146630.56
1546146630.59
1546146630.63
1546146630.66
1546146630.69
1546146630.73
1546146630.76
1546146630.79
1546146630.83
1546146630.86
1546146630.89
1546146630.93
1546146630.96
1546146630.99
1546146631.03
1546146631.06
1546146631.09
1546146631.13
1546146631.16
1546146631.19
1546146631.23
1546146631.26
1546146631.29
1546146631.33
1546146631.36
1546146631.39
1546146631.43
1546146631.46
1546146631.49
1546146631.53
1546146631.56
1546146631.59
1546146631.62
1546146631.66
1546146631.69
1546146631.72
1546146631.76
1546146631.79
1546146631.83
1546146631.86
1546146631.89
1546146631.93
1546146631.96
1546146631.99
1546146632.03
1546146632.06
1546146632.09
1546146632.13
1546146632.16
1546146632.19
1546146632.23
1546146632.26
1546146632.29
1546146632.33
1546146632.36
1546146632.39
1546146632.43
1546146632.46
1546146632.49
1546146632.53
1546146632.56
1546146632.59
1546146632.63
1546146632.66
1546146632.69
1546146632.73
1546146632.76
1546146632.79
1546146632.83
1546146632.86
1546146632.89
1546146632.93
1546146632.96
1546146632.99
1546146633.03
1546146633.06
1546146633.09
1546146633.13
1546146633.16
1546146633.19
1546146633.23
1546146633.26
1546146633.29
1546146633.33
1546146633.36
1546146633.39
1546146633.43
1546146633.46
1546146633.49
1546146633.53
1546146633.56
1546146633.59
1546146633.63
1546146633.66
1546146633.69
1546146633.73
1546146633.76
1546146633.79
1546146633.83
1546146633.86
1546146633.89
1546146633.93
1546146633.96
1546146633.99
1546146634.03
1546146634.06
1546146634.09
1546146634.13
1546146634.16
1546146634.19
1546146634.23
1546146634.26
1546146634.29
1546146634.33
1546146634.36
1546146634.39
1546146634.43
1546146634.46
1546146634.49
1546146634.53
1546146634.56
1546146634.59
1546146634.63
1546146634.66
1546146634.69
1546146634.73
1546146634.76
1546146634.79
1546146634.83
1546146634.86
1546146634.89
1546146634.93
1546146634.96
1546146634.99
1546146635.03
1546146635.06
1546146635.09
1546146635.13
1546146635.16
1546146635.19
1546146635.23
1546146635.26
1546146635.29
1546146635.33
1546146635.36
1546146635.39
1546146635.43
1546146635.46
1546146635.49
1546146635.53
1546146635.56
1546146635.59
1546146635.63
1546146635.66
1546146635.69
1546146635.73
1546146635.76
1546146635.79
1546146635.83
1546146635.86
1546146635.89
1546146635.93
1546146635.96
1546146635.99
1546146636.03
1546146636.06
1546146636.09
1546146636.13
1546146636.16
1546146636.19
1546146636.23
1546146636.26
1546146636.29
1546146636.33
1546146636.36
1546146636.39
1546146636.43
1546146636.46
1546146636.49
1546146636.53
1546146636.56
1546146636.59
1546146636.62
1546146636.66
1546146636.69
1546146636.72
1546146636.76
1546146636.79
1546146636.83
1546146636.86
1546146636.89
1546146636.93
1546146636.96
1546146636.99
1546146637.03
1546146637.06
1546146637.09
1546146637.13
1546146637.16
1546146637.19
1546146637.23
1546146637.26
1546146637.29
1546146637.33
1546146637.36
1546146637.39
1546146637.43
1546146637.46
1546146637.49
1546146637.53
1546146637.56
1546146637.59
1546146637.63
1546146637.66
1546146637.69
1546146637.73
1546146637.76
1546146637.79
1546146637.83
1546146637.86
1546146637.89
1546146637.92
1546146637.96
1546146637.99
1546146638.03
1546146638.06
1546146638.09
1546146638.12
1546146638.16
1546146638.19
1546146638.22
1546146638.26
1546146638.29
1546146638.33
1546146638.36
1546146638.39
1546146638.42
1546146638.46
1546146638.49
1546146638.52
1546146638.56
1546146638.59
1546146638.62
1546146638.66
1546146638.69
1546146638.72
1546146638.76
1546146638.79
1546146638.83
1546146638.86
1546146638.89
1546146638.92
1546146638.96
1546146638.99
1546146639.02
1546146639.06
1546146639.09
1546146639.12
1546146639.16
1546146639.19
1546146639.22
1546146639.26
1546146639.29
1546146639.32
1546146639.36
1546146639.39
1546146639.42
1546146639.46
1546146639.49
1546146639.52
1546146639.56
1546146639.59
1546146639.62
1546146639.66
1546146639.69
1546146639.72
1546146639.76
1546146639.79
1546146639.82
1546146639.86
1546146639.89
1546146639.92
1546146639.96
1546146639.99
1546146640.02
1546146640.06
1546146640.09
1546146640.12
1546146640.16
1546146640.19
1546146640.22
1546146640.26
1546146640.29
1546146640.32
1546146640.36
1546146640.39
1546146640.42
1546146640.46
1546146640.49
1546146640.52
1546146640.56
1546146640.59
1546146640.62
1546146640.66
1546146640.69
1546146640.72
1546146640.76
1546146640.79
1546146640.82
1546146640.86
1546146640.89
1546146640.92
1546146640.96
1546146640.99
1546146641.02
1546146641.06
1546146641.09
1546146641.12
1546146641.16
1546146641.19
1546146641.22
1546146641.26
1546146641.29
1546146641.32
1546146641.36
1546146641.39
1546146641.42
1546146641.46
1546146641.49
1546146641.52
1546146641.56
1546146641.59
1546146641.62
1546146641.66
1546146641.69
1546146641.72
1546146641.76
1546146641.79
1546146641.82
1546146641.86
1546146641.89
1546146641.92
1546146641.96
1546146641.99
1546146642.02
1546146642.06
1546146642.09
1546146642.12
1546146642.16
1546146642.19
1546146642.22
1546146642.26
1546146642.29
1546146642.32
1546146642.36
1546146642.39
1546146642.42
1546146642.46
1546146642.49
1546146642.52
1546146642.56
1546146642.59
1546146642.62
1546146642.66
1546146642.69
1546146642.72
1546146642.76
1546146642.79
1546146642.82
1546146642.86
1546146642.89
1546146642.92
1546146642.96
1546146642.99
1546146643.02
1546146643.06
1546146643.09
1546146643.12
1546146643.16
1546146643.19
1546146643.22
1546146643.26
1546146643.29
1546146643.32
1546146643.36
1546146643.39
1546146643.42
1546146643.46
1546146643.49
1546146643.52
1546146643.56
1546146643.59
1546146643.62
1546146643.66
1546146643.69
1546146643.72
1546146643.76
1546146643.79
1546146643.82
1546146643.86
1546146643.89
1546146643.92
1546146643.96
1546146643.99
1546146644.02
1546146644.06
1546146644.09
1546146644.12
1546146644.16
1546146644.19
1546146644.22
1546146644.26
1546146644.29
1546146644.32
1546146644.36
1546146644.39
1546146644.42
1546146644.46
1546146644.49
1546146644.52
1546146644.56
1546146644.59
1546146644.62
1546146644.66
1546146644.69
1546146644.72
1546146644.76
1546146644.79
1546146644.82
1546146644.86
1546146644.89
1546146644.92
1546146644.95
1546146644.99
1546146645.02
1546146645.06
1546146645.09
1546146645.12
1546146645.15
1546146645.19
1546146645.22
1546146645.26
1546146645.29
1546146645.32
1546146645.36
1546146645.39
1546146645.42
1546146645.45
1546146645.49
1546146645.52
1546146645.56
1546146645.59
1546146645.62
1546146645.65
1546146645.69
1546146645.72
1546146645.76
1546146645.79
1546146645.82
1546146645.86
1546146645.89
1546146645.92
1546146645.96
1546146645.99
1546146646.02
1546146646.06
1546146646.09
1546146646.12
1546146646.15
1546146646.19
1546146646.22
1546146646.26
1546146646.29
1546146646.32
1546146646.36
1546146646.39
1546146646.42
1546146646.45
1546146646.49
1546146646.52
1546146646.56
1546146646.59
1546146646.62
1546146646.65
1546146646.69
1546146646.72
1546146646.76
1546146646.79
1546146646.82
1546146646.86
1546146646.89
1546146646.92
1546146646.96
1546146646.99
1546146647.02
1546146647.06
1546146647.09
1546146647.12
1546146647.16
1546146647.19
1546146647.22
1546146647.26
1546146647.29
1546146647.32
1546146647.36
1546146647.39
1546146647.42
1546146647.45
1546146647.49
1546146647.52
1546146647.56
1546146647.59
1546146647.62
1546146647.66
1546146647.69
1546146647.72
1546146647.76
1546146647.79
1546146647.82
1546146647.86
1546146647.89
1546146647.92
1546146647.96
1546146647.99
1546146648.02
1546146648.06
1546146648.09
1546146648.12
1546146648.16
1546146648.19
1546146648.22
1546146648.26
1546146648.29
1546146648.32
1546146648.36
1546146648.39
1546146648.42
1546146648.46
1546146648.49
1546146648.52
1546146648.56
1546146648.59
1546146648.62
1546146648.66
1546146648.69
1546146648.72
1546146648.76
1546146648.79
1546146648.82
1546146648.86
1546146648.89
1546146648.92
1546146648.96
1546146648.99
1546146649.02
1546146649.06
1546146649.09
1546146649.12
1546146649.16
1546146649.19
1546146649.22
1546146649.26
1546146649.29
1546146649.32
1546146649.36
1546146649.39
1546146649.42
1546146649.46
1546146649.49
1546146649.52
1546146649.56
1546146649.59
1546146649.62
1546146649.66
1546146649.69
1546146649.72
1546146649.76
1546146649.79
1546146649.82
1546146649.86
1546146649.89
1546146649.92
1546146649.96
1546146649.99
1546146650.02
1546146650.06
1546146650.09
1546146650.12
1546146650.16
1546146650.19
1546146650.22
1546146650.26
1546146650.29
1546146650.33
1546146650.36
1546146650.39
1546146650.42
1546146650.46
1546146650.49
1546146650.53
1546146650.56
1546146650.59
1546146650.63
1546146650.66
1546146650.69
1546146650.73
1546146650.76
1546146650.79
1546146650.83
1546146650.86
1546146650.89
1546146650.93
1546146650.96
1546146650.99
1546146651.03
1546146651.06
1546146651.09
1546146651.13
1546146651.16
1546146651.19
1546146651.23
1546146651.26
1546146651.29
1546146651.33
1546146651.36
1546146651.39
1546146651.43
1546146651.46
1546146651.49
1546146651.53
1546146651.56
1546146651.59
1546146651.62
1546146651.65
1546146651.69
1546146651.72
1546146651.75
1546146651.79
1546146651.82
1546146651.85
1546146651.89
1546146651.92
1546146651.95
1546146651.99
1546146652.02
1546146652.05
1546146652.09
1546146652.12
1546146652.15
1546146652.19
1546146652.22
1546146652.25
1546146652.29
1546146652.32
1546146652.35
1546146652.39
1546146652.42
1546146652.45
1546146652.49
1546146652.52
1546146652.55
1546146652.59
1546146652.62
1546146652.65
1546146652.69
1546146652.72
1546146652.75
1546146652.79
1546146652.82
1546146652.85
1546146652.89
1546146652.92
1546146652.95
1546146652.99
1546146653.02
1546146653.05
1546146653.09
1546146653.12
1546146653.15
1546146653.19
1546146653.22
1546146653.25
1546146653.29
1546146653.32
1546146653.35
1546146653.38
1546146653.42
1546146653.45
1546146653.48
1546146653.52
1546146653.55
1546146653.59
1546146653.62
1546146653.65
1546146653.69
1546146653.72
1546146653.75
1546146653.79
1546146653.82
1546146653.85
1546146653.88
1546146653.92
1546146653.95
1546146653.98
1546146654.02
1546146654.05
1546146654.09
1546146654.12
1546146654.15
1546146654.18
1546146654.22
1546146654.25
1546146654.29
1546146654.32
1546146654.35
1546146654.38
1546146654.42
1546146654.45
1546146654.48
1546146654.52
1546146654.55
1546146654.59
1546146654.62
1546146654.65
1546146654.68
1546146654.72
1546146654.75
1546146654.79
1546146654.82
1546146654.85
1546146654.89
1546146654.92
1546146654.95
1546146654.98
1546146655.02
1546146655.05
1546146655.09
1546146655.12
1546146655.15
1546146655.18
1546146655.22
1546146655.25
1546146655.29
1546146655.32
1546146655.35
1546146655.38
1546146655.42
1546146655.45
1546146655.49
1546146655.52
1546146655.55
1546146655.59
1546146655.62
1546146655.65
1546146655.68
1546146655.72
1546146655.75
1546146655.79
1546146655.82
1546146655.85
1546146655.88
1546146655.92
1546146655.95
1546146655.98
1546146656.02
1546146656.05
1546146656.09
1546146656.12
1546146656.15
1546146656.19
1546146656.22
1546146656.25
1546146656.29
1546146656.32
1546146656.35
1546146656.39
1546146656.42
1546146656.45
1546146656.49
1546146656.52
1546146656.55
1546146656.59
1546146656.62
1546146656.65
1546146656.69
1546146656.72
1546146656.75
1546146656.79
1546146656.82
1546146656.85
1546146656.89
1546146656.92
1546146656.95
1546146656.99
1546146657.02
1546146657.05
1546146657.09
1546146657.12
1546146657.15
1546146657.19
1546146657.22
1546146657.25
1546146657.29
1546146657.32
1546146657.35
1546146657.38
1546146657.42
1546146657.45
1546146657.49
1546146657.52
1546146657.55
1546146657.59
1546146657.62
1546146657.65
1546146657.68
1546146657.72
1546146657.75
1546146657.79
1546146657.82
1546146657.85
1546146657.89
1546146657.92
1546146657.95
1546146657.99
1546146658.02
1546146658.05
1546146658.09
1546146658.12
1546146658.15
1546146658.19
1546146658.22
1546146658.25
1546146658.29
1546146658.32
1546146658.35
1546146658.39
1546146658.42
1546146658.45
1546146658.49
1546146658.52
1546146658.55
1546146658.59
1546146658.62
1546146658.65
1546146658.69
1546146658.72
1546146658.75
1546146658.79
1546146658.82
1546146658.85
1546146658.89
1546146658.92
1546146658.95
1546146658.99
1546146659.02
1546146659.05
1546146659.09
1546146659.12
1546146659.15
1546146659.19
1546146659.22
1546146659.25
1546146659.29
1546146659.32
1546146659.35
1546146659.39
1546146659.42
1546146659.45
1546146659.49
1546146659.52
1546146659.55
1546146659.59
1546146659.62
1546146659.66
1546146659.69
1546146659.72
1546146659.75
1546146659.79
1546146659.82
1546146659.85
1546146659.89
1546146659.92
1546146659.95
1546146659.99
1546146660.02
1546146660.05
1546146660.09
1546146660.12
1546146660.15
1546146660.19
1546146660.22
1546146660.25
1546146660.29
1546146660.32
1546146660.36
1546146660.39
1546146660.42
1546146660.45
1546146660.49
1546146660.52
1546146660.56
1546146660.59
1546146660.62
1546146660.65
1546146660.69
1546146660.72
1546146660.76
1546146660.79
1546146660.82
1546146660.86
1546146660.89
1546146660.92
1546146660.95
1546146660.99
1546146661.02
1546146661.06
1546146661.09
1546146661.12
1546146661.15
1546146661.19
1546146661.22
1546146661.26
1546146661.29
1546146661.32
1546146661.36
1546146661.39
1546146661.42
1546146661.45
1546146661.49
1546146661.52
1546146661.56
1546146661.59
1546146661.62
1546146661.65
1546146661.69
1546146661.72
1546146661.76
1546146661.79
1546146661.82
1546146661.86
1546146661.89
1546146661.92
1546146661.96
1546146661.99
1546146662.02
1546146662.06
1546146662.09
1546146662.12
1546146662.15
1546146662.19
1546146662.22
1546146662.26
1546146662.29
1546146662.32
1546146662.36
1546146662.39
1546146662.42
1546146662.45
1546146662.49
1546146662.52
1546146662.55
1546146662.59
1546146662.62
1546146662.65
1546146662.69
1546146662.72
1546146662.76
1546146662.79
1546146662.82
1546146662.86
1546146662.89
1546146662.92
1546146662.96
1546146662.99
1546146663.02
1546146663.06
1546146663.09
1546146663.12
1546146663.15
1546146663.19
1546146663.22
1546146663.26
1546146663.29
1546146663.32
1546146663.36
1546146663.39
1546146663.42
1546146663.45
1546146663.49
1546146663.52
1546146663.56
1546146663.59
1546146663.62
1546146663.66
1546146663.69
1546146663.72
1546146663.75
1546146663.79
1546146663.82
1546146663.85
1546146663.89
1546146663.92
1546146663.95
1546146663.99
1546146664.02
1546146664.06
1546146664.09
1546146664.12
1546146664.15
1546146664.19
1546146664.22
1546146664.25
1546146664.29
1546146664.32
1546146664.36
1546146664.39
1546146664.42
1546146664.45
1546146664.49
1546146664.52
1546146664.55
1546146664.59
1546146664.62
1546146664.65
1546146664.69
1546146664.72
1546146664.75
1546146664.79
1546146664.82
1546146664.85
1546146664.89
1546146664.92
1546146664.95
1546146664.99
1546146665.02
1546146665.05
1546146665.09
1546146665.12
1546146665.15
1546146665.18
1546146665.22
1546146665.25
1546146665.29
1546146665.32
1546146665.35
1546146665.39
1546146665.42
1546146665.45
1546146665.48
1546146665.52
1546146665.55
1546146665.59
1546146665.62
1546146665.65
1546146665.68
1546146665.72
1546146665.75
1546146665.79
1546146665.82
1546146665.85
1546146665.89
1546146665.92
1546146665.95
1546146665.98
1546146666.02
1546146666.05
1546146666.09
1546146666.12
1546146666.15
1546146666.19
1546146666.22
1546146666.25
1546146666.29
1546146666.32
1546146666.35
1546146666.39
1546146666.42
1546146666.45
1546146666.49
1546146666.52
1546146666.55
1546146666.59
1546146666.62
1546146666.65
1546146666.69
1546146666.72
1546146666.75
1546146666.79
1546146666.82
1546146666.85
1546146666.89
1546146666.92
1546146666.95
1546146666.99
1546146667.02
1546146667.05
1546146667.09
1546146667.12
1546146667.15
1546146667.19
1546146667.22
1546146667.25
1546146667.29
1546146667.32
1546146667.35
1546146667.39
1546146667.42
1546146667.45
1546146667.49
1546146667.52
1546146667.55
1546146667.59
1546146667.62
1546146667.65
1546146667.69
1546146667.72
1546146667.75
1546146667.79
1546146667.82
1546146667.85
1546146667.89
1546146667.92
1546146667.95
1546146667.99
1546146668.02
1546146668.05
1546146668.09
1546146668.12
1546146668.15
1546146668.19
1546146668.22
1546146668.26
1546146668.29
1546146668.32
1546146668.35
1546146668.39
1546146668.42
1546146668.45
1546146668.49
1546146668.52
1546146668.55
1546146668.59
1546146668.62
1546146668.65
1546146668.69
1546146668.72
1546146668.75
1546146668.79
1546146668.82
1546146668.85
1546146668.89
1546146668.92
1546146668.95
1546146668.99
1546146669.02
1546146669.06
1546146669.09
1546146669.12
1546146669.15
1546146669.19
1546146669.22
1546146669.26
1546146669.29
1546146669.32
1546146669.36
1546146669.39
1546146669.42
1546146669.45
1546146669.49
1546146669.52
1546146669.55
1546146669.59
1546146669.62
1546146669.65
1546146669.69
1546146669.72
1546146669.76
1546146669.79
1546146669.82
1546146669.86
1546146669.89
1546146669.92
1546146669.95
1546146669.99
1546146670.02
1546146670.05
1546146670.09
1546146670.12
1546146670.15
1546146670.19
1546146670.22
1546146670.25
1546146670.29
1546146670.32
1546146670.36
1546146670.39
1546146670.42
1546146670.45
1546146670.49
1546146670.52
1546146670.56
1546146670.59
1546146670.62
1546146670.65
1546146670.69
1546146670.72
1546146670.76
1546146670.79
1546146670.82
1546146670.85
1546146670.89
1546146670.92
1546146670.95
1546146670.99
1546146671.02
1546146671.06
1546146671.09
1546146671.12
1546146671.15
1546146671.19
1546146671.22
1546146671.26
1546146671.29
1546146671.32
1546146671.35
1546146671.39
1546146671.42
1546146671.45
1546146671.49
1546146671.52
1546146671.56
1546146671.59
1546146671.62
1546146671.65
1546146671.69
1546146671.72
1546146671.76
1546146671.79
1546146671.82
1546146671.85
1546146671.89
1546146671.92
1546146671.95
1546146671.99
1546146672.02
1546146672.06
1546146672.09
1546146672.12
1546146672.16
1546146672.19
1546146672.22
1546146672.26
1546146672.29
1546146672.32
1546146672.36
1546146672.39
1546146672.42
1546146672.46
1546146672.49
1546146672.52
1546146672.56
1546146672.59
1546146672.62
1546146672.65
1546146672.69
1546146672.72
1546146672.76
1546146672.79
1546146672.82
1546146672.86
1546146672.89
1546146672.92
1546146672.96
1546146672.99
1546146673.02
1546146673.06
1546146673.09
1546146673.12
1546146673.16
1546146673.19
1546146673.22
1546146673.26
1546146673.29
1546146673.32
1546146673.36
1546146673.39
1546146673.42
1546146673.46
1546146673.49
1546146673.52
1546146673.56
1546146673.59
1546146673.62
1546146673.66
1546146673.69
1546146673.72
1546146673.76
1546146673.79
1546146673.83
1546146673.86
1546146673.89
1546146673.92
1546146673.96
1546146673.99
1546146674.02
1546146674.06
1546146674.09
1546146674.12
1546146674.16
1546146674.19
1546146674.22
1546146674.26
1546146674.29
1546146674.33
1546146674.36
1546146674.39
1546146674.43
1546146674.46
1546146674.49
1546146674.53
1546146674.56
1546146674.59
1546146674.63
1546146674.66
1546146674.69
1546146674.73
1546146674.76
1546146674.79
1546146674.83
1546146674.86
1546146674.89
1546146674.93
1546146674.96
1546146674.99
1546146675.03
1546146675.06
1546146675.09
1546146675.13
1546146675.16
1546146675.19
1546146675.22
1546146675.26
1546146675.29
1546146675.32
1546146675.35
1546146675.39
1546146675.42
1546146675.45
1546146675.49
1546146675.52
1546146675.55
1546146675.59
1546146675.62
1546146675.65
1546146675.69
1546146675.72
1546146675.75
1546146675.79
1546146675.82
1546146675.85
1546146675.89
1546146675.92
1546146675.95
1546146675.99
1546146676.02
1546146676.05
1546146676.09
1546146676.12
1546146676.15
1546146676.19
1546146676.22
1546146676.25
1546146676.29
1546146676.32
1546146676.35
1546146676.39
1546146676.42
1546146676.45
1546146676.49
1546146676.52
1546146676.55
1546146676.59
1546146676.62
1546146676.65
1546146676.69
1546146676.72
1546146676.75
1546146676.79
1546146676.82
1546146676.85
1546146676.89
1546146676.92
1546146676.95
1546146676.99
1546146677.02
1546146677.05
1546146677.09
1546146677.12
1546146677.15
1546146677.19
1546146677.22
1546146677.25
1546146677.29
1546146677.32
1546146677.35
1546146677.39
1546146677.42
1546146677.45
1546146677.49
1546146677.52
1546146677.55
1546146677.59
1546146677.62
1546146677.65
1546146677.69
1546146677.72
1546146677.75
1546146677.79
1546146677.82
1546146677.85
1546146677.89
1546146677.92
1546146677.95
1546146677.99
1546146678.02
1546146678.05
1546146678.09
1546146678.12
1546146678.15
1546146678.19
1546146678.22
1546146678.25
1546146678.29
1546146678.32
1546146678.35
1546146678.39
1546146678.42
1546146678.45
1546146678.49
1546146678.52
1546146678.55
1546146678.59
1546146678.62
1546146678.65
1546146678.69
1546146678.72
1546146678.75
1546146678.79
1546146678.82
1546146678.85
1546146678.88
1546146678.92
1546146678.95
1546146678.98
1546146679.02
1546146679.05
1546146679.09
1546146679.12
1546146679.15
1546146679.18
1546146679.22
1546146679.25
1546146679.29
1546146679.32
1546146679.35
1546146679.38
1546146679.42
1546146679.45
1546146679.48
1546146679.52
1546146679.55
1546146679.59
1546146679.62
1546146679.65
1546146679.68
1546146679.72
1546146679.75
1546146679.79
1546146679.82
1546146679.85
1546146679.89
1546146679.92
1546146679.95
1546146679.99
1546146680.02
1546146680.05
1546146680.09
1546146680.12
1546146680.15
1546146680.18
1546146680.22
1546146680.25
1546146680.29
1546146680.32
1546146680.35
1546146680.38
1546146680.42
1546146680.45
1546146680.48
1546146680.52
1546146680.55
1546146680.59
1546146680.62
1546146680.65
1546146680.68
1546146680.72
1546146680.75
1546146680.78
1546146680.82
1546146680.85
1546146680.88
1546146680.92
1546146680.95
1546146680.98
1546146681.02
1546146681.05
1546146681.08
1546146681.12
1546146681.15
1546146681.18
1546146681.22
1546146681.25
1546146681.28
1546146681.32
1546146681.35
1546146681.38
1546146681.42
1546146681.45
1546146681.48
1546146681.52
1546146681.55
1546146681.58
1546146681.62
1546146681.65
1546146681.68
1546146681.71
1546146681.75
1546146681.78
1546146681.82
1546146681.85
1546146681.88
1546146681.92
1546146681.95
1546146681.98
1546146682.02
1546146682.05
1546146682.08
1546146682.12
1546146682.15
1546146682.18
1546146682.21
1546146682.25
1546146682.28
1546146682.32
1546146682.35
1546146682.38
1546146682.41
1546146682.45
1546146682.48
1546146682.52
1546146682.55
1546146682.58
1546146682.61
1546146682.65
1546146682.68
1546146682.71
1546146682.75
1546146682.78
1546146682.82
1546146682.85
1546146682.88
1546146682.91
1546146682.95
1546146682.98
1546146683.01
1546146683.05
1546146683.08
1546146683.11
1546146683.15
1546146683.18
1546146683.21
1546146683.25
1546146683.28
1546146683.31
1546146683.35
1546146683.38
1546146683.41
1546146683.45
1546146683.48
1546146683.51
1546146683.55
1546146683.58
1546146683.61
1546146683.65
1546146683.68
1546146683.71
1546146683.75
1546146683.78
1546146683.81
1546146683.85
1546146683.88
1546146683.91
1546146683.95
1546146683.98
1546146684.01
1546146684.05
1546146684.08
1546146684.12
1546146684.15
1546146684.18
1546146684.21
1546146684.25
1546146684.28
1546146684.32
1546146684.35
1546146684.38
1546146684.41
1546146684.45
1546146684.48
1546146684.51
1546146684.55
1546146684.58
1546146684.61
1546146684.65
1546146684.68
1546146684.71
1546146684.75
1546146684.78
1546146684.81
1546146684.85
1546146684.88
1546146684.91
1546146684.95
1546146684.98
1546146685.01
1546146685.05
1546146685.08
1546146685.12
1546146685.15
1546146685.18
1546146685.21
1546146685.25
1546146685.28
1546146685.32
1546146685.35
1546146685.38
1546146685.41
1546146685.45
1546146685.48
1546146685.52
1546146685.55
1546146685.58
1546146685.62
1546146685.65
1546146685.68
1546146685.71
1546146685.75
1546146685.78
1546146685.82
1546146685.85
1546146685.88
1546146685.91
1546146685.95
1546146685.98
1546146686.02
1546146686.05
1546146686.08
1546146686.12
1546146686.15
1546146686.18
1546146686.22
1546146686.25
1546146686.28
1546146686.32
1546146686.35
1546146686.38
1546146686.41
1546146686.45
1546146686.48
1546146686.52
1546146686.55
1546146686.58
1546146686.62
1546146686.65
1546146686.68
1546146686.72
1546146686.75
1546146686.78
1546146686.82
1546146686.85
1546146686.88
1546146686.92
1546146686.95
1546146686.98
1546146687.02
1546146687.05
1546146687.08
1546146687.11
1546146687.15
1546146687.18
1546146687.21
1546146687.25
1546146687.28
1546146687.31
1546146687.35
1546146687.38
1546146687.41
1546146687.45
1546146687.48
1546146687.52
1546146687.55
1546146687.58
1546146687.62
1546146687.65
1546146687.68
1546146687.71
1546146687.75
1546146687.78
1546146687.82
1546146687.85
1546146687.88
1546146687.91
1546146687.95
1546146687.98
1546146688.01
1546146688.05
1546146688.08
1546146688.11
1546146688.15
1546146688.18
1546146688.21
1546146688.25
1546146688.28
1546146688.31
1546146688.35
1546146688.38
1546146688.41
1546146688.45
1546146688.48
1546146688.51
1546146688.55
1546146688.58
1546146688.62
1546146688.65
1546146688.68
1546146688.71
1546146688.75
1546146688.78
1546146688.82
1546146688.85
1546146688.88
1546146688.91
1546146688.95
1546146688.98
1546146689.02
1546146689.05
1546146689.08
1546146689.12
1546146689.15
1546146689.18
1546146689.21
1546146689.25
1546146689.28
1546146689.32
1546146689.35
1546146689.38
1546146689.41
1546146689.45
1546146689.48
1546146689.52
1546146689.55
1546146689.58
1546146689.62
1546146689.65
1546146689.68
1546146689.72
1546146689.75
1546146689.78
1546146689.82
1546146689.85
1546146689.88
1546146689.91
1546146689.95
1546146689.98
1546146690.02
1546146690.05
1546146690.08
1546146690.12
1546146690.15
1546146690.18
1546146690.21
1546146690.25
1546146690.28
1546146690.32
1546146690.35
1546146690.38
1546146690.41
1546146690.45
1546146690.48
1546146690.52
1546146690.55
1546146690.58
1546146690.62
1546146690.65
1546146690.68
1546146690.71
1546146690.75
1546146690.78
1546146690.82
1546146690.85
1546146690.88
1546146690.91
1546146690.95
1546146690.98
1546146691.02
1546146691.05
1546146691.08
1546146691.11
1546146691.15
1546146691.18
1546146691.21
1546146691.25
1546146691.28
1546146691.31
1546146691.35
1546146691.38
1546146691.41
1546146691.45
1546146691.48
1546146691.51
1546146691.55
1546146691.58
1546146691.61
1546146691.65
1546146691.68
1546146691.71
1546146691.75
1546146691.78
1546146691.81
1546146691.85
1546146691.88
1546146691.91
1546146691.95
1546146691.98
1546146692.01
1546146692.05
1546146692.08
1546146692.11
1546146692.15
1546146692.18
1546146692.21
1546146692.25
1546146692.28
1546146692.31
1546146692.35
1546146692.38
1546146692.41
1546146692.45
1546146692.48
1546146692.51
1546146692.55
1546146692.58
1546146692.62
1546146692.65
1546146692.68
1546146692.71
1546146692.75
1546146692.78
1546146692.81
1546146692.85
1546146692.88
1546146692.91
1546146692.95
1546146692.98
1546146693.01
1546146693.05
1546146693.08
1546146693.11
1546146693.15
1546146693.18
1546146693.21
1546146693.25
1546146693.28
1546146693.31
1546146693.35
1546146693.38
1546146693.41
1546146693.45
1546146693.48
1546146693.51
1546146693.55
1546146693.58
1546146693.61
1546146693.65
1546146693.68
1546146693.71
1546146693.74
1546146693.78
1546146693.81
1546146693.85
1546146693.88
1546146693.91
1546146693.94
1546146693.98
1546146694.01
1546146694.05
1546146694.08
1546146694.11
1546146694.15
1546146694.18
1546146694.21
1546146694.25
1546146694.28
1546146694.31
1546146694.35
1546146694.38
1546146694.41
1546146694.45
1546146694.48
1546146694.51
1546146694.55
1546146694.58
1546146694.62
1546146694.65
1546146694.68
1546146694.71
1546146694.75
1546146694.78
1546146694.81
1546146694.85
1546146694.88
1546146694.91
1546146694.95
1546146694.98
1546146695.01
1546146695.05
1546146695.08
1546146695.11
1546146695.15
1546146695.18
1546146695.21
1546146695.25
1546146695.28
1546146695.31
1546146695.35
1546146695.38
1546146695.41
1546146695.45
1546146695.48
1546146695.51
1546146695.55
1546146695.58
1546146695.62
1546146695.65
1546146695.68
1546146695.71
1546146695.75
1546146695.78
1546146695.81
1546146695.85
1546146695.88
1546146695.92
1546146695.95
1546146695.98
1546146696.02
1546146696.05
1546146696.08
1546146696.12
1546146696.15
1546146696.18
1546146696.21
1546146696.25
1546146696.28
1546146696.32
1546146696.35
1546146696.38
1546146696.41
1546146696.45
1546146696.48
1546146696.51
1546146696.55
1546146696.58
1546146696.62
1546146696.65
1546146696.68
1546146696.72
1546146696.75
1546146696.78
1546146696.82
1546146696.85
1546146696.88
1546146696.91
1546146696.95
1546146696.98
1546146697.02
1546146697.05
1546146697.08
1546146697.12
1546146697.15
1546146697.18
1546146697.22
1546146697.25
1546146697.28
1546146697.32
1546146697.35
1546146697.38
1546146697.42
1546146697.45
1546146697.48
1546146697.52
1546146697.55
1546146697.58
1546146697.62
1546146697.65
1546146697.68
1546146697.72
1546146697.75
1546146697.78
1546146697.82
1546146697.85
1546146697.88
1546146697.92
1546146697.95
1546146697.98
1546146698.02
1546146698.05
1546146698.08
1546146698.12
1546146698.15
1546146698.18
1546146698.22
1546146698.25
1546146698.28
1546146698.32
1546146698.35
1546146698.38
1546146698.42
1546146698.45
1546146698.48
1546146698.52
1546146698.55
1546146698.58
1546146698.62
1546146698.65
1546146698.68
1546146698.72
1546146698.75
1546146698.78
1546146698.81
1546146698.84
1546146698.88
1546146698.91
1546146698.94
1546146698.98
1546146699.01
1546146699.04
1546146699.08
1546146699.11
1546146699.14
1546146699.18
1546146699.21
1546146699.24
1546146699.28
1546146699.31
1546146699.34
1546146699.38
1546146699.41
1546146699.44
1546146699.48
1546146699.51
1546146699.54
1546146699.58
1546146699.61
1546146699.64
1546146699.67
1546146699.71
1546146699.74
1546146699.78
1546146699.81
1546146699.84
1546146699.88
1546146699.91
1546146699.94
1546146699.97
1546146700.01
1546146700.04
1546146700.08
1546146700.11
1546146700.14
1546146700.18
1546146700.21
1546146700.24
1546146700.28
1546146700.31
1546146700.34
1546146700.38
1546146700.41
1546146700.44
1546146700.48
1546146700.51
1546146700.54
1546146700.58
1546146700.61
1546146700.64
1546146700.68
1546146700.71
1546146700.74
1546146700.78
1546146700.81
1546146700.84
1546146700.88
1546146700.91
1546146700.94
1546146700.98
1546146701.01
1546146701.04
1546146701.08
1546146701.11
1546146701.14
1546146701.18
1546146701.21
1546146701.24
1546146701.28
1546146701.31
1546146701.34
1546146701.38
1546146701.41
1546146701.44
1546146701.48
1546146701.51
1546146701.54
1546146701.58
1546146701.61
1546146701.64
1546146701.68
1546146701.71
1546146701.74
1546146701.78
1546146701.81
1546146701.84
1546146701.88
1546146701.91
1546146701.94
1546146701.98
1546146702.01
1546146702.04
1546146702.08
1546146702.11
1546146702.14
1546146702.17
1546146702.21
1546146702.24
1546146702.28
1546146702.31
1546146702.34
1546146702.38
1546146702.41
1546146702.44
1546146702.47
1546146702.51
1546146702.54
1546146702.58
1546146702.61
1546146702.64
1546146702.68
1546146702.71
1546146702.74
1546146702.78
1546146702.81
1546146702.84
1546146702.88
1546146702.91
1546146702.94
1546146702.98
1546146703.01
1546146703.04
1546146703.08
1546146703.11
1546146703.14
1546146703.18
1546146703.21
1546146703.24
1546146703.28
1546146703.31
1546146703.34
1546146703.38
1546146703.41
1546146703.44
1546146703.47
1546146703.51
1546146703.54
1546146703.58
1546146703.61
1546146703.64
1546146703.68
1546146703.71
1546146703.74
1546146703.78
1546146703.81
1546146703.84
1546146703.88
1546146703.91
1546146703.94
1546146703.98
1546146704.01
1546146704.04
1546146704.08
1546146704.11
1546146704.14
1546146704.18
1546146704.21
1546146704.24
1546146704.28
1546146704.31
1546146704.34
1546146704.38
1546146704.41
1546146704.44
1546146704.47
1546146704.51
1546146704.54
1546146704.58
1546146704.61
1546146704.64
1546146704.67
1546146704.71
1546146704.74
1546146704.78
1546146704.81
1546146704.84
1546146704.88
1546146704.91
1546146704.94
1546146704.97
1546146705.01
1546146705.04
1546146705.08
1546146705.11
1546146705.14
1546146705.18
1546146705.21
1546146705.24
1546146705.28
1546146705.31
1546146705.34
1546146705.38
1546146705.41
1546146705.44
1546146705.48
1546146705.51
1546146705.54
1546146705.58
1546146705.61
1546146705.64
1546146705.68
1546146705.71
1546146705.74
1546146705.78
1546146705.81
1546146705.84
1546146705.88
1546146705.91
1546146705.94
1546146705.97
1546146706.01
1546146706.04
1546146706.07
1546146706.11
1546146706.14
1546146706.17
1546146706.21
1546146706.24
1546146706.28
1546146706.31
1546146706.34
1546146706.38
1546146706.41
1546146706.44
1546146706.47
1546146706.51
1546146706.54
1546146706.58
1546146706.61
1546146706.64
1546146706.67
1546146706.71
1546146706.74
1546146706.78
1546146706.81
1546146706.84
1546146706.87
1546146706.91
1546146706.94
1546146706.97
1546146707.01
1546146707.04
1546146707.07
1546146707.11
1546146707.14
1546146707.17
1546146707.21
1546146707.24
1546146707.28
1546146707.31
1546146707.34
1546146707.37
1546146707.41
1546146707.44
1546146707.47
1546146707.51
1546146707.54
1546146707.57
1546146707.61
1546146707.64
1546146707.67
1546146707.71
1546146707.74
1546146707.77
1546146707.81
1546146707.84
1546146707.87
1546146707.91
1546146707.94
1546146707.97
1546146708.01
1546146708.04
1546146708.07
1546146708.11
1546146708.14
1546146708.17
1546146708.21
1546146708.24
1546146708.28
1546146708.31
1546146708.34
1546146708.38
1546146708.41
1546146708.44
1546146708.47
1546146708.51
1546146708.54
1546146708.57
1546146708.61
1546146708.64
1546146708.67
1546146708.71
1546146708.74
1546146708.77
1546146708.81
1546146708.84
1546146708.87
1546146708.91
1546146708.94
1546146708.97
1546146709.01
1546146709.04
1546146709.07
1546146709.11
1546146709.14
1546146709.17
1546146709.21
1546146709.24
1546146709.27
1546146709.31
1546146709.34
1546146709.38
1546146709.41
1546146709.44
1546146709.47
1546146709.51
1546146709.54
1546146709.57
1546146709.61
1546146709.64
1546146709.67
1546146709.71
1546146709.74
1546146709.78
1546146709.81
1546146709.84
1546146709.88
1546146709.91
1546146709.94
1546146709.97
1546146710.01
1546146710.04
1546146710.08
1546146710.11
1546146710.14
1546146710.17
1546146710.21
1546146710.24
1546146710.28
1546146710.31
1546146710.34
1546146710.38
1546146710.41
1546146710.44
1546146710.47
1546146710.51
1546146710.54
1546146710.57
1546146710.61
1546146710.64
1546146710.67
1546146710.71
1546146710.74
1546146710.78
1546146710.81
1546146710.84
1546146710.87
1546146710.91
1546146710.94
1546146710.97
1546146711.01
1546146711.04
1546146711.07
1546146711.11
1546146711.14
1546146711.17
1546146711.21
1546146711.24
1546146711.27
1546146711.31
1546146711.34
1546146711.37
1546146711.41
1546146711.44
1546146711.47
1546146711.51
1546146711.54
1546146711.58
1546146711.61
1546146711.64
1546146711.67
1546146711.71
1546146711.74
1546146711.77
1546146711.81
1546146711.84
1546146711.87
1546146711.91
1546146711.94
1546146711.97
1546146712.01
1546146712.04
1546146712.08
1546146712.11
1546146712.14
1546146712.17
1546146712.21
1546146712.24
1546146712.27
1546146712.31
1546146712.34
1546146712.37
1546146712.41
1546146712.44
1546146712.47
1546146712.51
1546146712.54
1546146712.57
1546146712.61
1546146712.64
1546146712.67
1546146712.71
1546146712.74
1546146712.78
1546146712.81
1546146712.84
1546146712.87
1546146712.91
1546146712.94
1546146712.97
1546146713.01
1546146713.04
1546146713.07
1546146713.11
1546146713.14
1546146713.17
1546146713.21
1546146713.24
1546146713.28
1546146713.31
1546146713.34
1546146713.37
1546146713.41
1546146713.44
1546146713.48
1546146713.51
1546146713.54
1546146713.58
1546146713.61
1546146713.64
1546146713.67
1546146713.71
1546146713.74
1546146713.78
1546146713.81
1546146713.84
1546146713.88
1546146713.91
1546146713.94
1546146713.97
1546146714.01
1546146714.04
1546146714.08
1546146714.11
1546146714.14
1546146714.17
1546146714.21
1546146714.24
1546146714.27
1546146714.31
1546146714.34
1546146714.38
1546146714.41
1546146714.44
1546146714.47
1546146714.51
1546146714.54
1546146714.58
1546146714.61
1546146714.64
1546146714.67
1546146714.71
1546146714.74
1546146714.78
1546146714.81
1546146714.84
1546146714.88
1546146714.91
1546146714.94
1546146714.97
1546146715.01
1546146715.04
1546146715.08
1546146715.11
1546146715.14
1546146715.18
1546146715.21
1546146715.24
1546146715.28
1546146715.31
1546146715.34
1546146715.38
1546146715.41
1546146715.44
1546146715.47
1546146715.51
1546146715.54
1546146715.58
1546146715.61
1546146715.64
1546146715.67
1546146715.71
1546146715.74
1546146715.77
1546146715.81
1546146715.84
1546146715.88
1546146715.91
1546146715.94
1546146715.98
1546146716.01
1546146716.04
1546146716.08
1546146716.11
1546146716.14
1546146716.17
1546146716.21
1546146716.24
1546146716.28
1546146716.31
1546146716.34
1546146716.38
1546146716.41
1546146716.44
1546146716.48
1546146716.51
1546146716.54
1546146716.58
1546146716.61
1546146716.64
1546146716.67
1546146716.71
1546146716.74
1546146716.78
1546146716.81
1546146716.84
1546146716.88
1546146716.91
1546146716.94
1546146716.98
1546146717.01
1546146717.04
1546146717.08
1546146717.11
1546146717.14
1546146717.18
1546146717.21
1546146717.24
1546146717.28
1546146717.31
1546146717.34
1546146717.38
1546146717.41
1546146717.44
1546146717.48
1546146717.51
1546146717.54
1546146717.58
1546146717.61
1546146717.64
1546146717.68
1546146717.71
1546146717.74
1546146717.78
1546146717.81
1546146717.84
1546146717.88
1546146717.91
1546146717.94
1546146717.98
1546146718.01
1546146718.04
1546146718.08
1546146718.11
1546146718.14
1546146718.17
1546146718.21
1546146718.24
1546146718.28
1546146718.31
1546146718.34
1546146718.38
1546146718.41
1546146718.44
1546146718.48
1546146718.51
1546146718.54
1546146718.58
1546146718.61
1546146718.64
1546146718.67
1546146718.71
1546146718.74
1546146718.78
1546146718.81
1546146718.84
1546146718.88
1546146718.91
1546146718.94
1546146718.98
1546146719.01
1546146719.04
1546146719.08
1546146719.11
1546146719.14
1546146719.18
1546146719.21
1546146719.24
1546146719.28
1546146719.31
1546146719.34
1546146719.38
1546146719.41
1546146719.44
1546146719.48
1546146719.51
1546146719.54
1546146719.58
1546146719.61
1546146719.64
1546146719.68
1546146719.71
1546146719.74
1546146719.78
1546146719.81
1546146719.84
1546146719.88
1546146719.91
1546146719.94
1546146719.98
1546146720.01
1546146720.04
1546146720.08
1546146720.11
1546146720.14
1546146720.18
1546146720.21
1546146720.24
1546146720.28
1546146720.31
1546146720.35
1546146720.38
1546146720.41
1546146720.44
1546146720.48
1546146720.51
1546146720.55
1546146720.58
1546146720.61
1546146720.64
1546146720.68
1546146720.71
1546146720.74
1546146720.78
1546146720.81
1546146720.84
1546146720.88
1546146720.91
1546146720.94
1546146720.98
1546146721.01
1546146721.04
1546146721.08
1546146721.11
1546146721.14
1546146721.18
1546146721.21
1546146721.24
1546146721.28
1546146721.31
1546146721.34
1546146721.38
1546146721.41
1546146721.44
1546146721.48
1546146721.51
1546146721.55
1546146721.58
1546146721.61
1546146721.64
1546146721.68
1546146721.71
1546146721.74
1546146721.78
1546146721.81
1546146721.84
1546146721.88
1546146721.91
1546146721.94
1546146721.98
1546146722.01
1546146722.05
1546146722.08
1546146722.11
1546146722.14
1546146722.17
1546146722.2
1546146722.24
1546146722.27
1546146722.3
1546146722.34
1546146722.37
1546146722.4
1546146722.44
1546146722.47
1546146722.5
1546146722.54
1546146722.57
1546146722.6
1546146722.64
1546146722.67
1546146722.7
1546146722.74
1546146722.77
1546146722.8
1546146722.84
1546146722.87
1546146722.9
1546146722.94
1546146722.97
1546146723.0
1546146723.04
1546146723.07
1546146723.1
1546146723.14
1546146723.17
1546146723.2
1546146723.24
1546146723.27
1546146723.3
1546146723.34
1546146723.37
1546146723.4
1546146723.44
1546146723.47
1546146723.5
1546146723.54
1546146723.57
1546146723.6
1546146723.64
1546146723.67
1546146723.7
1546146723.74
1546146723.77
1546146723.8
1546146723.84
1546146723.87
1546146723.9
1546146723.94
1546146723.97
1546146724.0
1546146724.04
1546146724.07
1546146724.1
1546146724.14
1546146724.17
