90590.1 -8008.25 995856 392222 403498 -913919 -44054.4 -72949 910485 405817 -79560.8 100628 0 0 0 1 20 
86323 5226.16 996253 355575 -405822 -913078 39953.4 80998.8 909866 -407751 -76698.7 113168 0 0 0 1 20 
90590.1 -8008.25 995856 392222 403498 -913919 -44054.4 -72949 910485 405817 -79560.8 100628 0 0 0 1 20 
86323 5226.16 996253 355575 -405822 -913078 39953.4 80998.8 909866 -407751 -76698.7 113168 0 0 0 1 20 
90590.1 -8008.25 995856 392222 403498 -913919 -44054.4 -72949 910485 405817 -79560.8 100628 0 0 0 1 20 
86323 5226.16 996253 355575 -405822 -913078 39953.4 80998.8 909866 -407751 -76698.7 113168 0 0 0 1 20 
90590.1 -8008.25 995856 392222 403498 -913919 -44054.4 -72949 910485 405817 -79560.8 100628 0 0 0 1 20 
86323 5226.16 996253 355575 -405822 -913078 39953.4 80998.8 909866 -407751 -76698.7 113168 0 0 0 1 20 
90590.1 -8008.25 995856 392222 403498 -913919 -44054.4 -72949 910485 405817 -79560.8 100628 0 0 0 1 20 
86323 5226.16 996253 355575 -405822 -913078 39953.4 80998.8 909866 -407751 -76698.7 113168 0 0 0 1 20 
90590.1 -8008.25 995856 392222 403498 -913919 -44054.4 -72949 910485 405817 -79560.8 100628 0 0 0 1 20 
86323 5226.16 996253 355575 -405822 -913078 39953.4 80998.8 909866 -407751 -76698.7 113168 0 0 0 1 20 
90590.1 -8008.25 995856 392222 403498 -913919 -44054.4 -72949 910485 405817 -79560.8 100628 0 0 0 1 20 
86323 5226.16 996253 355575 -405822 -913078 39953.4 80998.8 909866 -407751 -76698.7 113168 0 0 0 1 20 
90590.1 -8008.25 995856 392222 403498 -913919 -44054.4 -72949 910485 405817 -79560.8 100628 0 0 0 1 20 
86323 5226.16 996253 355575 -405822 -913078 39953.4 80998.8 909866 -407751 -76698.7 113168 0 0 0 1 20 
90590.1 -8008.25 995856 392222 403498 -913919 -44054.4 -72949 910485 405817 -79560.8 100628 0 0 0 1 20 
86323 5226.16 996253 355575 -405822 -913078 39953.4 80998.8 909866 -407751 -76698.7 113168 0 0 0 1 20 
90590.1 -8008.25 995856 392222 403498 -913919 -44054.4 -72949 910485 405817 -79560.8 100628 0 0 0 1 20 
86323 5226.16 996253 355575 -405822 -913078 39953.4 80998.8 909866 -407751 -76698.7 113168 0 0 0 1 20 
90590.1 -8008.25 995856 392222 403498 -913919 -44054.4 -72949 910485 405817 -79560.8 100628 0 0 0 1 20 
86323 5226.16 996253 355575 -405822 -913078 39953.4 80998.8 909866 -407751 -76698.7 113168 0 0 0 1 20 
90590.1 -8008.25 995856 392222 403498 -913919 -44054.4 -72949 910485 405817 -79560.8 100628 0 0 0 1 20 
86323 5226.16 996253 355575 -405822 -913078 39953.4 80998.8 909866 -407751 -76698.7 113168 0 0 0 1 20 
90590.1 -8008.25 995856 392222 403498 -913919 -44054.4 -72949 910485 405817 -79560.8 100628 0 0 0 1 20 
86323 5226.16 996253 355575 -405822 -913078 39953.4 80998.8 909866 -407751 -76698.7 113168 0 0 0 1 20 
90590.1 -8008.25 995856 392222 403498 -913919 -44054.4 -72949 910485 405817 -79560.8 100628 0 0 0 1 20 
86323 5226.16 996253 355575 -405822 -913078 39953.4 80998.8 909866 -407751 -76698.7 113168 0 0 0 1 20 
90590.1 -8008.25 995856 392222 403498 -913919 -44054.4 -72949 910485 405817 -79560.8 100628 0 0 0 1 20 
86323 5226.16 996253 355575 -405822 -913078 39953.4 80998.8 909866 -407751 -76698.7 113168 0 0 0 1 20 
90590.1 -8008.25 995856 392222 403498 -913919 -44054.4 -72949 910485 405817 -79560.8 100628 0 0 0 1 20 
86323 5226.16 996253 355575 -405822 -913078 39953.4 80998.8 909866 -407751 -76698.7 113168 0 0 0 1 20 
90590.1 -8008.25 995856 392222 403498 -913919 -44054.4 -72949 910485 405817 -79560.8 100628 0 0 0 1 20 
86323 5226.16 996253 355575 -405822 -913078 39953.4 80998.8 909866 -407751 -76698.7 113168 0 0 0 1 20 
90590.1 -8008.25 995856 392222 403498 -913919 -44054.4 -72949 910485 405817 -79560.8 100628 0 0 0 1 20 
86323 5226.16 996253 355575 -405822 -913078 39953.4 80998.8 909866 -407751 -76698.7 113168 0 0 0 1 20 
90590.1 -8008.25 995856 392222 403498 -913919 -44054.4 -72949 910485 405817 -79560.8 100628 0 0 0 1 20 
86323 5226.16 996253 355575 -405822 -913078 39953.4 80998.8 909866 -407751 -76698.7 113168 0 0 0 1 20 
90590.1 -8008.25 995856 392222 403498 -913919 -44054.4 -72949 910485 405817 -79560.8 100628 0 0 0 1 20 
86323 5226.16 996253 355575 -405822 -913078 39953.4 80998.8 909866 -407751 -76698.7 113168 0 0 0 1 20 
90590.1 -8008.25 995856 392222 403498 -913919 -44054.4 -72949 910485 405817 -79560.8 100628 0 0 0 1 20 
86323 5226.16 996253 355575 -405822 -913078 39953.4 80998.8 909866 -407751 -76698.7 113168 0 0 0 1 20 
90590.1 -8008.25 995856 392222 403498 -913919 -44054.4 -72949 910485 405817 -79560.8 100628 0 0 0 1 20 
86323 5226.16 996253 355575 -405822 -913078 39953.4 80998.8 909866 -407751 -76698.7 113168 0 0 0 1 20 
90590.1 -8008.25 995856 392222 403498 -913919 -44054.4 -72949 910485 405817 -79560.8 100628 0 0 0 1 20 
86323 5226.16 996253 355575 -405822 -913078 39953.4 80998.8 909866 -407751 -76698.7 113168 0 0 0 1 20 
90590.1 -8008.25 995856 392222 403498 -913919 -44054.4 -72949 910485 405817 -79560.8 100628 0 0 0 1 20 
86323 5226.16 996253 355575 -405822 -913078 39953.4 80998.8 909866 -407751 -76698.7 113168 0 0 0 1 20 
90590.1 -8008.25 995856 392222 403498 -913919 -44054.4 -72949 910485 405817 -79560.8 100628 0 0 0 1 20 
86323 5226.16 996253 355575 -405822 -913078 39953.4 80998.8 909866 -407751 -76698.7 113168 0 0 0 1 20 
90590.1 -8008.25 995856 392222 403498 -913919 -44054.4 -72949 910485 405817 -79560.8 100628 0 0 0 1 20 
86323 5226.16 996253 355575 -405822 -913078 39953.4 80998.8 909866 -407751 -76698.7 113168 0 0 0 1 20 
90590.1 -8008.25 995856 392222 403498 -913919 -44054.4 -72949 910485 405817 -79560.8 100628 0 0 0 1 20 
86323 5226.16 996253 355575 -405822 -913078 39953.4 80998.8 909866 -407751 -76698.7 113168 0 0 0 1 20 
90590.1 -8008.25 995856 392222 403498 -913919 -44054.4 -72949 910485 405817 -79560.8 100628 0 0 0 1 20 
86323 5226.16 996253 355575 -405822 -913078 39953.4 80998.8 909866 -407751 -76698.7 113168 0 0 0 1 20 
90590.1 -8008.25 995856 392222 403498 -913919 -44054.4 -72949 910485 405817 -79560.8 100628 0 0 0 1 20 
86323 5226.16 996253 355575 -405822 -913078 39953.4 80998.8 909866 -407751 -76698.7 113168 0 0 0 1 20 
90590.1 -8008.25 995856 392222 403498 -913919 -44054.4 -72949 910485 405817 -79560.8 100628 0 0 0 1 20 
86323 5226.16 996253 355575 -405822 -913078 39953.4 80998.8 909866 -407751 -76698.7 113168 0 0 0 1 20 
90590.1 -8008.25 995856 392222 403498 -913919 -44054.4 -72949 910485 405817 -79560.8 100628 0 0 0 1 20 
86323 5226.16 996253 355575 -405822 -913078 39953.4 80998.8 909866 -407751 -76698.7 113168 0 0 0 1 20 
90590.1 -8008.25 995856 392222 403498 -913919 -44054.4 -72949 910485 405817 -79560.8 100628 0 0 0 1 20 
86323 5226.16 996253 355575 -405822 -913078 39953.4 80998.8 909866 -407751 -76698.7 113168 0 0 0 1 20 
90590.1 -8008.25 995856 392222 403498 -913919 -44054.4 -72949 910485 405817 -79560.8 100628 0 0 0 1 20 
86323 5226.16 996253 355575 -405822 -913078 39953.4 80998.8 909866 -407751 -76698.7 113168 0 0 0 1 20 
90590.1 -8008.25 995856 392222 403498 -913919 -44054.4 -72949 910485 405817 -79560.8 100628 0 0 0 1 20 
86323 5226.16 996253 355575 -405822 -913078 39953.4 80998.8 909866 -407751 -76698.7 113168 0 0 0 1 20 
90590.1 -8008.25 995856 392222 403498 -913919 -44054.4 -72949 910485 405817 -79560.8 100628 0 0 0 1 20 
86323 5226.16 996253 355575 -405822 -913078 39953.4 80998.8 909866 -407751 -76698.7 113168 0 0 0 1 20 
90590.1 -8008.25 995856 392222 403498 -913919 -44054.4 -72949 910485 405817 -79560.8 100628 0 0 0 1 20 
86323 5226.16 996253 355575 -405822 -913078 39953.4 80998.8 909866 -407751 -76698.7 113168 0 0 0 1 20 
90590.1 -8008.25 995856 392222 403498 -913919 -44054.4 -72949 910485 405817 -79560.8 100628 0 0 0 1 20 
86323 5226.16 996253 355575 -405822 -913078 39953.4 80998.8 909866 -407751 -76698.7 113168 0 0 0 1 20 
