1546228962.63
1546228962.77
1546228962.81
1546228962.84
1546228962.87
1546228962.9
1546228962.93
1546228962.96
1546228962.99
1546228963.02
1546228963.05
1546228963.09
1546228963.12
1546228963.15
1546228963.18
1546228963.22
1546228963.25
1546228963.29
1546228963.32
1546228963.35
1546228963.38
1546228963.42
1546228963.45
1546228963.48
1546228963.52
1546228963.55
1546228963.58
1546228963.62
1546228963.65
1546228963.68
1546228963.72
1546228963.75
1546228963.78
1546228963.82
1546228963.85
1546228963.88
1546228963.92
1546228963.95
1546228963.98
1546228964.02
1546228964.05
1546228964.08
1546228964.12
1546228964.15
1546228964.18
1546228964.22
1546228964.25
1546228964.28
1546228964.32
1546228964.35
1546228964.38
1546228964.42
1546228964.45
1546228964.48
1546228964.52
1546228964.55
1546228964.58
1546228964.62
1546228964.65
1546228964.68
1546228964.72
1546228964.75
1546228964.78
1546228964.82
1546228964.85
1546228964.88
1546228964.92
1546228964.95
1546228964.98
1546228965.02
1546228965.05
1546228965.08
1546228965.12
1546228965.15
1546228965.18
1546228965.22
1546228965.25
1546228965.28
1546228965.32
1546228965.35
1546228965.38
1546228965.42
1546228965.45
1546228965.48
1546228965.52
1546228965.55
1546228965.58
1546228965.62
1546228965.65
1546228965.68
1546228965.72
1546228965.75
1546228965.78
1546228965.82
1546228965.85
1546228965.88
1546228965.92
1546228965.95
1546228965.98
1546228966.02
1546228966.05
1546228966.08
1546228966.12
1546228966.15
1546228966.18
1546228966.22
1546228966.25
1546228966.28
1546228966.32
1546228966.35
1546228966.38
1546228966.42
1546228966.45
1546228966.48
1546228966.52
1546228966.55
1546228966.58
1546228966.62
1546228966.65
1546228966.68
1546228966.72
1546228966.75
1546228966.78
1546228966.82
1546228966.85
1546228966.88
1546228966.92
1546228966.95
1546228966.98
1546228967.02
1546228967.05
1546228967.08
1546228967.12
1546228967.15
1546228967.18
1546228967.22
1546228967.25
1546228967.28
1546228967.32
1546228967.35
1546228967.38
1546228967.42
1546228967.45
1546228967.48
1546228967.52
1546228967.55
1546228967.59
1546228967.62
1546228967.65
1546228967.68
1546228967.72
1546228967.75
1546228967.78
1546228967.82
1546228967.85
1546228967.88
1546228967.92
1546228967.95
1546228967.98
1546228968.02
1546228968.05
1546228968.08
1546228968.12
1546228968.15
1546228968.18
1546228968.22
1546228968.25
1546228968.28
1546228968.32
1546228968.35
1546228968.38
1546228968.42
1546228968.45
1546228968.48
1546228968.52
1546228968.55
1546228968.58
1546228968.62
1546228968.65
1546228968.68
1546228968.71
1546228968.75
1546228968.78
1546228968.82
1546228968.85
1546228968.88
1546228968.91
1546228968.95
1546228968.98
1546228969.02
1546228969.05
1546228969.08
1546228969.12
1546228969.15
1546228969.18
1546228969.21
1546228969.25
1546228969.28
1546228969.31
1546228969.35
1546228969.38
1546228969.41
1546228969.45
1546228969.48
1546228969.51
1546228969.55
1546228969.58
1546228969.61
1546228969.65
1546228969.68
1546228969.71
1546228969.75
1546228969.78
1546228969.81
1546228969.85
1546228969.88
1546228969.91
1546228969.95
1546228969.98
1546228970.02
1546228970.05
1546228970.08
1546228970.11
1546228970.15
1546228970.18
1546228970.21
1546228970.25
1546228970.28
1546228970.32
1546228970.35
1546228970.38
1546228970.41
1546228970.45
1546228970.48
1546228970.52
1546228970.55
1546228970.58
1546228970.62
1546228970.65
1546228970.68
1546228970.72
1546228970.75
1546228970.78
1546228970.82
1546228970.85
1546228970.88
1546228970.91
1546228970.95
1546228970.98
1546228971.02
1546228971.05
1546228971.08
1546228971.12
1546228971.15
1546228971.18
1546228971.22
1546228971.25
1546228971.28
1546228971.32
1546228971.35
1546228971.38
1546228971.42
1546228971.45
1546228971.48
1546228971.52
1546228971.55
1546228971.58
1546228971.62
1546228971.65
1546228971.68
1546228971.72
1546228971.75
1546228971.78
1546228971.82
1546228971.85
1546228971.88
1546228971.92
1546228971.95
1546228971.98
1546228972.02
1546228972.05
1546228972.08
1546228972.12
1546228972.15
1546228972.18
1546228972.22
1546228972.25
1546228972.28
1546228972.32
1546228972.35
1546228972.38
1546228972.42
1546228972.45
1546228972.48
1546228972.52
1546228972.55
1546228972.58
1546228972.62
1546228972.65
1546228972.68
1546228972.72
1546228972.75
1546228972.79
1546228972.82
1546228972.85
1546228972.88
1546228972.92
1546228972.95
1546228972.99
1546228973.02
1546228973.05
1546228973.09
1546228973.12
1546228973.15
1546228973.19
1546228973.22
1546228973.25
1546228973.29
1546228973.32
1546228973.35
1546228973.38
1546228973.42
1546228973.45
1546228973.48
1546228973.52
1546228973.55
1546228973.59
1546228973.62
1546228973.65
1546228973.69
1546228973.72
1546228973.75
1546228973.79
1546228973.82
1546228973.85
1546228973.89
1546228973.92
1546228973.95
1546228973.99
1546228974.02
1546228974.05
1546228974.09
1546228974.12
1546228974.15
1546228974.19
1546228974.22
1546228974.25
1546228974.29
1546228974.32
1546228974.36
1546228974.39
1546228974.42
1546228974.45
1546228974.49
1546228974.52
1546228974.55
1546228974.59
1546228974.62
1546228974.65
1546228974.69
1546228974.72
1546228974.75
1546228974.79
1546228974.82
1546228974.86
1546228974.89
1546228974.92
1546228974.95
1546228974.99
1546228975.02
1546228975.05
1546228975.09
1546228975.12
1546228975.15
1546228975.19
1546228975.22
1546228975.25
1546228975.28
1546228975.31
1546228975.35
1546228975.38
1546228975.41
1546228975.45
1546228975.48
1546228975.51
1546228975.55
1546228975.58
1546228975.61
1546228975.65
1546228975.68
1546228975.71
1546228975.75
1546228975.78
1546228975.82
1546228975.85
1546228975.88
1546228975.91
1546228975.95
1546228975.98
1546228976.01
1546228976.05
1546228976.08
1546228976.11
1546228976.15
1546228976.18
1546228976.21
1546228976.25
1546228976.28
1546228976.32
1546228976.35
1546228976.38
1546228976.41
1546228976.45
1546228976.48
1546228976.51
1546228976.55
1546228976.58
1546228976.61
1546228976.65
1546228976.68
1546228976.71
1546228976.75
1546228976.78
1546228976.81
1546228976.85
1546228976.88
1546228976.91
1546228976.95
1546228976.98
1546228977.02
1546228977.05
1546228977.08
1546228977.11
1546228977.15
1546228977.18
1546228977.21
1546228977.25
1546228977.28
1546228977.31
1546228977.35
1546228977.38
1546228977.41
1546228977.45
1546228977.48
1546228977.51
1546228977.55
1546228977.58
1546228977.61
1546228977.65
1546228977.68
1546228977.71
1546228977.75
1546228977.78
1546228977.81
1546228977.85
1546228977.88
1546228977.91
1546228977.95
1546228977.98
1546228978.01
1546228978.05
1546228978.08
1546228978.11
1546228978.15
1546228978.18
1546228978.21
1546228978.25
1546228978.28
1546228978.31
1546228978.35
1546228978.38
1546228978.41
1546228978.45
1546228978.48
1546228978.51
1546228978.55
1546228978.58
1546228978.61
1546228978.65
1546228978.68
1546228978.71
1546228978.75
1546228978.78
1546228978.81
1546228978.85
1546228978.88
1546228978.91
1546228978.95
1546228978.98
1546228979.01
1546228979.05
1546228979.08
1546228979.11
1546228979.15
1546228979.18
1546228979.21
1546228979.25
1546228979.28
1546228979.31
1546228979.35
1546228979.38
1546228979.41
1546228979.45
1546228979.48
1546228979.51
1546228979.55
1546228979.58
1546228979.61
1546228979.65
1546228979.68
1546228979.71
1546228979.75
1546228979.78
1546228979.81
1546228979.85
1546228979.88
1546228979.91
1546228979.95
1546228979.98
1546228980.01
1546228980.05
1546228980.08
1546228980.11
1546228980.15
1546228980.18
1546228980.21
1546228980.25
1546228980.28
1546228980.31
1546228980.35
1546228980.38
1546228980.41
1546228980.45
1546228980.48
1546228980.51
1546228980.55
1546228980.58
1546228980.61
1546228980.65
1546228980.68
1546228980.71
1546228980.75
1546228980.78
1546228980.81
1546228980.85
1546228980.88
1546228980.91
1546228980.95
1546228980.98
1546228981.01
1546228981.05
1546228981.08
1546228981.11
1546228981.15
1546228981.18
1546228981.21
1546228981.25
1546228981.28
1546228981.31
1546228981.35
1546228981.38
1546228981.41
1546228981.45
1546228981.48
1546228981.51
1546228981.55
1546228981.58
1546228981.61
1546228981.65
1546228981.68
1546228981.71
1546228981.75
1546228981.78
1546228981.81
1546228981.85
1546228981.88
1546228981.91
1546228981.95
1546228981.98
1546228982.01
1546228982.05
1546228982.08
1546228982.11
1546228982.15
1546228982.18
1546228982.21
1546228982.25
1546228982.28
1546228982.31
1546228982.35
1546228982.38
1546228982.41
1546228982.45
1546228982.48
1546228982.52
1546228982.55
1546228982.58
1546228982.62
1546228982.65
1546228982.68
1546228982.71
1546228982.75
1546228982.78
1546228982.81
1546228982.85
1546228982.88
1546228982.91
1546228982.95
1546228982.98
1546228983.01
1546228983.05
1546228983.08
1546228983.11
1546228983.15
1546228983.18
1546228983.21
1546228983.25
1546228983.28
1546228983.31
1546228983.35
1546228983.38
1546228983.41
1546228983.45
1546228983.48
1546228983.51
1546228983.55
1546228983.58
1546228983.61
1546228983.65
1546228983.68
1546228983.71
1546228983.75
1546228983.78
1546228983.81
1546228983.85
1546228983.88
1546228983.91
1546228983.95
1546228983.98
1546228984.01
1546228984.05
1546228984.08
1546228984.11
1546228984.15
1546228984.18
1546228984.21
1546228984.25
1546228984.28
1546228984.31
1546228984.35
1546228984.38
1546228984.41
1546228984.45
1546228984.48
1546228984.51
1546228984.55
1546228984.58
1546228984.61
1546228984.65
1546228984.68
1546228984.71
1546228984.75
1546228984.78
1546228984.81
1546228984.85
1546228984.88
1546228984.91
1546228984.95
1546228984.98
1546228985.01
1546228985.05
1546228985.08
1546228985.11
1546228985.15
1546228985.18
1546228985.21
1546228985.25
1546228985.28
1546228985.31
1546228985.35
1546228985.38
1546228985.41
1546228985.45
1546228985.48
1546228985.51
1546228985.55
1546228985.58
1546228985.61
1546228985.65
1546228985.68
1546228985.71
1546228985.75
1546228985.78
1546228985.81
1546228985.85
1546228985.88
1546228985.91
1546228985.95
1546228985.98
1546228986.01
1546228986.05
1546228986.08
1546228986.11
1546228986.15
1546228986.18
1546228986.21
1546228986.24
1546228986.28
1546228986.31
1546228986.35
1546228986.38
1546228986.41
1546228986.44
1546228986.48
1546228986.51
1546228986.55
1546228986.58
1546228986.61
1546228986.65
1546228986.68
1546228986.71
1546228986.74
1546228986.78
1546228986.81
1546228986.85
1546228986.88
1546228986.91
1546228986.94
1546228986.98
1546228987.01
1546228987.05
1546228987.08
1546228987.11
1546228987.15
1546228987.18
1546228987.21
1546228987.25
1546228987.28
1546228987.31
1546228987.35
1546228987.38
1546228987.41
1546228987.45
1546228987.48
1546228987.51
1546228987.55
1546228987.58
1546228987.61
1546228987.65
1546228987.68
1546228987.71
1546228987.75
1546228987.78
1546228987.81
1546228987.85
1546228987.88
1546228987.91
1546228987.95
1546228987.98
1546228988.01
1546228988.05
1546228988.08
1546228988.11
1546228988.15
1546228988.18
1546228988.21
1546228988.25
1546228988.28
1546228988.31
1546228988.35
1546228988.38
1546228988.41
1546228988.44
1546228988.48
1546228988.51
1546228988.55
1546228988.58
1546228988.61
1546228988.64
1546228988.68
1546228988.71
1546228988.74
1546228988.78
1546228988.81
1546228988.85
1546228988.88
1546228988.91
1546228988.94
1546228988.98
1546228989.01
1546228989.05
1546228989.08
1546228989.11
1546228989.14
1546228989.18
1546228989.21
1546228989.24
1546228989.28
1546228989.31
1546228989.34
1546228989.38
1546228989.41
1546228989.44
1546228989.48
1546228989.51
1546228989.55
1546228989.58
1546228989.61
1546228989.64
1546228989.68
1546228989.71
1546228989.74
1546228989.78
1546228989.81
1546228989.84
1546228989.88
1546228989.91
1546228989.94
1546228989.98
1546228990.01
1546228990.04
1546228990.08
1546228990.11
1546228990.14
1546228990.18
1546228990.21
1546228990.24
1546228990.28
1546228990.31
1546228990.34
1546228990.38
1546228990.41
1546228990.44
1546228990.48
1546228990.51
1546228990.54
1546228990.58
1546228990.61
1546228990.64
1546228990.68
1546228990.71
1546228990.74
1546228990.78
1546228990.81
1546228990.84
1546228990.88
1546228990.91
1546228990.94
1546228990.98
1546228991.01
1546228991.04
1546228991.08
1546228991.11
1546228991.14
1546228991.18
1546228991.21
1546228991.24
1546228991.28
1546228991.31
1546228991.34
1546228991.38
1546228991.41
1546228991.44
1546228991.48
1546228991.51
1546228991.54
1546228991.58
1546228991.61
1546228991.64
1546228991.68
1546228991.71
1546228991.75
1546228991.78
1546228991.81
1546228991.85
1546228991.88
1546228991.91
1546228991.94
1546228991.98
1546228992.01
1546228992.04
1546228992.08
1546228992.11
1546228992.14
1546228992.18
1546228992.21
1546228992.24
1546228992.28
1546228992.31
1546228992.34
1546228992.38
1546228992.41
1546228992.44
1546228992.48
1546228992.51
1546228992.54
1546228992.58
1546228992.61
1546228992.64
1546228992.68
1546228992.71
1546228992.74
1546228992.78
1546228992.81
1546228992.84
1546228992.88
1546228992.91
1546228992.94
1546228992.98
1546228993.01
1546228993.05
1546228993.08
1546228993.11
1546228993.14
1546228993.18
1546228993.21
1546228993.24
1546228993.28
1546228993.31
1546228993.35
1546228993.38
1546228993.41
1546228993.45
1546228993.48
1546228993.51
1546228993.55
1546228993.58
1546228993.61
1546228993.64
1546228993.68
1546228993.71
1546228993.74
1546228993.78
1546228993.81
1546228993.85
1546228993.88
1546228993.91
1546228993.95
1546228993.98
1546228994.01
1546228994.05
1546228994.08
1546228994.11
1546228994.14
1546228994.18
1546228994.21
1546228994.24
1546228994.28
1546228994.31
1546228994.35
1546228994.38
1546228994.41
1546228994.45
1546228994.48
1546228994.51
1546228994.55
1546228994.58
1546228994.61
1546228994.65
1546228994.68
1546228994.71
1546228994.75
1546228994.78
1546228994.82
1546228994.85
1546228994.88
1546228994.91
1546228994.95
1546228994.98
1546228995.01
1546228995.05
1546228995.08
1546228995.11
1546228995.15
1546228995.18
1546228995.21
1546228995.25
1546228995.28
1546228995.31
1546228995.35
1546228995.38
1546228995.41
1546228995.45
1546228995.48
1546228995.52
1546228995.55
1546228995.58
1546228995.61
1546228995.65
1546228995.68
1546228995.71
1546228995.75
1546228995.78
1546228995.81
1546228995.85
1546228995.88
1546228995.91
1546228995.95
1546228995.98
1546228996.02
1546228996.05
1546228996.08
1546228996.11
1546228996.15
1546228996.18
1546228996.21
1546228996.25
1546228996.28
1546228996.32
1546228996.35
1546228996.38
1546228996.41
1546228996.45
1546228996.48
1546228996.52
1546228996.55
1546228996.58
1546228996.62
1546228996.65
1546228996.68
1546228996.72
1546228996.75
1546228996.78
1546228996.82
1546228996.85
1546228996.88
1546228996.92
1546228996.95
1546228996.98
1546228997.02
1546228997.05
1546228997.08
1546228997.12
1546228997.15
1546228997.18
1546228997.22
1546228997.25
1546228997.28
1546228997.32
1546228997.35
1546228997.38
1546228997.42
1546228997.45
1546228997.48
1546228997.52
1546228997.55
1546228997.58
1546228997.62
1546228997.65
1546228997.68
1546228997.72
1546228997.75
1546228997.78
1546228997.82
1546228997.85
1546228997.88
1546228997.92
1546228997.95
1546228997.98
1546228998.02
1546228998.05
1546228998.08
1546228998.12
1546228998.15
1546228998.18
1546228998.22
1546228998.25
1546228998.28
1546228998.32
1546228998.35
1546228998.38
1546228998.42
1546228998.45
1546228998.48
1546228998.52
1546228998.55
1546228998.58
1546228998.61
1546228998.64
1546228998.68
1546228998.71
1546228998.74
1546228998.78
1546228998.81
1546228998.84
1546228998.88
1546228998.91
1546228998.94
1546228998.98
1546228999.01
1546228999.04
1546228999.08
1546228999.11
1546228999.14
1546228999.18
1546228999.21
1546228999.24
1546228999.28
1546228999.31
1546228999.34
1546228999.38
1546228999.41
1546228999.44
1546228999.48
1546228999.51
1546228999.54
1546228999.58
1546228999.61
1546228999.64
1546228999.67
1546228999.71
1546228999.74
1546228999.78
1546228999.81
1546228999.84
1546228999.88
1546228999.91
1546228999.94
1546228999.98
1546229000.01
1546229000.04
1546229000.08
1546229000.11
1546229000.14
1546229000.18
1546229000.21
1546229000.24
1546229000.28
1546229000.31
1546229000.34
1546229000.38
1546229000.41
1546229000.44
1546229000.48
1546229000.51
1546229000.54
1546229000.58
1546229000.61
1546229000.64
1546229000.67
1546229000.71
1546229000.74
1546229000.78
1546229000.81
1546229000.84
1546229000.88
1546229000.91
1546229000.94
1546229000.98
1546229001.01
1546229001.04
1546229001.08
1546229001.11
1546229001.14
1546229001.18
1546229001.21
1546229001.24
1546229001.28
1546229001.31
1546229001.34
1546229001.38
1546229001.41
1546229001.44
1546229001.47
1546229001.51
1546229001.54
1546229001.58
1546229001.61
1546229001.64
1546229001.67
1546229001.71
1546229001.74
1546229001.78
1546229001.81
1546229001.84
1546229001.88
1546229001.91
1546229001.94
1546229001.97
1546229002.01
1546229002.04
1546229002.08
1546229002.11
1546229002.14
1546229002.17
1546229002.21
1546229002.24
1546229002.28
1546229002.31
1546229002.34
1546229002.38
1546229002.41
1546229002.44
1546229002.47
1546229002.51
1546229002.54
1546229002.58
1546229002.61
1546229002.64
1546229002.68
1546229002.71
1546229002.74
1546229002.78
1546229002.81
1546229002.84
1546229002.88
1546229002.91
1546229002.94
1546229002.98
1546229003.01
1546229003.04
1546229003.08
1546229003.11
1546229003.14
1546229003.17
1546229003.21
1546229003.24
1546229003.28
1546229003.31
1546229003.34
1546229003.38
1546229003.41
1546229003.44
1546229003.47
1546229003.51
1546229003.54
1546229003.58
1546229003.61
1546229003.64
1546229003.68
1546229003.71
1546229003.74
1546229003.78
1546229003.81
1546229003.84
1546229003.88
1546229003.91
1546229003.94
1546229003.98
1546229004.01
1546229004.04
1546229004.08
1546229004.11
1546229004.14
1546229004.17
1546229004.21
1546229004.24
1546229004.28
1546229004.31
1546229004.34
1546229004.38
1546229004.41
1546229004.44
1546229004.47
1546229004.51
1546229004.54
1546229004.58
1546229004.61
1546229004.64
1546229004.68
1546229004.71
1546229004.74
1546229004.78
1546229004.81
1546229004.84
1546229004.88
1546229004.91
1546229004.94
1546229004.98
1546229005.01
1546229005.04
1546229005.08
1546229005.11
1546229005.14
1546229005.18
1546229005.21
1546229005.24
1546229005.28
1546229005.31
1546229005.34
1546229005.38
1546229005.41
1546229005.44
1546229005.48
1546229005.51
1546229005.54
1546229005.58
1546229005.61
1546229005.64
1546229005.68
1546229005.71
1546229005.74
1546229005.78
1546229005.81
1546229005.84
1546229005.88
1546229005.91
1546229005.94
1546229005.98
1546229006.01
1546229006.04
1546229006.08
1546229006.11
1546229006.14
1546229006.18
1546229006.21
1546229006.24
1546229006.28
1546229006.31
1546229006.34
1546229006.38
1546229006.41
1546229006.44
1546229006.47
1546229006.51
1546229006.54
1546229006.58
1546229006.61
1546229006.64
1546229006.67
1546229006.71
1546229006.74
1546229006.78
1546229006.81
1546229006.84
1546229006.88
1546229006.91
1546229006.94
1546229006.98
1546229007.01
1546229007.04
1546229007.08
1546229007.11
1546229007.14
1546229007.18
1546229007.21
1546229007.24
1546229007.28
1546229007.31
1546229007.34
1546229007.38
1546229007.41
1546229007.44
1546229007.48
1546229007.51
1546229007.54
1546229007.58
1546229007.61
1546229007.64
1546229007.67
1546229007.71
1546229007.74
1546229007.78
1546229007.81
1546229007.84
1546229007.88
1546229007.91
1546229007.94
1546229007.97
1546229008.01
1546229008.04
1546229008.08
1546229008.11
1546229008.14
1546229008.17
1546229008.21
1546229008.24
1546229008.28
1546229008.31
1546229008.34
1546229008.38
1546229008.41
1546229008.44
1546229008.48
1546229008.51
1546229008.54
1546229008.58
1546229008.61
1546229008.64
1546229008.67
1546229008.71
1546229008.74
1546229008.77
1546229008.81
1546229008.84
1546229008.88
1546229008.91
1546229008.94
1546229008.97
1546229009.01
1546229009.04
1546229009.08
1546229009.11
1546229009.14
1546229009.17
1546229009.21
1546229009.24
1546229009.27
1546229009.31
1546229009.34
1546229009.37
1546229009.41
1546229009.44
1546229009.47
1546229009.51
1546229009.54
1546229009.57
1546229009.61
1546229009.64
1546229009.68
1546229009.71
1546229009.74
1546229009.78
1546229009.81
1546229009.84
1546229009.88
1546229009.91
1546229009.94
1546229009.97
1546229010.01
1546229010.04
1546229010.08
1546229010.11
1546229010.14
1546229010.17
1546229010.21
1546229010.24
1546229010.28
1546229010.31
1546229010.34
1546229010.38
1546229010.41
1546229010.44
1546229010.47
1546229010.51
1546229010.54
1546229010.58
1546229010.61
1546229010.64
1546229010.67
1546229010.71
1546229010.74
1546229010.78
1546229010.81
1546229010.84
1546229010.88
1546229010.91
1546229010.94
1546229010.97
1546229011.01
1546229011.04
1546229011.08
1546229011.11
1546229011.14
1546229011.18
1546229011.21
1546229011.24
1546229011.28
1546229011.31
1546229011.34
1546229011.38
1546229011.41
1546229011.44
1546229011.48
1546229011.51
1546229011.54
1546229011.58
1546229011.61
1546229011.64
1546229011.68
1546229011.71
1546229011.74
1546229011.78
1546229011.81
1546229011.84
1546229011.88
1546229011.91
1546229011.94
1546229011.98
1546229012.01
1546229012.04
1546229012.08
1546229012.11
1546229012.14
1546229012.17
1546229012.21
1546229012.24
1546229012.28
1546229012.31
1546229012.34
1546229012.38
1546229012.41
1546229012.44
1546229012.47
1546229012.51
1546229012.54
1546229012.57
1546229012.61
1546229012.64
1546229012.67
1546229012.71
1546229012.74
1546229012.77
1546229012.81
1546229012.84
1546229012.88
1546229012.91
1546229012.94
1546229012.97
1546229013.01
1546229013.04
1546229013.07
1546229013.11
1546229013.14
1546229013.17
1546229013.21
1546229013.24
1546229013.28
1546229013.31
1546229013.34
1546229013.38
1546229013.41
1546229013.44
1546229013.48
1546229013.51
1546229013.54
1546229013.57
1546229013.61
1546229013.64
1546229013.67
1546229013.71
1546229013.74
1546229013.77
1546229013.81
1546229013.84
1546229013.88
1546229013.91
1546229013.94
1546229013.97
1546229014.01
1546229014.04
1546229014.07
1546229014.11
1546229014.14
1546229014.17
1546229014.21
1546229014.24
1546229014.27
1546229014.31
1546229014.34
1546229014.38
1546229014.41
1546229014.44
1546229014.47
1546229014.51
1546229014.54
1546229014.57
1546229014.61
1546229014.64
1546229014.67
1546229014.71
1546229014.74
1546229014.77
1546229014.81
1546229014.84
1546229014.87
1546229014.91
1546229014.94
1546229014.97
1546229015.01
1546229015.04
1546229015.07
1546229015.11
1546229015.14
1546229015.17
1546229015.21
1546229015.24
1546229015.27
1546229015.31
1546229015.34
1546229015.37
1546229015.41
1546229015.44
1546229015.47
1546229015.51
1546229015.54
1546229015.57
1546229015.61
1546229015.64
1546229015.67
1546229015.71
1546229015.74
1546229015.77
1546229015.81
1546229015.84
1546229015.87
1546229015.91
1546229015.94
1546229015.97
1546229016.01
1546229016.04
1546229016.07
1546229016.11
1546229016.14
1546229016.17
1546229016.21
1546229016.24
1546229016.27
1546229016.31
1546229016.34
1546229016.37
1546229016.41
1546229016.44
1546229016.47
1546229016.51
1546229016.54
1546229016.57
1546229016.61
1546229016.64
1546229016.67
1546229016.71
1546229016.74
1546229016.77
1546229016.81
1546229016.84
1546229016.87
1546229016.91
1546229016.94
1546229016.97
1546229017.01
1546229017.04
1546229017.07
1546229017.11
1546229017.14
1546229017.17
1546229017.21
1546229017.24
1546229017.27
1546229017.31
1546229017.34
1546229017.37
1546229017.41
1546229017.44
1546229017.47
1546229017.51
1546229017.54
1546229017.57
1546229017.61
1546229017.64
1546229017.67
1546229017.71
1546229017.74
1546229017.78
1546229017.81
1546229017.84
1546229017.88
1546229017.91
1546229017.94
1546229017.98
1546229018.01
1546229018.04
1546229018.08
1546229018.11
1546229018.14
1546229018.18
1546229018.21
1546229018.24
1546229018.28
1546229018.31
1546229018.34
1546229018.38
1546229018.41
1546229018.44
1546229018.48
1546229018.51
1546229018.54
1546229018.58
1546229018.61
1546229018.64
1546229018.68
1546229018.71
1546229018.74
1546229018.78
1546229018.81
1546229018.84
1546229018.88
1546229018.91
1546229018.94
1546229018.98
1546229019.01
1546229019.04
1546229019.08
1546229019.11
1546229019.14
1546229019.18
1546229019.21
1546229019.24
1546229019.28
1546229019.31
1546229019.34
1546229019.38
1546229019.41
1546229019.44
1546229019.48
1546229019.51
1546229019.54
1546229019.58
1546229019.61
1546229019.64
1546229019.68
1546229019.71
1546229019.74
1546229019.78
1546229019.81
1546229019.85
1546229019.88
1546229019.91
1546229019.94
1546229019.98
1546229020.01
1546229020.05
1546229020.08
1546229020.11
1546229020.15
1546229020.18
1546229020.21
1546229020.25
1546229020.28
1546229020.31
1546229020.35
1546229020.38
1546229020.41
1546229020.45
1546229020.48
1546229020.51
1546229020.55
1546229020.58
1546229020.61
1546229020.65
1546229020.68
1546229020.71
1546229020.75
1546229020.78
1546229020.81
1546229020.85
1546229020.88
1546229020.91
1546229020.95
1546229020.98
1546229021.02
1546229021.05
1546229021.08
1546229021.11
1546229021.15
1546229021.18
1546229021.21
1546229021.25
1546229021.28
1546229021.31
1546229021.35
1546229021.38
1546229021.41
1546229021.45
1546229021.48
1546229021.51
1546229021.55
1546229021.58
1546229021.61
1546229021.65
1546229021.68
1546229021.71
1546229021.75
1546229021.78
1546229021.81
1546229021.84
1546229021.87
1546229021.91
1546229021.94
1546229021.97
1546229022.01
1546229022.04
1546229022.07
1546229022.11
1546229022.14
1546229022.17
1546229022.2
1546229022.24
1546229022.27
1546229022.31
1546229022.34
1546229022.37
1546229022.41
1546229022.44
1546229022.47
1546229022.51
1546229022.54
1546229022.57
1546229022.61
1546229022.64
1546229022.67
1546229022.7
1546229022.74
1546229022.77
1546229022.81
1546229022.84
1546229022.87
1546229022.91
1546229022.94
1546229022.97
1546229023.01
1546229023.04
1546229023.07
1546229023.11
1546229023.14
1546229023.17
1546229023.21
1546229023.24
1546229023.27
1546229023.31
1546229023.34
1546229023.37
1546229023.41
1546229023.44
1546229023.47
1546229023.51
1546229023.54
1546229023.57
1546229023.61
1546229023.64
1546229023.67
1546229023.71
1546229023.74
1546229023.77
1546229023.81
1546229023.84
1546229023.87
1546229023.9
1546229023.94
1546229023.97
1546229024.01
1546229024.04
1546229024.07
1546229024.11
1546229024.14
1546229024.17
1546229024.21
1546229024.24
1546229024.27
1546229024.31
1546229024.34
1546229024.37
1546229024.41
1546229024.44
1546229024.47
1546229024.51
1546229024.54
1546229024.57
1546229024.61
1546229024.64
1546229024.67
1546229024.7
1546229024.74
1546229024.77
1546229024.81
1546229024.84
1546229024.87
1546229024.9
1546229024.94
1546229024.97
1546229025.01
1546229025.04
1546229025.07
1546229025.11
1546229025.14
1546229025.17
1546229025.2
1546229025.24
1546229025.27
1546229025.31
1546229025.34
1546229025.37
1546229025.4
1546229025.44
1546229025.47
1546229025.51
1546229025.54
1546229025.57
1546229025.61
1546229025.64
1546229025.67
1546229025.7
1546229025.74
1546229025.77
1546229025.81
1546229025.84
1546229025.87
1546229025.9
1546229025.94
1546229025.97
1546229026.0
1546229026.04
1546229026.07
1546229026.1
1546229026.14
1546229026.17
1546229026.2
1546229026.24
1546229026.27
1546229026.3
1546229026.34
1546229026.37
1546229026.4
1546229026.44
1546229026.47
1546229026.5
1546229026.54
1546229026.57
1546229026.6
1546229026.64
1546229026.67
1546229026.7
1546229026.74
1546229026.77
1546229026.8
1546229026.84
1546229026.87
1546229026.9
1546229026.94
1546229026.97
1546229027.0
1546229027.04
1546229027.07
1546229027.1
1546229027.14
1546229027.17
1546229027.2
1546229027.24
1546229027.27
1546229027.3
1546229027.34
1546229027.37
1546229027.4
1546229027.44
1546229027.47
1546229027.5
1546229027.54
1546229027.57
1546229027.6
1546229027.64
1546229027.67
1546229027.7
1546229027.74
1546229027.77
1546229027.8
1546229027.84
1546229027.87
1546229027.9
1546229027.94
1546229027.97
1546229028.0
1546229028.04
1546229028.07
1546229028.1
1546229028.14
1546229028.17
1546229028.2
1546229028.24
1546229028.27
1546229028.3
1546229028.34
1546229028.37
1546229028.4
1546229028.44
1546229028.47
1546229028.5
1546229028.54
1546229028.57
1546229028.6
1546229028.64
1546229028.67
1546229028.7
1546229028.74
1546229028.77
1546229028.8
1546229028.84
1546229028.87
1546229028.9
1546229028.94
1546229028.97
1546229029.0
1546229029.04
1546229029.07
1546229029.1
1546229029.14
1546229029.17
1546229029.2
1546229029.24
1546229029.27
1546229029.3
1546229029.34
1546229029.37
1546229029.4
1546229029.44
1546229029.47
1546229029.5
1546229029.54
1546229029.57
1546229029.6
1546229029.64
1546229029.67
1546229029.7
1546229029.74
1546229029.77
1546229029.8
1546229029.84
1546229029.87
1546229029.9
1546229029.94
1546229029.97
1546229030.0
1546229030.04
1546229030.07
1546229030.1
1546229030.14
1546229030.17
1546229030.2
1546229030.24
1546229030.27
1546229030.3
1546229030.34
1546229030.37
1546229030.4
1546229030.44
1546229030.47
1546229030.5
1546229030.54
1546229030.57
1546229030.6
1546229030.64
1546229030.67
1546229030.7
1546229030.74
1546229030.77
1546229030.8
1546229030.84
1546229030.87
1546229030.9
1546229030.94
1546229030.97
1546229031.0
1546229031.04
1546229031.07
1546229031.1
1546229031.13
1546229031.17
1546229031.2
1546229031.24
1546229031.27
1546229031.3
1546229031.34
1546229031.37
1546229031.4
1546229031.43
1546229031.47
1546229031.5
1546229031.54
1546229031.57
1546229031.6
1546229031.63
1546229031.67
1546229031.7
1546229031.73
1546229031.77
1546229031.8
1546229031.83
1546229031.87
1546229031.9
1546229031.93
1546229031.97
1546229032.0
1546229032.03
1546229032.07
1546229032.1
1546229032.13
1546229032.17
1546229032.2
1546229032.23
1546229032.27
1546229032.3
1546229032.33
1546229032.37
1546229032.4
1546229032.43
1546229032.47
1546229032.5
1546229032.54
1546229032.57
1546229032.6
1546229032.63
1546229032.67
1546229032.7
1546229032.73
1546229032.77
1546229032.8
1546229032.84
1546229032.87
1546229032.9
1546229032.93
1546229032.97
1546229033.0
1546229033.04
1546229033.07
1546229033.1
1546229033.13
1546229033.17
1546229033.2
1546229033.23
1546229033.27
1546229033.3
1546229033.34
1546229033.37
1546229033.4
1546229033.43
1546229033.47
1546229033.5
1546229033.54
1546229033.57
1546229033.6
1546229033.64
1546229033.67
1546229033.7
1546229033.73
1546229033.77
1546229033.8
1546229033.84
1546229033.87
1546229033.9
1546229033.93
1546229033.97
1546229034.0
1546229034.04
1546229034.07
1546229034.1
1546229034.14
1546229034.17
1546229034.2
1546229034.24
1546229034.27
1546229034.3
1546229034.34
1546229034.37
1546229034.4
1546229034.44
1546229034.47
1546229034.5
1546229034.54
1546229034.57
1546229034.6
1546229034.64
1546229034.67
1546229034.7
1546229034.74
1546229034.77
1546229034.8
1546229034.84
1546229034.87
1546229034.9
1546229034.93
1546229034.97
1546229035.0
1546229035.04
1546229035.07
1546229035.1
1546229035.13
1546229035.17
1546229035.2
1546229035.23
1546229035.27
1546229035.3
1546229035.34
1546229035.37
1546229035.4
1546229035.43
1546229035.47
1546229035.5
1546229035.54
1546229035.57
1546229035.6
1546229035.64
1546229035.67
1546229035.7
1546229035.74
1546229035.77
1546229035.8
1546229035.84
1546229035.87
1546229035.9
1546229035.93
1546229035.97
1546229036.0
1546229036.04
1546229036.07
1546229036.1
1546229036.13
1546229036.17
1546229036.2
1546229036.24
1546229036.27
1546229036.3
1546229036.34
1546229036.37
1546229036.4
1546229036.43
1546229036.47
1546229036.5
1546229036.53
1546229036.57
1546229036.6
1546229036.63
1546229036.67
1546229036.7
1546229036.73
1546229036.77
1546229036.8
1546229036.84
1546229036.87
1546229036.9
1546229036.93
1546229036.97
1546229037.0
1546229037.03
1546229037.07
1546229037.1
1546229037.13
1546229037.17
1546229037.2
1546229037.23
1546229037.27
1546229037.3
1546229037.34
1546229037.37
1546229037.4
1546229037.43
1546229037.47
1546229037.5
1546229037.54
1546229037.57
1546229037.6
1546229037.63
1546229037.67
1546229037.7
1546229037.73
1546229037.77
1546229037.8
1546229037.83
1546229037.87
1546229037.9
1546229037.93
1546229037.97
1546229038.0
1546229038.03
1546229038.07
1546229038.1
1546229038.13
1546229038.17
1546229038.2
1546229038.23
1546229038.27
1546229038.3
1546229038.33
1546229038.37
1546229038.4
1546229038.43
1546229038.47
1546229038.5
1546229038.53
1546229038.57
1546229038.6
1546229038.63
1546229038.67
1546229038.7
1546229038.73
1546229038.77
1546229038.8
1546229038.83
1546229038.87
1546229038.9
1546229038.93
1546229038.96
1546229039.0
1546229039.03
1546229039.07
1546229039.1
1546229039.13
1546229039.16
1546229039.2
1546229039.23
1546229039.27
1546229039.3
1546229039.33
1546229039.36
1546229039.4
1546229039.43
1546229039.46
1546229039.5
1546229039.53
1546229039.57
1546229039.6
1546229039.63
1546229039.67
1546229039.7
1546229039.73
1546229039.77
1546229039.8
1546229039.83
1546229039.86
1546229039.9
1546229039.93
1546229039.96
1546229040.0
1546229040.03
1546229040.07
1546229040.1
1546229040.13
1546229040.16
1546229040.2
1546229040.23
1546229040.27
1546229040.3
1546229040.33
1546229040.36
1546229040.4
1546229040.43
1546229040.46
1546229040.5
1546229040.53
1546229040.57
1546229040.6
1546229040.63
1546229040.66
1546229040.7
1546229040.73
1546229040.76
1546229040.8
1546229040.83
1546229040.87
1546229040.9
1546229040.93
1546229040.96
1546229041.0
1546229041.03
1546229041.07
1546229041.1
1546229041.13
1546229041.17
1546229041.2
1546229041.23
1546229041.27
1546229041.3
1546229041.33
1546229041.37
1546229041.4
1546229041.43
1546229041.47
1546229041.5
1546229041.53
1546229041.57
1546229041.6
1546229041.63
1546229041.66
1546229041.7
1546229041.73
1546229041.77
1546229041.8
1546229041.83
1546229041.87
1546229041.9
1546229041.93
1546229041.97
1546229042.0
1546229042.03
1546229042.07
1546229042.1
1546229042.13
1546229042.17
1546229042.2
1546229042.23
1546229042.27
1546229042.3
1546229042.33
1546229042.37
1546229042.4
1546229042.43
1546229042.47
1546229042.5
1546229042.53
1546229042.57
1546229042.6
1546229042.63
1546229042.67
1546229042.7
1546229042.73
1546229042.77
1546229042.8
1546229042.84
1546229042.87
1546229042.9
1546229042.93
1546229042.97
1546229043.0
1546229043.03
1546229043.07
1546229043.1
1546229043.13
1546229043.17
1546229043.2
1546229043.23
1546229043.27
1546229043.3
1546229043.34
1546229043.37
1546229043.4
1546229043.44
1546229043.47
1546229043.5
1546229043.54
1546229043.57
1546229043.6
1546229043.64
1546229043.67
1546229043.7
1546229043.74
1546229043.77
1546229043.8
1546229043.84
1546229043.87
1546229043.9
1546229043.94
1546229043.97
1546229044.0
1546229044.04
1546229044.07
1546229044.1
1546229044.14
1546229044.17
1546229044.2
1546229044.24
1546229044.27
1546229044.3
1546229044.34
1546229044.37
1546229044.4
1546229044.44
1546229044.47
1546229044.51
1546229044.54
1546229044.57
1546229044.61
1546229044.64
1546229044.67
1546229044.71
1546229044.74
1546229044.77
1546229044.81
1546229044.84
1546229044.87
1546229044.91
1546229044.94
1546229044.97
1546229045.0
1546229045.03
1546229045.06
1546229045.1
1546229045.13
1546229045.16
1546229045.2
1546229045.23
1546229045.26
1546229045.3
1546229045.33
1546229045.36
1546229045.4
1546229045.43
1546229045.46
1546229045.5
1546229045.53
1546229045.57
1546229045.6
1546229045.63
1546229045.66
1546229045.7
1546229045.73
1546229045.77
1546229045.8
1546229045.83
1546229045.87
1546229045.9
1546229045.93
1546229045.97
1546229046.0
1546229046.03
1546229046.07
1546229046.1
1546229046.13
1546229046.16
1546229046.2
1546229046.23
1546229046.27
1546229046.3
1546229046.33
1546229046.37
1546229046.4
1546229046.43
1546229046.46
1546229046.5
1546229046.53
1546229046.57
1546229046.6
1546229046.63
1546229046.66
1546229046.7
1546229046.73
1546229046.77
1546229046.8
1546229046.83
1546229046.86
1546229046.9
1546229046.93
1546229046.96
1546229047.0
1546229047.03
1546229047.07
1546229047.1
1546229047.13
1546229047.16
1546229047.2
1546229047.23
1546229047.26
1546229047.3
1546229047.33
1546229047.37
1546229047.4
1546229047.43
1546229047.46
1546229047.5
1546229047.53
1546229047.57
1546229047.6
1546229047.63
1546229047.66
1546229047.7
1546229047.73
1546229047.77
1546229047.8
1546229047.83
1546229047.87
1546229047.9
1546229047.93
1546229047.97
1546229048.0
1546229048.03
1546229048.07
1546229048.1
1546229048.13
1546229048.16
1546229048.2
1546229048.23
1546229048.27
1546229048.3
1546229048.33
1546229048.37
1546229048.4
1546229048.43
1546229048.47
1546229048.5
1546229048.53
1546229048.57
1546229048.6
1546229048.63
1546229048.66
1546229048.7
1546229048.73
1546229048.77
1546229048.8
1546229048.83
1546229048.87
1546229048.9
1546229048.93
1546229048.97
1546229049.0
1546229049.03
1546229049.07
1546229049.1
1546229049.13
1546229049.17
1546229049.2
1546229049.23
1546229049.27
1546229049.3
1546229049.33
1546229049.37
1546229049.4
1546229049.43
1546229049.47
1546229049.5
1546229049.53
1546229049.57
1546229049.6
1546229049.63
1546229049.67
1546229049.7
1546229049.73
1546229049.77
1546229049.8
1546229049.83
1546229049.87
1546229049.9
1546229049.93
1546229049.97
1546229050.0
1546229050.03
1546229050.07
1546229050.1
1546229050.13
1546229050.17
1546229050.2
1546229050.23
1546229050.27
1546229050.3
1546229050.33
1546229050.37
1546229050.4
1546229050.43
1546229050.47
1546229050.5
1546229050.53
1546229050.57
1546229050.6
1546229050.63
1546229050.67
1546229050.7
1546229050.73
1546229050.77
1546229050.8
1546229050.83
1546229050.87
1546229050.9
1546229050.93
1546229050.97
1546229051.0
1546229051.03
1546229051.07
1546229051.1
1546229051.13
1546229051.17
1546229051.2
1546229051.23
1546229051.27
1546229051.3
1546229051.33
1546229051.37
1546229051.4
1546229051.43
1546229051.47
1546229051.5
1546229051.53
1546229051.57
1546229051.6
1546229051.63
1546229051.67
1546229051.7
1546229051.73
1546229051.77
1546229051.8
1546229051.83
1546229051.87
1546229051.9
1546229051.93
1546229051.97
1546229052.0
1546229052.03
1546229052.07
1546229052.1
1546229052.13
1546229052.17
1546229052.2
1546229052.23
1546229052.27
1546229052.3
1546229052.33
1546229052.37
1546229052.4
1546229052.43
1546229052.47
1546229052.5
1546229052.53
1546229052.57
1546229052.6
1546229052.63
1546229052.67
1546229052.7
1546229052.73
1546229052.77
1546229052.8
1546229052.83
1546229052.87
1546229052.9
1546229052.93
1546229052.97
1546229053.0
1546229053.03
1546229053.07
1546229053.1
1546229053.13
1546229053.17
1546229053.2
1546229053.23
1546229053.27
1546229053.3
1546229053.33
1546229053.37
1546229053.4
1546229053.43
1546229053.47
1546229053.5
1546229053.53
1546229053.57
1546229053.6
1546229053.63
1546229053.67
1546229053.7
1546229053.73
1546229053.77
1546229053.8
1546229053.83
1546229053.87
1546229053.9
1546229053.93
1546229053.96
1546229054.0
1546229054.03
1546229054.07
1546229054.1
1546229054.13
1546229054.17
1546229054.2
1546229054.23
1546229054.27
1546229054.3
1546229054.33
1546229054.36
1546229054.4
1546229054.43
1546229054.46
1546229054.5
1546229054.53
1546229054.57
1546229054.6
1546229054.63
1546229054.66
1546229054.7
1546229054.73
1546229054.77
1546229054.8
1546229054.83
1546229054.87
1546229054.9
1546229054.93
1546229054.96
1546229055.0
1546229055.03
1546229055.07
1546229055.1
1546229055.13
1546229055.16
1546229055.2
1546229055.23
1546229055.27
1546229055.3
1546229055.33
1546229055.37
1546229055.4
1546229055.43
1546229055.47
1546229055.5
1546229055.53
1546229055.57
1546229055.6
1546229055.63
1546229055.67
1546229055.7
1546229055.73
1546229055.77
1546229055.8
1546229055.83
1546229055.87
1546229055.9
1546229055.93
1546229055.97
1546229056.0
1546229056.03
1546229056.07
1546229056.1
1546229056.13
1546229056.17
1546229056.2
1546229056.23
1546229056.27
1546229056.3
1546229056.33
1546229056.37
1546229056.4
1546229056.43
1546229056.47
1546229056.5
1546229056.53
1546229056.57
1546229056.6
1546229056.63
1546229056.67
1546229056.7
1546229056.73
1546229056.77
1546229056.8
1546229056.83
1546229056.87
1546229056.9
1546229056.93
1546229056.97
1546229057.0
1546229057.03
1546229057.07
1546229057.1
1546229057.13
1546229057.16
1546229057.2
1546229057.23
1546229057.27
1546229057.3
1546229057.33
1546229057.37
1546229057.4
1546229057.43
1546229057.46
1546229057.5
1546229057.53
1546229057.57
1546229057.6
1546229057.63
1546229057.66
1546229057.7
1546229057.73
1546229057.77
1546229057.8
1546229057.83
1546229057.87
1546229057.9
1546229057.93
1546229057.96
1546229058.0
1546229058.03
1546229058.07
1546229058.1
1546229058.13
1546229058.17
1546229058.2
1546229058.23
1546229058.27
1546229058.3
1546229058.33
1546229058.37
1546229058.4
1546229058.43
1546229058.47
1546229058.5
1546229058.53
1546229058.57
1546229058.6
1546229058.63
1546229058.67
1546229058.7
1546229058.73
1546229058.77
1546229058.8
1546229058.83
1546229058.87
1546229058.9
1546229058.93
1546229058.97
1546229059.0
1546229059.21
1546229059.25
1546229059.28
1546229059.3
1546229059.33
1546229059.37
1546229059.4
1546229059.43
1546229059.47
1546229059.5
1546229059.53
1546229059.57
1546229059.6
1546229059.63
1546229059.67
1546229059.7
1546229059.73
1546229059.77
1546229059.8
1546229059.83
1546229059.87
1546229059.9
1546229059.93
1546229059.97
1546229060.0
1546229060.03
1546229060.07
1546229060.1
1546229060.13
1546229060.16
1546229060.2
1546229060.23
1546229060.27
1546229060.3
1546229060.33
1546229060.37
1546229060.4
1546229060.43
1546229060.47
1546229060.5
1546229060.53
1546229060.57
1546229060.6
1546229060.63
1546229060.67
1546229060.7
1546229060.73
1546229060.77
1546229060.8
1546229060.83
1546229060.87
1546229060.9
1546229060.93
1546229060.97
1546229061.0
1546229061.03
1546229061.07
1546229061.1
1546229061.13
1546229061.16
1546229061.2
1546229061.23
1546229061.27
1546229061.3
1546229061.33
1546229061.37
1546229061.4
1546229061.43
1546229061.46
1546229061.5
1546229061.53
1546229061.57
1546229061.6
1546229061.63
1546229061.67
1546229061.7
1546229061.73
1546229061.77
1546229061.8
1546229061.83
1546229061.86
1546229061.9
1546229061.93
1546229061.96
1546229062.0
1546229062.03
1546229062.07
1546229062.1
1546229062.13
1546229062.16
1546229062.2
1546229062.23
1546229062.27
1546229062.3
1546229062.33
1546229062.36
1546229062.4
1546229062.43
1546229062.46
1546229062.5
1546229062.53
1546229062.57
1546229062.6
1546229062.63
1546229062.66
1546229062.7
1546229062.73
1546229062.77
1546229062.8
1546229062.83
1546229062.87
1546229062.9
1546229062.93
1546229062.96
1546229063.0
1546229063.03
1546229063.07
1546229063.1
1546229063.13
1546229063.16
1546229063.2
1546229063.23
1546229063.27
1546229063.3
1546229063.33
1546229063.36
1546229063.4
1546229063.43
1546229063.46
1546229063.5
1546229063.53
1546229063.56
1546229063.6
1546229063.63
1546229063.67
1546229063.7
1546229063.73
1546229063.76
1546229063.8
1546229063.83
1546229063.86
1546229063.9
1546229063.93
1546229063.96
1546229064.0
1546229064.03
1546229064.06
1546229064.1
1546229064.13
1546229064.16
1546229064.2
1546229064.23
1546229064.27
1546229064.3
1546229064.33
1546229064.36
1546229064.4
1546229064.43
1546229064.46
1546229064.5
1546229064.53
1546229064.56
1546229064.6
1546229064.63
1546229064.66
1546229064.7
1546229064.73
1546229064.77
1546229064.8
1546229064.83
1546229064.86
1546229064.9
1546229064.93
1546229064.96
1546229065.0
1546229065.03
1546229065.06
1546229065.1
1546229065.13
1546229065.16
1546229065.2
1546229065.23
1546229065.26
1546229065.3
1546229065.33
1546229065.37
1546229065.4
1546229065.43
1546229065.46
1546229065.5
1546229065.53
1546229065.57
1546229065.6
1546229065.63
1546229065.67
1546229065.7
1546229065.73
1546229065.77
1546229065.8
1546229065.83
1546229065.87
1546229065.9
1546229065.93
1546229065.97
1546229066.0
1546229066.03
1546229066.07
1546229066.1
1546229066.13
1546229066.17
1546229066.2
1546229066.23
1546229066.27
1546229066.3
1546229066.33
1546229066.37
1546229066.4
1546229066.43
1546229066.47
1546229066.5
1546229066.53
1546229066.57
1546229066.6
1546229066.63
1546229066.67
1546229066.7
1546229066.73
1546229066.77
1546229066.8
1546229066.84
1546229066.87
1546229066.9
1546229066.93
1546229066.97
1546229067.0
1546229067.04
1546229067.07
1546229067.1
1546229067.14
1546229067.17
1546229067.2
1546229067.24
1546229067.27
1546229067.3
1546229067.34
1546229067.37
1546229067.4
1546229067.44
1546229067.47
1546229067.51
1546229067.54
1546229067.57
1546229067.6
1546229067.64
1546229067.67
1546229067.7
1546229067.74
1546229067.77
1546229067.81
1546229067.84
1546229067.87
1546229067.9
1546229067.94
1546229067.97
1546229068.01
1546229068.04
1546229068.07
1546229068.1
1546229068.13
1546229068.16
1546229068.2
1546229068.23
1546229068.27
1546229068.3
1546229068.33
1546229068.36
1546229068.4
1546229068.43
1546229068.46
1546229068.5
1546229068.53
1546229068.56
1546229068.6
1546229068.63
1546229068.66
1546229068.7
1546229068.73
1546229068.76
1546229068.8
1546229068.83
1546229068.86
1546229068.9
1546229068.93
1546229068.96
1546229069.0
1546229069.03
1546229069.06
1546229069.1
1546229069.13
1546229069.16
1546229069.2
1546229069.23
1546229069.27
1546229069.3
1546229069.33
1546229069.37
1546229069.4
1546229069.43
1546229069.46
1546229069.5
1546229069.53
1546229069.57
1546229069.6
1546229069.63
1546229069.66
1546229069.7
1546229069.73
1546229069.77
1546229069.8
1546229069.83
1546229069.87
1546229069.9
1546229069.93
1546229069.96
1546229070.0
1546229070.03
1546229070.06
1546229070.1
1546229070.13
1546229070.16
1546229070.2
1546229070.23
1546229070.27
1546229070.3
1546229070.33
1546229070.36
1546229070.4
1546229070.43
1546229070.46
1546229070.5
1546229070.53
1546229070.56
1546229070.6
1546229070.63
1546229070.66
1546229070.7
1546229070.73
1546229070.76
1546229070.8
1546229070.83
1546229070.86
1546229070.9
1546229070.93
1546229070.96
1546229071.0
1546229071.03
1546229071.06
1546229071.1
1546229071.13
1546229071.16
1546229071.2
1546229071.23
1546229071.26
1546229071.3
1546229071.33
1546229071.36
1546229071.4
1546229071.43
1546229071.46
1546229071.5
1546229071.53
1546229071.56
1546229071.6
1546229071.63
1546229071.66
1546229071.7
1546229071.73
1546229071.76
1546229071.8
1546229071.83
1546229071.86
1546229071.9
1546229071.93
1546229071.96
1546229072.0
1546229072.03
1546229072.06
1546229072.1
1546229072.13
1546229072.16
1546229072.2
1546229072.23
1546229072.26
1546229072.3
1546229072.33
1546229072.36
1546229072.39
1546229072.43
1546229072.46
1546229072.5
1546229072.53
1546229072.56
1546229072.6
1546229072.63
1546229072.66
1546229072.7
1546229072.73
1546229072.76
1546229072.8
1546229072.83
1546229072.86
1546229072.89
1546229072.93
1546229072.96
1546229072.99
1546229073.03
1546229073.06
1546229073.1
1546229073.13
1546229073.16
1546229073.2
1546229073.23
1546229073.26
1546229073.3
1546229073.33
1546229073.36
1546229073.4
1546229073.43
1546229073.46
1546229073.5
1546229073.53
1546229073.56
1546229073.6
1546229073.63
1546229073.66
1546229073.7
1546229073.73
1546229073.76
1546229073.8
1546229073.83
1546229073.86
1546229073.89
1546229073.93
1546229073.96
1546229074.0
1546229074.03
1546229074.06
1546229074.1
1546229074.13
1546229074.16
1546229074.19
1546229074.23
1546229074.26
1546229074.3
1546229074.33
1546229074.36
1546229074.39
1546229074.43
1546229074.46
1546229074.49
1546229074.53
1546229074.56
1546229074.6
1546229074.63
1546229074.66
1546229074.7
1546229074.73
1546229074.76
1546229074.8
1546229074.83
1546229074.86
1546229074.89
1546229074.93
1546229074.96
1546229075.0
1546229075.03
1546229075.06
1546229075.1
1546229075.13
1546229075.16
1546229075.2
1546229075.23
1546229075.26
1546229075.3
1546229075.33
1546229075.36
1546229075.4
1546229075.43
1546229075.46
1546229075.5
1546229075.53
1546229075.56
1546229075.6
1546229075.63
1546229075.66
1546229075.7
1546229075.73
1546229075.76
1546229075.8
1546229075.83
1546229075.86
1546229075.9
1546229075.93
1546229075.96
1546229076.0
1546229076.03
1546229076.06
1546229076.1
1546229076.13
1546229076.16
1546229076.2
1546229076.23
1546229076.26
1546229076.3
1546229076.33
1546229076.36
1546229076.4
1546229076.43
1546229076.46
1546229076.5
1546229076.53
1546229076.56
1546229076.6
1546229076.63
1546229076.66
1546229076.7
1546229076.73
1546229076.76
1546229076.8
1546229076.83
1546229076.86
1546229076.9
1546229076.93
1546229076.96
1546229077.0
1546229077.03
1546229077.06
1546229077.1
1546229077.13
1546229077.16
1546229077.2
1546229077.23
1546229077.26
1546229077.3
1546229077.33
1546229077.36
1546229077.4
1546229077.43
1546229077.46
1546229077.5
1546229077.53
1546229077.56
1546229077.6
1546229077.63
1546229077.66
1546229077.7
1546229077.73
1546229077.76
1546229077.8
1546229077.83
1546229077.86
1546229077.9
1546229077.93
1546229077.96
1546229078.0
1546229078.03
1546229078.06
1546229078.1
1546229078.13
1546229078.16
1546229078.2
1546229078.23
1546229078.26
1546229078.3
1546229078.33
1546229078.36
1546229078.4
1546229078.43
1546229078.46
1546229078.5
1546229078.53
1546229078.56
1546229078.6
1546229078.63
1546229078.66
1546229078.69
1546229078.73
1546229078.76
1546229078.8
1546229078.83
1546229078.86
1546229078.9
1546229078.93
1546229078.96
1546229078.99
1546229079.03
1546229079.06
1546229079.1
1546229079.13
1546229079.16
1546229079.19
1546229079.23
1546229079.26
1546229079.3
1546229079.33
1546229079.36
1546229079.39
1546229079.43
1546229079.46
1546229079.49
1546229079.53
1546229079.56
1546229079.6
1546229079.63
1546229079.66
1546229079.7
1546229079.73
1546229079.76
1546229079.8
1546229079.83
1546229079.86
1546229079.9
1546229079.93
1546229079.96
1546229080.0
1546229080.03
1546229080.06
1546229080.1
1546229080.13
1546229080.16
1546229080.2
1546229080.23
1546229080.26
1546229080.3
1546229080.33
1546229080.36
1546229080.4
1546229080.43
1546229080.46
1546229080.5
1546229080.53
1546229080.56
1546229080.6
1546229080.63
1546229080.66
1546229080.7
1546229080.73
1546229080.76
1546229080.8
1546229080.83
1546229080.86
1546229080.89
1546229080.93
1546229080.96
1546229081.0
1546229081.03
1546229081.06
1546229081.1
1546229081.13
1546229081.16
1546229081.2
1546229081.23
1546229081.26
1546229081.3
1546229081.33
1546229081.36
1546229081.4
1546229081.43
1546229081.46
1546229081.5
1546229081.53
1546229081.56
1546229081.6
1546229081.63
1546229081.66
1546229081.7
1546229081.73
1546229081.76
1546229081.8
1546229081.83
1546229081.86
1546229081.89
1546229081.93
1546229081.96
1546229082.0
1546229082.03
1546229082.06
1546229082.1
1546229082.13
1546229082.16
1546229082.2
1546229082.23
1546229082.26
1546229082.3
1546229082.33
1546229082.36
1546229082.39
1546229082.43
1546229082.46
1546229082.49
1546229082.53
1546229082.56
1546229082.6
1546229082.63
1546229082.66
1546229082.69
1546229082.73
1546229082.76
1546229082.79
1546229082.83
1546229082.86
1546229082.89
1546229082.93
1546229082.96
1546229082.99
1546229083.03
1546229083.06
1546229083.09
1546229083.13
1546229083.16
1546229083.19
1546229083.23
1546229083.26
1546229083.29
1546229083.33
1546229083.36
1546229083.39
1546229083.43
1546229083.46
1546229083.49
1546229083.53
1546229083.56
1546229083.59
1546229083.63
1546229083.66
1546229083.69
1546229083.73
1546229083.76
1546229083.79
1546229083.83
1546229083.86
1546229083.89
1546229083.93
1546229083.96
1546229083.99
1546229084.03
1546229084.06
1546229084.09
1546229084.12
1546229084.16
1546229084.19
1546229084.22
1546229084.26
1546229084.29
1546229084.33
1546229084.36
1546229084.39
1546229084.43
1546229084.46
1546229084.49
1546229084.53
1546229084.56
1546229084.59
1546229084.63
1546229084.66
1546229084.69
1546229084.72
1546229084.76
1546229084.79
1546229084.83
1546229084.86
1546229084.89
1546229084.93
1546229084.96
1546229084.99
1546229085.03
1546229085.06
1546229085.09
1546229085.13
1546229085.16
1546229085.19
1546229085.22
1546229085.26
1546229085.29
1546229085.33
1546229085.36
1546229085.39
1546229085.43
1546229085.46
1546229085.49
1546229085.53
1546229085.56
1546229085.59
