1546222170.4
1546222170.55
1546222170.58
1546222170.61
1546222170.64
1546222170.67
1546222170.71
1546222170.74
1546222170.77
1546222170.8
1546222170.83
1546222170.86
1546222170.9
1546222170.93
1546222170.96
1546222171.0
1546222171.03
1546222171.06
1546222171.1
1546222171.13
1546222171.16
1546222171.2
1546222171.23
1546222171.26
1546222171.3
1546222171.33
1546222171.36
1546222171.4
1546222171.43
1546222171.46
1546222171.5
1546222171.53
1546222171.56
1546222171.6
1546222171.63
1546222171.66
1546222171.7
1546222171.73
1546222171.76
1546222171.8
1546222171.83
1546222171.86
1546222171.9
1546222171.93
1546222171.96
1546222172.0
1546222172.03
1546222172.07
1546222172.1
1546222172.13
1546222172.16
1546222172.2
1546222172.23
1546222172.26
1546222172.3
1546222172.33
1546222172.36
1546222172.4
1546222172.43
1546222172.46
1546222172.5
1546222172.53
1546222172.56
1546222172.6
1546222172.63
1546222172.66
1546222172.7
1546222172.73
1546222172.76
1546222172.8
1546222172.83
1546222172.86
1546222172.9
1546222172.93
1546222172.96
1546222173.0
1546222173.03
1546222173.06
1546222173.1
1546222173.13
1546222173.16
1546222173.2
1546222173.23
1546222173.26
1546222173.3
1546222173.33
1546222173.36
1546222173.4
1546222173.43
1546222173.46
1546222173.5
1546222173.53
1546222173.56
1546222173.6
1546222173.63
1546222173.66
1546222173.7
1546222173.73
1546222173.76
1546222173.8
1546222173.83
1546222173.86
1546222173.9
1546222173.93
1546222173.96
1546222173.99
1546222174.03
1546222174.06
1546222174.1
1546222174.13
1546222174.16
1546222174.19
1546222174.23
1546222174.26
1546222174.3
1546222174.33
1546222174.36
1546222174.4
1546222174.43
1546222174.46
1546222174.49
1546222174.53
1546222174.56
1546222174.6
1546222174.63
1546222174.66
1546222174.69
1546222174.73
1546222174.76
1546222174.8
1546222174.83
1546222174.86
1546222174.9
1546222174.93
1546222174.96
1546222174.99
1546222175.03
1546222175.06
1546222175.09
1546222175.13
1546222175.16
1546222175.19
1546222175.23
1546222175.26
1546222175.29
1546222175.33
1546222175.36
1546222175.4
1546222175.43
1546222175.46
1546222175.49
1546222175.53
1546222175.56
1546222175.6
1546222175.63
1546222175.66
1546222175.69
1546222175.73
1546222175.76
1546222175.79
1546222175.83
1546222175.86
1546222175.89
1546222175.93
1546222175.96
1546222175.99
1546222176.03
1546222176.06
1546222176.09
1546222176.13
1546222176.16
1546222176.19
1546222176.23
1546222176.26
1546222176.29
1546222176.33
1546222176.36
1546222176.39
1546222176.43
1546222176.46
1546222176.49
1546222176.53
1546222176.56
1546222176.59
1546222176.63
1546222176.66
1546222176.69
1546222176.72
1546222176.76
1546222176.79
1546222176.83
1546222176.86
1546222176.89
1546222176.93
1546222176.96
1546222176.99
1546222177.03
1546222177.06
1546222177.09
1546222177.13
1546222177.16
1546222177.19
1546222177.23
1546222177.26
1546222177.29
1546222177.33
1546222177.36
1546222177.39
1546222177.43
1546222177.46
1546222177.49
1546222177.53
1546222177.56
1546222177.59
1546222177.63
1546222177.66
1546222177.69
1546222177.73
1546222177.76
1546222177.79
1546222177.83
1546222177.86
1546222177.89
1546222177.93
1546222177.96
1546222177.99
1546222178.03
1546222178.06
1546222178.09
1546222178.13
1546222178.16
1546222178.19
1546222178.23
1546222178.26
1546222178.29
1546222178.33
1546222178.36
1546222178.39
1546222178.43
1546222178.46
1546222178.49
1546222178.53
1546222178.56
1546222178.59
1546222178.63
1546222178.66
1546222178.69
1546222178.73
1546222178.76
1546222178.79
1546222178.83
1546222178.86
1546222178.89
1546222178.93
1546222178.96
1546222178.99
1546222179.03
1546222179.06
1546222179.09
1546222179.13
1546222179.16
1546222179.19
1546222179.23
1546222179.26
1546222179.3
1546222179.33
1546222179.36
1546222179.4
1546222179.43
1546222179.46
1546222179.5
1546222179.53
1546222179.56
1546222179.6
1546222179.63
1546222179.66
1546222179.7
1546222179.73
1546222179.76
1546222179.8
1546222179.83
1546222179.86
1546222179.9
1546222179.93
1546222179.96
1546222180.0
1546222180.03
1546222180.06
1546222180.1
1546222180.13
1546222180.16
1546222180.2
1546222180.23
1546222180.26
1546222180.3
1546222180.33
1546222180.36
1546222180.4
1546222180.43
1546222180.46
1546222180.5
1546222180.53
1546222180.56
1546222180.6
1546222180.63
1546222180.66
1546222180.7
1546222180.73
1546222180.76
1546222180.8
1546222180.83
1546222180.87
1546222180.9
1546222180.93
1546222180.96
1546222181.0
1546222181.03
1546222181.06
1546222181.1
1546222181.13
1546222181.16
1546222181.2
1546222181.23
1546222181.27
1546222181.3
1546222181.33
1546222181.37
1546222181.4
1546222181.43
1546222181.46
1546222181.5
1546222181.53
1546222181.57
1546222181.6
1546222181.63
1546222181.66
1546222181.7
1546222181.73
1546222181.77
1546222181.8
1546222181.83
1546222181.87
1546222181.9
1546222181.93
1546222181.96
1546222182.0
1546222182.03
1546222182.07
1546222182.1
1546222182.13
1546222182.16
1546222182.2
1546222182.23
1546222182.27
1546222182.3
1546222182.33
1546222182.37
1546222182.4
1546222182.43
1546222182.46
1546222182.5
1546222182.53
1546222182.57
1546222182.6
1546222182.63
1546222182.67
1546222182.7
1546222182.73
1546222182.77
1546222182.8
1546222182.83
1546222182.87
1546222182.9
1546222182.93
1546222182.97
1546222183.0
1546222183.04
1546222183.07
1546222183.1
1546222183.13
1546222183.17
1546222183.2
1546222183.23
1546222183.27
1546222183.3
1546222183.34
1546222183.37
1546222183.4
1546222183.43
1546222183.46
1546222183.49
1546222183.53
1546222183.56
1546222183.59
1546222183.63
1546222183.66
1546222183.69
1546222183.73
1546222183.76
1546222183.79
1546222183.83
1546222183.86
1546222183.89
1546222183.93
1546222183.96
1546222183.99
1546222184.03
1546222184.06
1546222184.09
1546222184.13
1546222184.16
1546222184.19
1546222184.23
1546222184.26
1546222184.29
1546222184.33
1546222184.36
1546222184.39
1546222184.43
1546222184.46
1546222184.49
1546222184.53
1546222184.56
1546222184.59
1546222184.63
1546222184.66
1546222184.69
1546222184.73
1546222184.76
1546222184.79
1546222184.83
1546222184.86
1546222184.89
1546222184.93
1546222184.96
1546222184.99
1546222185.03
1546222185.06
1546222185.09
1546222185.13
1546222185.16
1546222185.19
1546222185.23
1546222185.26
1546222185.29
1546222185.33
1546222185.36
1546222185.39
1546222185.43
1546222185.46
1546222185.49
1546222185.53
1546222185.56
1546222185.59
1546222185.62
1546222185.66
1546222185.69
1546222185.72
1546222185.76
1546222185.79
1546222185.83
1546222185.86
1546222185.89
1546222185.92
1546222185.96
1546222185.99
1546222186.03
1546222186.06
1546222186.09
1546222186.12
1546222186.16
1546222186.19
1546222186.22
1546222186.26
1546222186.29
1546222186.32
1546222186.36
1546222186.39
1546222186.42
1546222186.46
1546222186.49
1546222186.53
1546222186.56
1546222186.59
1546222186.62
1546222186.66
1546222186.69
1546222186.72
1546222186.76
1546222186.79
1546222186.83
1546222186.86
1546222186.89
1546222186.92
1546222186.96
1546222186.99
1546222187.02
1546222187.06
1546222187.09
1546222187.12
1546222187.16
1546222187.19
1546222187.22
1546222187.26
1546222187.29
1546222187.33
1546222187.36
1546222187.39
1546222187.42
1546222187.46
1546222187.49
1546222187.52
1546222187.56
1546222187.59
1546222187.62
1546222187.66
1546222187.69
1546222187.72
1546222187.76
1546222187.79
1546222187.83
1546222187.86
1546222187.89
1546222187.92
1546222187.96
1546222187.99
1546222188.03
1546222188.06
1546222188.09
1546222188.12
1546222188.16
1546222188.19
1546222188.22
1546222188.26
1546222188.29
1546222188.33
1546222188.36
1546222188.39
1546222188.42
1546222188.46
1546222188.49
1546222188.52
1546222188.56
1546222188.59
1546222188.62
1546222188.66
1546222188.69
1546222188.72
1546222188.76
1546222188.79
1546222188.82
1546222188.86
1546222188.89
1546222188.92
1546222188.96
1546222188.99
1546222189.02
1546222189.06
1546222189.09
1546222189.12
1546222189.16
1546222189.19
1546222189.22
1546222189.26
1546222189.29
1546222189.32
1546222189.36
1546222189.39
1546222189.42
1546222189.46
1546222189.49
1546222189.52
1546222189.56
1546222189.59
1546222189.62
1546222189.66
1546222189.69
1546222189.72
1546222189.76
1546222189.79
1546222189.82
1546222189.86
1546222189.89
1546222189.92
1546222189.96
1546222189.99
1546222190.02
1546222190.06
1546222190.09
1546222190.12
1546222190.16
1546222190.19
1546222190.22
1546222190.26
1546222190.29
1546222190.32
1546222190.36
1546222190.39
1546222190.42
1546222190.46
1546222190.49
1546222190.52
1546222190.56
1546222190.59
1546222190.62
1546222190.66
1546222190.69
1546222190.72
1546222190.76
1546222190.79
1546222190.82
1546222190.86
1546222190.89
1546222190.92
1546222190.96
1546222190.99
1546222191.02
1546222191.06
1546222191.09
1546222191.12
1546222191.16
1546222191.19
1546222191.22
1546222191.26
1546222191.29
1546222191.32
1546222191.36
1546222191.39
1546222191.42
1546222191.46
1546222191.49
1546222191.52
1546222191.56
1546222191.59
1546222191.62
1546222191.66
1546222191.69
1546222191.72
1546222191.76
1546222191.79
1546222191.82
1546222191.86
1546222191.89
1546222191.92
1546222191.95
1546222191.99
1546222192.02
1546222192.06
1546222192.09
1546222192.12
1546222192.16
1546222192.19
1546222192.22
1546222192.26
1546222192.29
1546222192.32
1546222192.36
1546222192.39
1546222192.42
1546222192.46
1546222192.49
1546222192.52
1546222192.56
1546222192.59
1546222192.62
1546222192.66
1546222192.69
1546222192.72
1546222192.76
1546222192.79
1546222192.82
1546222192.86
1546222192.89
1546222192.92
1546222192.96
1546222192.99
1546222193.02
1546222193.06
1546222193.09
1546222193.12
1546222193.16
1546222193.19
1546222193.22
1546222193.26
1546222193.29
1546222193.32
1546222193.36
1546222193.39
1546222193.42
1546222193.46
1546222193.49
1546222193.52
1546222193.56
1546222193.59
1546222193.62
1546222193.66
1546222193.69
1546222193.72
1546222193.76
1546222193.79
1546222193.82
1546222193.86
1546222193.89
1546222193.92
1546222193.96
1546222193.99
1546222194.02
1546222194.06
1546222194.09
1546222194.12
1546222194.16
1546222194.19
1546222194.22
1546222194.26
1546222194.29
1546222194.32
1546222194.36
1546222194.39
1546222194.42
1546222194.46
1546222194.49
1546222194.52
1546222194.56
1546222194.59
1546222194.62
1546222194.66
1546222194.69
1546222194.72
1546222194.76
1546222194.79
1546222194.82
1546222194.86
1546222194.89
1546222194.92
1546222194.96
1546222194.99
1546222195.02
1546222195.06
1546222195.09
1546222195.12
1546222195.16
1546222195.19
1546222195.22
1546222195.26
1546222195.29
1546222195.32
1546222195.36
1546222195.39
1546222195.42
1546222195.46
1546222195.49
1546222195.52
1546222195.56
1546222195.59
1546222195.62
1546222195.66
1546222195.69
1546222195.72
1546222195.76
1546222195.79
1546222195.82
1546222195.86
1546222195.89
1546222195.92
1546222195.96
1546222195.99
1546222196.02
1546222196.06
1546222196.09
1546222196.12
1546222196.16
1546222196.19
1546222196.22
1546222196.26
1546222196.29
1546222196.32
1546222196.36
1546222196.39
1546222196.42
1546222196.46
1546222196.49
1546222196.52
1546222196.56
1546222196.59
1546222196.62
1546222196.66
1546222196.69
1546222196.72
1546222196.76
1546222196.79
1546222196.82
1546222196.86
1546222196.89
1546222196.92
1546222196.96
1546222196.99
1546222197.02
1546222197.06
1546222197.09
1546222197.12
1546222197.16
1546222197.19
1546222197.23
1546222197.26
1546222197.29
1546222197.32
1546222197.36
1546222197.39
1546222197.42
1546222197.46
1546222197.49
1546222197.52
1546222197.56
1546222197.59
1546222197.62
1546222197.66
1546222197.69
1546222197.72
1546222197.76
1546222197.79
1546222197.83
1546222197.86
1546222197.89
1546222197.92
1546222197.96
1546222197.99
1546222198.03
1546222198.06
1546222198.09
1546222198.12
1546222198.16
1546222198.19
1546222198.23
1546222198.26
1546222198.29
1546222198.33
1546222198.36
1546222198.39
1546222198.42
1546222198.46
1546222198.49
1546222198.53
1546222198.56
1546222198.59
1546222198.62
1546222198.66
1546222198.69
1546222198.72
1546222198.76
1546222198.79
1546222198.83
1546222198.86
1546222198.89
1546222198.93
1546222198.96
1546222198.99
1546222199.03
1546222199.06
1546222199.09
1546222199.13
1546222199.16
1546222199.19
1546222199.23
1546222199.26
1546222199.29
1546222199.33
1546222199.36
1546222199.39
1546222199.43
1546222199.46
1546222199.49
1546222199.53
1546222199.56
1546222199.59
1546222199.62
1546222199.66
1546222199.69
1546222199.72
1546222199.76
1546222199.79
1546222199.83
1546222199.86
1546222199.89
1546222199.93
1546222199.96
1546222199.99
1546222200.03
1546222200.06
1546222200.09
1546222200.12
1546222200.16
1546222200.19
1546222200.22
1546222200.26
1546222200.29
1546222200.33
1546222200.36
1546222200.39
1546222200.43
1546222200.46
1546222200.49
1546222200.53
1546222200.56
1546222200.59
1546222200.62
1546222200.66
1546222200.69
1546222200.72
1546222200.76
1546222200.79
1546222200.83
1546222200.86
1546222200.89
1546222200.92
1546222200.96
1546222200.99
1546222201.03
1546222201.06
1546222201.09
1546222201.12
1546222201.16
1546222201.19
1546222201.22
1546222201.26
1546222201.29
1546222201.33
1546222201.36
1546222201.39
1546222201.42
1546222201.46
1546222201.49
1546222201.52
1546222201.56
1546222201.59
1546222201.62
1546222201.66
1546222201.69
1546222201.72
1546222201.76
1546222201.79
1546222201.82
1546222201.86
1546222201.89
1546222201.92
1546222201.96
1546222201.99
1546222202.02
1546222202.06
1546222202.09
1546222202.12
1546222202.16
1546222202.19
1546222202.22
1546222202.26
1546222202.29
1546222202.33
1546222202.36
1546222202.39
1546222202.42
1546222202.46
1546222202.49
1546222202.53
1546222202.56
1546222202.59
1546222202.62
1546222202.66
1546222202.69
1546222202.73
1546222202.76
1546222202.79
1546222202.83
1546222202.86
1546222202.89
1546222202.93
1546222202.96
1546222202.99
1546222203.03
1546222203.06
1546222203.09
1546222203.12
1546222203.16
1546222203.19
1546222203.22
1546222203.26
1546222203.29
1546222203.33
1546222203.36
1546222203.39
1546222203.43
1546222203.46
1546222203.49
1546222203.53
1546222203.56
1546222203.59
1546222203.63
1546222203.66
1546222203.69
1546222203.73
1546222203.76
1546222203.79
1546222203.83
1546222203.86
1546222203.89
1546222203.93
1546222203.96
1546222203.99
1546222204.03
1546222204.06
1546222204.09
1546222204.13
1546222204.16
1546222204.19
1546222204.23
1546222204.26
1546222204.29
1546222204.33
1546222204.36
1546222204.39
1546222204.43
1546222204.46
1546222204.49
1546222204.53
1546222204.56
1546222204.59
1546222204.63
1546222204.66
1546222204.69
1546222204.73
1546222204.76
1546222204.79
1546222204.83
1546222204.86
1546222204.89
1546222204.93
1546222204.96
1546222204.99
1546222205.03
1546222205.06
1546222205.09
1546222205.13
1546222205.16
1546222205.19
1546222205.23
1546222205.26
1546222205.29
1546222205.33
1546222205.36
1546222205.39
1546222205.43
1546222205.46
1546222205.49
1546222205.53
1546222205.56
1546222205.59
1546222205.63
1546222205.66
1546222205.69
1546222205.73
1546222205.76
1546222205.79
1546222205.83
1546222205.86
1546222205.89
1546222205.93
1546222205.96
1546222205.99
1546222206.03
1546222206.06
1546222206.09
1546222206.13
1546222206.16
1546222206.19
1546222206.23
1546222206.26
1546222206.29
1546222206.33
1546222206.36
1546222206.39
1546222206.43
1546222206.46
1546222206.49
1546222206.53
1546222206.56
1546222206.6
1546222206.63
1546222206.66
1546222206.7
1546222206.73
1546222206.76
1546222206.8
1546222206.83
1546222206.86
1546222206.89
1546222206.93
1546222206.96
1546222206.99
1546222207.03
1546222207.06
1546222207.1
1546222207.13
1546222207.16
1546222207.19
1546222207.23
1546222207.26
1546222207.3
1546222207.33
1546222207.36
1546222207.4
1546222207.43
1546222207.46
1546222207.49
1546222207.53
1546222207.56
1546222207.6
1546222207.62
1546222207.65
1546222207.69
1546222207.72
1546222207.75
1546222207.79
1546222207.82
1546222207.85
1546222207.89
1546222207.92
1546222207.95
1546222207.99
1546222208.02
1546222208.05
1546222208.09
1546222208.12
1546222208.15
1546222208.19
1546222208.22
1546222208.25
1546222208.29
1546222208.32
1546222208.35
1546222208.39
1546222208.42
1546222208.45
1546222208.49
1546222208.52
1546222208.55
1546222208.59
1546222208.62
1546222208.65
1546222208.69
1546222208.72
1546222208.75
1546222208.79
1546222208.82
1546222208.85
1546222208.89
1546222208.92
1546222208.95
1546222208.99
1546222209.02
1546222209.05
1546222209.09
1546222209.12
1546222209.15
1546222209.19
1546222209.22
1546222209.25
1546222209.29
1546222209.32
1546222209.35
1546222209.38
1546222209.42
1546222209.45
1546222209.48
1546222209.52
1546222209.55
1546222209.59
1546222209.62
1546222209.65
1546222209.68
1546222209.72
1546222209.75
1546222209.79
1546222209.82
1546222209.85
1546222209.88
1546222209.92
1546222209.95
1546222209.98
1546222210.02
1546222210.05
1546222210.08
1546222210.12
1546222210.15
1546222210.18
1546222210.22
1546222210.25
1546222210.28
1546222210.32
1546222210.35
1546222210.38
1546222210.42
1546222210.45
1546222210.48
1546222210.52
1546222210.55
1546222210.58
1546222210.62
1546222210.65
1546222210.68
1546222210.72
1546222210.75
1546222210.78
1546222210.82
1546222210.85
1546222210.88
1546222210.92
1546222210.95
1546222210.98
1546222211.02
1546222211.05
1546222211.08
1546222211.12
1546222211.15
1546222211.18
1546222211.22
1546222211.25
1546222211.28
1546222211.32
1546222211.35
1546222211.38
1546222211.42
1546222211.45
1546222211.48
1546222211.52
1546222211.55
1546222211.58
1546222211.62
1546222211.65
1546222211.68
1546222211.72
1546222211.75
1546222211.78
1546222211.82
1546222211.85
1546222211.88
1546222211.92
1546222211.95
1546222211.98
1546222212.02
1546222212.05
1546222212.08
1546222212.12
1546222212.15
1546222212.18
1546222212.22
1546222212.25
1546222212.28
1546222212.32
1546222212.35
1546222212.38
1546222212.41
1546222212.45
1546222212.48
1546222212.52
1546222212.55
1546222212.58
1546222212.62
1546222212.65
1546222212.68
1546222212.71
1546222212.75
1546222212.78
1546222212.82
1546222212.85
1546222212.88
1546222212.91
1546222212.95
1546222212.98
1546222213.02
1546222213.05
1546222213.08
1546222213.12
1546222213.15
1546222213.18
1546222213.21
1546222213.25
1546222213.28
1546222213.32
1546222213.35
1546222213.38
1546222213.41
1546222213.45
1546222213.48
1546222213.51
1546222213.55
1546222213.58
1546222213.61
1546222213.65
1546222213.68
1546222213.71
1546222213.75
1546222213.78
1546222213.82
1546222213.85
1546222213.88
1546222213.92
1546222213.95
1546222213.98
1546222214.02
1546222214.05
1546222214.08
1546222214.12
1546222214.15
1546222214.18
1546222214.22
1546222214.25
1546222214.28
1546222214.32
1546222214.35
1546222214.38
1546222214.42
1546222214.45
1546222214.48
1546222214.52
1546222214.55
1546222214.58
1546222214.62
1546222214.65
1546222214.68
1546222214.71
1546222214.75
1546222214.78
1546222214.82
1546222214.85
1546222214.88
1546222214.91
1546222214.95
1546222214.98
1546222215.02
1546222215.05
1546222215.08
1546222215.12
1546222215.15
1546222215.18
1546222215.21
1546222215.25
1546222215.28
1546222215.31
1546222215.35
1546222215.38
1546222215.41
1546222215.45
1546222215.48
1546222215.52
1546222215.55
1546222215.58
1546222215.61
1546222215.65
1546222215.68
1546222215.71
1546222215.75
1546222215.78
1546222215.81
1546222215.85
1546222215.88
1546222215.91
1546222215.95
1546222215.98
1546222216.01
1546222216.05
1546222216.08
1546222216.11
1546222216.15
1546222216.18
1546222216.21
1546222216.25
1546222216.28
1546222216.31
1546222216.35
1546222216.38
1546222216.41
1546222216.45
1546222216.48
1546222216.51
1546222216.55
1546222216.58
1546222216.61
1546222216.65
1546222216.68
1546222216.71
1546222216.75
1546222216.78
1546222216.81
1546222216.85
1546222216.88
1546222216.91
1546222216.95
1546222216.98
1546222217.01
1546222217.05
1546222217.08
1546222217.11
1546222217.15
1546222217.18
1546222217.21
1546222217.25
1546222217.28
1546222217.31
1546222217.35
1546222217.38
1546222217.41
1546222217.44
1546222217.48
1546222217.51
1546222217.55
1546222217.58
1546222217.61
1546222217.64
1546222217.68
1546222217.71
1546222217.75
1546222217.78
1546222217.81
1546222217.85
1546222217.88
1546222217.91
1546222217.94
1546222217.98
1546222218.01
1546222218.05
1546222218.08
1546222218.11
1546222218.15
1546222218.18
1546222218.21
1546222218.25
1546222218.28
1546222218.31
1546222218.35
1546222218.38
1546222218.41
1546222218.45
1546222218.48
1546222218.51
1546222218.55
1546222218.58
1546222218.61
1546222218.65
1546222218.68
1546222218.71
1546222218.74
1546222218.78
1546222218.81
1546222218.85
1546222218.88
1546222218.91
1546222218.95
1546222218.98
1546222219.01
1546222219.05
1546222219.08
1546222219.11
1546222219.15
1546222219.18
1546222219.21
1546222219.24
1546222219.28
1546222219.31
1546222219.35
1546222219.38
1546222219.41
1546222219.44
1546222219.48
1546222219.51
1546222219.55
1546222219.58
1546222219.61
1546222219.64
1546222219.68
1546222219.71
1546222219.74
1546222219.78
1546222219.81
1546222219.84
1546222219.88
1546222219.91
1546222219.94
1546222219.98
1546222220.01
1546222220.05
1546222220.08
1546222220.11
1546222220.14
1546222220.18
1546222220.21
1546222220.24
1546222220.28
1546222220.31
1546222220.35
1546222220.38
1546222220.41
1546222220.44
1546222220.48
1546222220.51
1546222220.55
1546222220.58
1546222220.61
1546222220.64
1546222220.68
1546222220.71
1546222220.74
1546222220.78
1546222220.81
1546222220.84
1546222220.88
1546222220.91
1546222220.94
1546222220.98
1546222221.01
1546222221.04
1546222221.08
1546222221.11
1546222221.14
1546222221.18
1546222221.21
1546222221.24
1546222221.28
1546222221.31
1546222221.35
1546222221.38
1546222221.41
1546222221.44
1546222221.48
1546222221.51
1546222221.54
1546222221.58
1546222221.61
1546222221.64
1546222221.68
1546222221.71
1546222221.74
1546222221.78
1546222221.81
1546222221.85
1546222221.88
1546222221.91
1546222221.94
1546222221.98
1546222222.01
1546222222.04
1546222222.08
1546222222.11
1546222222.14
1546222222.18
1546222222.21
1546222222.24
1546222222.28
1546222222.31
1546222222.34
1546222222.38
1546222222.41
1546222222.44
1546222222.48
1546222222.51
1546222222.54
1546222222.58
1546222222.61
1546222222.64
1546222222.68
1546222222.71
1546222222.74
1546222222.78
1546222222.81
1546222222.84
1546222222.88
1546222222.91
1546222222.94
1546222222.98
1546222223.01
1546222223.04
1546222223.08
1546222223.11
1546222223.14
1546222223.18
1546222223.21
1546222223.24
1546222223.28
1546222223.31
1546222223.35
1546222223.38
1546222223.41
1546222223.44
1546222223.48
1546222223.51
1546222223.55
1546222223.58
1546222223.61
1546222223.64
1546222223.68
1546222223.71
1546222223.74
1546222223.78
1546222223.81
1546222223.84
1546222223.88
1546222223.91
1546222223.94
1546222223.98
1546222224.01
1546222224.05
1546222224.08
1546222224.11
1546222224.14
1546222224.18
1546222224.21
1546222224.24
1546222224.28
1546222224.31
1546222224.35
1546222224.38
1546222224.41
1546222224.45
1546222224.48
1546222224.51
1546222224.55
1546222224.58
1546222224.61
1546222224.65
1546222224.68
1546222224.71
1546222224.75
1546222224.78
1546222224.81
1546222224.85
1546222224.88
1546222224.91
1546222224.95
1546222224.98
1546222225.01
1546222225.05
1546222225.08
1546222225.11
1546222225.14
1546222225.18
1546222225.21
1546222225.25
1546222225.28
1546222225.31
1546222225.35
1546222225.38
1546222225.41
1546222225.44
1546222225.48
1546222225.51
1546222225.55
1546222225.58
1546222225.61
1546222225.65
1546222225.68
1546222225.71
1546222225.75
1546222225.78
1546222225.81
1546222225.85
1546222225.88
1546222225.91
1546222225.95
1546222225.98
1546222226.01
1546222226.04
1546222226.08
1546222226.11
1546222226.14
1546222226.18
1546222226.21
1546222226.24
1546222226.28
1546222226.31
1546222226.35
1546222226.38
1546222226.41
1546222226.44
1546222226.48
1546222226.51
1546222226.54
1546222226.58
1546222226.61
1546222226.64
1546222226.68
1546222226.71
1546222226.74
1546222226.78
1546222226.81
1546222226.85
1546222226.88
1546222226.91
1546222226.94
1546222226.98
1546222227.01
1546222227.04
1546222227.08
1546222227.11
1546222227.14
1546222227.18
1546222227.21
1546222227.24
1546222227.28
1546222227.31
1546222227.35
1546222227.38
1546222227.41
1546222227.45
1546222227.48
1546222227.51
1546222227.55
1546222227.58
1546222227.61
1546222227.64
1546222227.68
1546222227.71
1546222227.75
1546222227.78
1546222227.81
1546222227.85
1546222227.88
1546222227.91
1546222227.95
1546222227.98
1546222228.01
1546222228.05
1546222228.08
1546222228.11
1546222228.15
1546222228.18
1546222228.21
1546222228.25
1546222228.28
1546222228.31
1546222228.35
1546222228.38
1546222228.41
1546222228.45
1546222228.48
1546222228.51
1546222228.55
1546222228.58
1546222228.61
1546222228.65
1546222228.68
1546222228.71
1546222228.75
1546222228.78
1546222228.81
1546222228.85
1546222228.88
1546222228.91
1546222228.95
1546222228.98
1546222229.01
1546222229.05
1546222229.08
1546222229.11
1546222229.15
1546222229.18
1546222229.21
1546222229.25
1546222229.28
1546222229.31
1546222229.35
1546222229.38
1546222229.41
1546222229.45
1546222229.48
1546222229.52
1546222229.55
1546222229.58
1546222229.62
1546222229.65
1546222229.68
1546222229.71
1546222229.75
1546222229.78
1546222229.82
1546222229.85
1546222229.88
1546222229.91
1546222229.95
1546222229.98
1546222230.02
1546222230.05
1546222230.08
1546222230.12
1546222230.15
1546222230.18
1546222230.22
1546222230.25
1546222230.28
1546222230.32
1546222230.35
1546222230.38
1546222230.41
1546222230.45
1546222230.48
1546222230.52
1546222230.55
1546222230.58
1546222230.62
1546222230.65
1546222230.68
1546222230.72
1546222230.75
1546222230.78
1546222230.82
1546222230.85
1546222230.88
1546222230.92
1546222230.95
1546222230.98
1546222231.02
1546222231.05
1546222231.08
1546222231.12
1546222231.15
1546222231.18
1546222231.22
1546222231.25
1546222231.28
1546222231.32
1546222231.35
1546222231.38
1546222231.42
1546222231.45
1546222231.48
1546222231.52
1546222231.55
1546222231.59
1546222231.62
1546222231.65
1546222231.68
1546222231.71
1546222231.74
1546222231.78
1546222231.81
1546222231.84
1546222231.88
1546222231.91
1546222231.94
1546222231.98
1546222232.01
1546222232.04
1546222232.08
1546222232.11
1546222232.14
1546222232.18
1546222232.21
1546222232.24
1546222232.28
1546222232.31
1546222232.34
1546222232.38
1546222232.41
1546222232.44
1546222232.48
1546222232.51
1546222232.54
1546222232.58
1546222232.61
1546222232.64
1546222232.68
1546222232.71
1546222232.74
1546222232.78
1546222232.81
1546222232.84
1546222232.88
1546222232.91
1546222232.94
1546222232.98
1546222233.01
1546222233.04
1546222233.08
1546222233.11
1546222233.14
1546222233.17
1546222233.21
1546222233.24
1546222233.28
1546222233.31
1546222233.34
1546222233.37
1546222233.41
1546222233.44
1546222233.47
1546222233.51
1546222233.54
1546222233.58
1546222233.61
1546222233.64
1546222233.67
1546222233.71
1546222233.74
1546222233.78
1546222233.81
1546222233.84
1546222233.87
1546222233.91
1546222233.94
1546222233.97
1546222234.01
1546222234.04
1546222234.07
1546222234.11
1546222234.14
1546222234.17
1546222234.21
1546222234.24
1546222234.28
1546222234.31
1546222234.34
1546222234.37
1546222234.41
1546222234.44
1546222234.47
1546222234.51
1546222234.54
1546222234.58
1546222234.61
1546222234.64
1546222234.67
1546222234.71
1546222234.74
1546222234.77
1546222234.81
1546222234.84
1546222234.88
1546222234.91
1546222234.94
1546222234.97
1546222235.01
1546222235.04
1546222235.07
1546222235.11
1546222235.14
1546222235.17
1546222235.21
1546222235.24
1546222235.27
1546222235.31
1546222235.34
1546222235.37
1546222235.41
1546222235.44
1546222235.47
1546222235.51
1546222235.54
1546222235.57
1546222235.61
1546222235.64
1546222235.67
1546222235.71
1546222235.74
1546222235.77
1546222235.81
1546222235.84
1546222235.87
1546222235.91
1546222235.94
1546222235.97
1546222236.01
1546222236.04
1546222236.07
1546222236.11
1546222236.14
1546222236.17
1546222236.21
1546222236.24
1546222236.27
1546222236.31
1546222236.34
1546222236.37
1546222236.41
1546222236.44
1546222236.47
1546222236.51
1546222236.54
1546222236.57
1546222236.61
1546222236.64
1546222236.67
1546222236.7
1546222236.74
1546222236.77
1546222236.81
1546222236.84
1546222236.87
1546222236.9
1546222236.94
1546222236.97
1546222237.0
1546222237.04
1546222237.07
1546222237.1
1546222237.14
1546222237.17
1546222237.2
1546222237.24
1546222237.27
1546222237.31
1546222237.34
1546222237.37
1546222237.4
1546222237.44
1546222237.47
1546222237.5
1546222237.54
1546222237.57
1546222237.61
1546222237.64
1546222237.67
1546222237.7
1546222237.74
1546222237.77
1546222237.8
1546222237.84
1546222237.87
1546222237.9
1546222237.94
1546222237.97
1546222238.01
1546222238.04
1546222238.07
1546222238.1
1546222238.14
1546222238.17
1546222238.2
1546222238.24
1546222238.27
1546222238.3
1546222238.34
1546222238.37
1546222238.4
1546222238.44
1546222238.47
1546222238.5
1546222238.54
1546222238.57
1546222238.6
1546222238.64
1546222238.67
1546222238.7
1546222238.74
1546222238.77
1546222238.8
1546222238.84
1546222238.87
1546222238.9
1546222238.94
1546222238.97
1546222239.0
1546222239.04
1546222239.07
1546222239.1
1546222239.14
1546222239.17
1546222239.2
1546222239.23
1546222239.27
1546222239.3
1546222239.34
1546222239.37
1546222239.4
1546222239.44
1546222239.47
1546222239.5
1546222239.54
1546222239.57
1546222239.6
1546222239.63
1546222239.67
1546222239.7
1546222239.73
1546222239.77
1546222239.8
1546222239.84
1546222239.87
1546222239.9
1546222239.94
1546222239.97
1546222240.0
1546222240.04
1546222240.07
1546222240.1
1546222240.13
1546222240.17
1546222240.2
1546222240.24
1546222240.27
1546222240.3
1546222240.34
1546222240.37
1546222240.4
1546222240.44
1546222240.47
1546222240.5
1546222240.54
1546222240.57
1546222240.6
1546222240.63
1546222240.67
1546222240.7
1546222240.74
1546222240.77
1546222240.8
1546222240.84
1546222240.87
1546222240.9
1546222240.94
1546222240.97
1546222241.0
1546222241.04
1546222241.07
1546222241.1
1546222241.14
1546222241.17
1546222241.2
1546222241.24
1546222241.27
1546222241.3
1546222241.34
1546222241.37
1546222241.4
1546222241.44
1546222241.47
1546222241.5
1546222241.54
1546222241.57
1546222241.6
1546222241.64
1546222241.67
1546222241.7
1546222241.74
1546222241.77
1546222241.8
1546222241.84
1546222241.87
1546222241.9
1546222241.94
1546222241.97
1546222242.0
1546222242.04
1546222242.07
1546222242.1
1546222242.14
1546222242.17
1546222242.2
1546222242.23
1546222242.27
1546222242.3
1546222242.34
1546222242.37
1546222242.4
1546222242.44
1546222242.47
1546222242.5
1546222242.54
1546222242.57
1546222242.6
1546222242.63
1546222242.67
1546222242.7
1546222242.73
1546222242.77
1546222242.8
1546222242.83
1546222242.87
1546222242.9
1546222242.93
1546222242.97
1546222243.0
1546222243.03
1546222243.07
1546222243.1
1546222243.13
1546222243.17
1546222243.2
1546222243.23
1546222243.27
1546222243.3
1546222243.33
1546222243.37
1546222243.4
1546222243.43
1546222243.47
1546222243.5
1546222243.53
1546222243.57
1546222243.6
1546222243.63
1546222243.67
1546222243.7
1546222243.73
1546222243.77
1546222243.8
1546222243.83
1546222243.87
1546222243.9
1546222243.93
1546222243.97
1546222244.0
1546222244.03
1546222244.07
1546222244.1
1546222244.13
1546222244.17
1546222244.2
1546222244.23
1546222244.27
1546222244.3
1546222244.33
1546222244.37
1546222244.4
1546222244.43
1546222244.47
1546222244.5
1546222244.53
1546222244.57
1546222244.6
1546222244.63
1546222244.67
1546222244.7
1546222244.73
1546222244.77
1546222244.8
1546222244.83
1546222244.87
1546222244.9
1546222244.93
1546222244.97
1546222245.0
1546222245.03
1546222245.07
1546222245.1
1546222245.13
1546222245.17
1546222245.2
1546222245.23
1546222245.27
1546222245.3
1546222245.33
1546222245.37
1546222245.4
1546222245.43
1546222245.47
1546222245.5
1546222245.53
1546222245.57
1546222245.6
1546222245.63
1546222245.67
1546222245.7
1546222245.73
1546222245.77
1546222245.8
1546222245.83
1546222245.87
1546222245.9
1546222245.93
1546222245.97
1546222246.0
1546222246.03
1546222246.07
1546222246.1
1546222246.13
1546222246.17
1546222246.2
1546222246.23
1546222246.27
1546222246.3
1546222246.33
1546222246.37
1546222246.4
1546222246.43
1546222246.47
1546222246.5
1546222246.53
1546222246.57
1546222246.6
1546222246.63
1546222246.67
1546222246.7
1546222246.73
1546222246.77
1546222246.8
1546222246.83
1546222246.87
1546222246.9
1546222246.93
1546222246.97
1546222247.0
1546222247.03
1546222247.07
1546222247.1
1546222247.13
1546222247.17
1546222247.2
1546222247.23
1546222247.27
1546222247.3
1546222247.33
1546222247.37
1546222247.4
1546222247.43
1546222247.47
1546222247.5
1546222247.53
1546222247.57
1546222247.6
1546222247.63
1546222247.67
1546222247.7
1546222247.73
1546222247.77
1546222247.8
1546222247.83
1546222247.87
1546222247.9
1546222247.93
1546222247.97
1546222248.0
1546222248.03
1546222248.07
1546222248.1
1546222248.13
1546222248.17
1546222248.2
1546222248.23
1546222248.27
1546222248.3
1546222248.33
1546222248.37
1546222248.4
1546222248.43
1546222248.47
1546222248.5
1546222248.54
1546222248.57
1546222248.6
1546222248.63
1546222248.67
1546222248.7
1546222248.73
1546222248.77
1546222248.8
1546222248.83
1546222248.87
1546222248.9
1546222248.93
1546222248.97
1546222249.0
1546222249.03
1546222249.07
1546222249.1
1546222249.13
1546222249.17
1546222249.2
1546222249.23
1546222249.27
1546222249.3
1546222249.34
1546222249.37
1546222249.4
1546222249.43
1546222249.47
1546222249.5
1546222249.53
1546222249.57
1546222249.6
1546222249.63
1546222249.67
1546222249.7
1546222249.73
1546222249.77
1546222249.8
1546222249.83
1546222249.87
1546222249.9
1546222249.93
1546222249.97
1546222250.0
1546222250.04
1546222250.07
1546222250.1
1546222250.13
1546222250.17
1546222250.2
1546222250.23
1546222250.27
1546222250.3
1546222250.34
1546222250.37
1546222250.4
1546222250.43
1546222250.47
1546222250.5
1546222250.53
1546222250.57
1546222250.6
1546222250.63
1546222250.67
1546222250.7
1546222250.73
1546222250.77
1546222250.8
1546222250.83
1546222250.87
1546222250.9
1546222250.93
1546222250.97
1546222251.0
1546222251.03
1546222251.07
1546222251.1
1546222251.13
1546222251.17
1546222251.2
1546222251.23
1546222251.27
1546222251.3
1546222251.33
1546222251.37
1546222251.4
1546222251.43
1546222251.47
1546222251.5
1546222251.54
1546222251.57
1546222251.6
1546222251.63
1546222251.67
1546222251.7
1546222251.74
1546222251.77
1546222251.8
1546222251.84
1546222251.87
1546222251.9
1546222251.94
1546222251.97
1546222252.0
1546222252.04
1546222252.07
1546222252.1
1546222252.14
1546222252.17
1546222252.2
1546222252.24
1546222252.27
1546222252.3
1546222252.34
1546222252.37
1546222252.4
1546222252.44
1546222252.47
1546222252.5
1546222252.54
1546222252.57
1546222252.6
1546222252.64
1546222252.67
1546222252.7
1546222252.74
1546222252.77
1546222252.8
1546222252.84
1546222252.87
1546222252.9
1546222252.94
1546222252.97
1546222253.0
1546222253.04
1546222253.07
1546222253.11
1546222253.14
1546222253.17
1546222253.2
1546222253.24
1546222253.27
1546222253.31
1546222253.34
1546222253.37
1546222253.4
1546222253.44
1546222253.47
1546222253.51
1546222253.54
1546222253.57
1546222253.6
1546222253.64
1546222253.67
1546222253.7
1546222253.74
1546222253.77
1546222253.81
1546222253.84
1546222253.87
1546222253.9
1546222253.94
1546222253.97
1546222254.01
1546222254.04
1546222254.07
1546222254.11
1546222254.14
1546222254.17
1546222254.21
1546222254.24
1546222254.27
1546222254.31
1546222254.34
1546222254.37
1546222254.41
1546222254.44
1546222254.47
1546222254.51
1546222254.54
1546222254.57
1546222254.61
1546222254.64
1546222254.67
1546222254.71
1546222254.74
1546222254.77
1546222254.81
1546222254.84
1546222254.87
1546222254.91
1546222254.94
1546222254.97
1546222255.01
1546222255.04
1546222255.07
1546222255.11
1546222255.14
1546222255.17
1546222255.21
1546222255.24
1546222255.27
1546222255.31
1546222255.34
1546222255.37
1546222255.41
1546222255.44
1546222255.47
1546222255.51
1546222255.54
1546222255.57
1546222255.6
1546222255.63
1546222255.66
1546222255.7
1546222255.73
1546222255.77
1546222255.8
1546222255.83
1546222255.87
1546222255.9
1546222255.93
1546222255.96
1546222256.0
1546222256.03
1546222256.07
1546222256.1
1546222256.13
1546222256.16
1546222256.2
1546222256.23
1546222256.27
1546222256.3
1546222256.33
1546222256.36
1546222256.4
1546222256.43
1546222256.46
1546222256.5
1546222256.53
1546222256.57
1546222256.6
1546222256.63
1546222256.66
1546222256.7
1546222256.73
1546222256.77
1546222256.8
1546222256.83
1546222256.87
1546222256.9
1546222256.93
1546222256.96
1546222257.0
1546222257.03
1546222257.06
1546222257.1
1546222257.13
1546222257.16
1546222257.2
1546222257.23
1546222257.26
1546222257.3
1546222257.33
1546222257.36
1546222257.4
1546222257.43
1546222257.46
1546222257.5
1546222257.53
1546222257.56
1546222257.6
1546222257.63
1546222257.66
1546222257.7
1546222257.73
1546222257.77
1546222257.8
1546222257.83
1546222257.86
1546222257.9
1546222257.93
1546222257.96
1546222258.0
1546222258.03
1546222258.07
1546222258.1
1546222258.13
1546222258.16
1546222258.2
1546222258.23
1546222258.26
1546222258.3
1546222258.33
1546222258.36
1546222258.4
1546222258.43
1546222258.46
1546222258.5
1546222258.53
1546222258.56
1546222258.6
1546222258.63
1546222258.66
1546222258.7
1546222258.73
1546222258.76
1546222258.8
1546222258.83
1546222258.86
1546222258.9
1546222258.93
1546222258.96
1546222259.0
1546222259.03
1546222259.06
1546222259.1
1546222259.13
1546222259.16
1546222259.2
1546222259.23
1546222259.26
1546222259.3
1546222259.33
1546222259.36
1546222259.4
1546222259.43
1546222259.46
1546222259.5
1546222259.53
1546222259.56
1546222259.6
1546222259.63
1546222259.66
1546222259.7
1546222259.73
1546222259.76
1546222259.8
1546222259.83
1546222259.87
1546222259.9
1546222259.93
1546222259.96
1546222260.0
1546222260.03
1546222260.06
1546222260.1
1546222260.13
1546222260.16
1546222260.2
1546222260.23
1546222260.26
1546222260.3
1546222260.33
1546222260.36
1546222260.4
1546222260.43
1546222260.46
1546222260.5
1546222260.53
1546222260.56
1546222260.6
1546222260.63
1546222260.66
1546222260.7
1546222260.73
1546222260.76
1546222260.8
1546222260.83
1546222260.86
1546222260.9
1546222260.93
1546222260.96
1546222261.0
1546222261.03
1546222261.06
1546222261.1
1546222261.13
1546222261.16
1546222261.2
1546222261.23
1546222261.26
1546222261.3
1546222261.33
1546222261.36
1546222261.4
1546222261.43
1546222261.46
1546222261.49
1546222261.53
1546222261.56
1546222261.6
1546222261.63
1546222261.66
1546222261.69
1546222261.73
1546222261.76
1546222261.79
1546222261.83
1546222261.86
1546222261.89
1546222261.93
1546222261.96
1546222261.99
1546222262.03
1546222262.06
1546222262.1
1546222262.13
1546222262.16
1546222262.2
1546222262.23
1546222262.26
1546222262.3
1546222262.33
1546222262.36
1546222262.4
1546222262.43
1546222262.46
1546222262.5
1546222262.53
1546222262.56
1546222262.6
1546222262.63
1546222262.66
1546222262.69
1546222262.73
1546222262.76
1546222262.8
1546222262.83
1546222262.86
1546222262.89
1546222262.93
1546222262.96
1546222262.99
1546222263.03
1546222263.06
1546222263.1
1546222263.13
1546222263.16
1546222263.2
1546222263.23
1546222263.26
1546222263.3
1546222263.33
1546222263.36
1546222263.4
1546222263.43
1546222263.46
1546222263.49
1546222263.53
1546222263.56
1546222263.6
1546222263.63
1546222263.66
1546222263.69
1546222263.73
1546222263.76
1546222263.8
1546222263.83
1546222263.86
1546222263.89
1546222263.93
1546222263.96
1546222264.0
1546222264.03
1546222264.06
1546222264.1
1546222264.13
1546222264.16
1546222264.2
1546222264.23
1546222264.26
1546222264.3
1546222264.33
1546222264.36
1546222264.39
1546222264.43
1546222264.46
1546222264.5
1546222264.53
1546222264.56
1546222264.6
1546222264.63
1546222264.66
1546222264.69
1546222264.73
1546222264.76
1546222264.8
1546222264.83
1546222264.86
1546222264.9
1546222264.93
1546222264.96
1546222264.99
1546222265.03
1546222265.06
1546222265.1
1546222265.13
1546222265.16
1546222265.19
1546222265.23
1546222265.26
1546222265.3
1546222265.33
1546222265.36
1546222265.4
1546222265.43
1546222265.46
1546222265.5
1546222265.53
1546222265.56
1546222265.6
1546222265.63
1546222265.66
1546222265.69
1546222265.73
1546222265.76
1546222265.8
1546222265.83
1546222265.86
1546222265.89
1546222265.93
1546222265.96
1546222265.99
1546222266.03
1546222266.06
1546222266.09
1546222266.13
1546222266.16
1546222266.19
1546222266.23
1546222266.26
1546222266.29
1546222266.33
1546222266.36
1546222266.39
1546222266.43
1546222266.46
1546222266.49
1546222266.53
1546222266.56
1546222266.59
1546222266.63
1546222266.66
1546222266.69
1546222266.73
1546222266.76
1546222266.8
1546222266.83
1546222266.86
1546222266.89
1546222266.93
1546222266.96
1546222266.99
1546222267.03
1546222267.06
1546222267.09
1546222267.13
1546222267.16
1546222267.19
1546222267.23
1546222267.26
1546222267.29
1546222267.33
1546222267.36
1546222267.39
1546222267.43
1546222267.46
1546222267.49
1546222267.53
1546222267.56
1546222267.59
1546222267.63
1546222267.66
1546222267.69
1546222267.73
1546222267.76
1546222267.79
1546222267.83
1546222267.86
1546222267.89
1546222267.93
1546222267.96
1546222267.99
1546222268.03
1546222268.06
1546222268.09
1546222268.13
1546222268.16
1546222268.19
1546222268.23
1546222268.26
1546222268.29
1546222268.33
1546222268.36
1546222268.39
1546222268.43
1546222268.46
1546222268.49
1546222268.53
1546222268.56
1546222268.59
1546222268.62
1546222268.66
1546222268.69
1546222268.73
1546222268.76
1546222268.79
1546222268.83
1546222268.86
1546222268.89
1546222268.92
1546222268.96
1546222268.99
1546222269.03
1546222269.06
1546222269.09
1546222269.12
1546222269.16
1546222269.19
1546222269.23
1546222269.26
1546222269.29
1546222269.33
1546222269.36
1546222269.39
1546222269.42
1546222269.46
1546222269.49
1546222269.53
1546222269.56
1546222269.59
1546222269.62
1546222269.66
1546222269.69
1546222269.72
1546222269.76
1546222269.79
1546222269.82
1546222269.86
1546222269.89
1546222269.92
1546222269.96
1546222269.99
1546222270.02
1546222270.06
1546222270.09
1546222270.12
1546222270.16
1546222270.19
1546222270.22
1546222270.26
1546222270.29
1546222270.32
1546222270.36
1546222270.39
1546222270.42
1546222270.46
1546222270.49
1546222270.52
1546222270.56
1546222270.59
1546222270.62
1546222270.66
1546222270.69
1546222270.72
1546222270.76
1546222270.79
1546222270.82
1546222270.86
1546222270.89
1546222270.92
1546222270.96
1546222270.99
1546222271.02
1546222271.06
1546222271.09
1546222271.12
1546222271.16
1546222271.19
1546222271.22
1546222271.26
1546222271.29
1546222271.33
1546222271.36
1546222271.39
1546222271.42
1546222271.46
1546222271.49
1546222271.53
1546222271.56
1546222271.59
1546222271.62
1546222271.66
1546222271.69
1546222271.72
1546222271.76
1546222271.79
1546222271.82
1546222271.86
1546222271.89
1546222271.92
1546222271.96
1546222271.99
1546222272.02
1546222272.06
1546222272.09
1546222272.12
1546222272.16
1546222272.19
1546222272.22
1546222272.26
1546222272.29
1546222272.32
1546222272.36
1546222272.39
1546222272.42
1546222272.46
1546222272.49
1546222272.52
1546222272.56
1546222272.59
1546222272.62
1546222272.66
1546222272.69
1546222272.72
1546222272.76
1546222272.79
1546222272.82
1546222272.86
1546222272.89
1546222272.92
1546222272.96
1546222272.99
1546222273.02
1546222273.06
1546222273.09
1546222273.12
1546222273.16
1546222273.19
1546222273.22
1546222273.26
1546222273.29
1546222273.32
1546222273.36
1546222273.39
1546222273.42
1546222273.46
1546222273.49
1546222273.52
1546222273.56
1546222273.59
1546222273.62
1546222273.66
1546222273.69
1546222273.72
1546222273.76
1546222273.79
1546222273.82
1546222273.86
1546222273.89
1546222273.92
1546222273.96
1546222273.99
1546222274.02
1546222274.06
1546222274.09
1546222274.12
1546222274.16
1546222274.19
1546222274.22
1546222274.26
1546222274.29
1546222274.32
1546222274.36
1546222274.39
1546222274.42
1546222274.46
1546222274.49
1546222274.52
1546222274.56
1546222274.59
1546222274.62
1546222274.66
1546222274.69
1546222274.72
1546222274.76
1546222274.79
1546222274.82
1546222274.86
1546222274.89
1546222274.92
1546222274.96
1546222274.99
1546222275.02
1546222275.06
1546222275.09
1546222275.12
1546222275.16
1546222275.19
1546222275.22
1546222275.26
1546222275.29
1546222275.32
1546222275.36
1546222275.39
1546222275.42
1546222275.46
1546222275.49
1546222275.53
1546222275.56
1546222275.59
1546222275.63
1546222275.66
1546222275.69
1546222275.72
1546222275.76
1546222275.79
1546222275.83
1546222275.86
1546222275.89
1546222275.92
1546222275.96
1546222275.99
1546222276.03
1546222276.06
1546222276.09
1546222276.12
1546222276.16
1546222276.19
1546222276.22
1546222276.26
1546222276.29
1546222276.33
1546222276.36
1546222276.39
1546222276.42
1546222276.46
1546222276.49
1546222276.53
1546222276.56
1546222276.59
1546222276.62
1546222276.66
1546222276.69
1546222276.73
1546222276.76
1546222276.79
1546222276.83
1546222276.86
1546222276.89
1546222276.93
1546222276.96
1546222276.99
1546222277.03
1546222277.06
1546222277.09
1546222277.13
1546222277.16
1546222277.19
1546222277.23
1546222277.26
1546222277.29
1546222277.33
1546222277.36
1546222277.39
1546222277.43
1546222277.46
1546222277.49
1546222277.53
1546222277.56
1546222277.59
1546222277.63
1546222277.66
1546222277.69
1546222277.73
1546222277.76
1546222277.8
1546222277.83
1546222277.86
1546222277.89
1546222277.93
1546222277.96
1546222278.0
1546222278.03
1546222278.06
1546222278.1
1546222278.13
1546222278.16
1546222278.2
1546222278.23
1546222278.26
1546222278.3
1546222278.33
1546222278.36
1546222278.4
1546222278.43
1546222278.46
1546222278.5
1546222278.53
1546222278.56
1546222278.6
1546222278.63
1546222278.66
1546222278.69
1546222278.73
1546222278.76
1546222278.8
1546222278.83
1546222278.86
1546222278.89
1546222278.93
1546222278.96
1546222279.0
1546222279.03
1546222279.06
1546222279.1
1546222279.13
1546222279.16
1546222279.2
1546222279.23
1546222279.26
1546222279.3
1546222279.33
1546222279.36
1546222279.39
1546222279.42
1546222279.45
1546222279.49
1546222279.52
1546222279.56
1546222279.59
1546222279.62
1546222279.65
1546222279.69
1546222279.72
1546222279.76
1546222279.79
1546222279.82
1546222279.86
1546222279.89
1546222279.92
1546222279.96
1546222279.99
1546222280.02
1546222280.05
1546222280.09
1546222280.12
1546222280.15
1546222280.19
1546222280.22
1546222280.25
1546222280.29
1546222280.32
1546222280.36
1546222280.39
1546222280.42
1546222280.45
1546222280.49
1546222280.52
1546222280.55
1546222280.59
1546222280.62
1546222280.65
1546222280.69
1546222280.72
1546222280.75
1546222280.79
1546222280.82
1546222280.85
1546222280.89
1546222280.92
1546222280.95
1546222280.99
1546222281.02
1546222281.05
1546222281.09
1546222281.12
1546222281.15
1546222281.19
1546222281.22
1546222281.25
1546222281.29
1546222281.32
1546222281.35
1546222281.39
1546222281.42
1546222281.45
1546222281.49
1546222281.52
1546222281.55
1546222281.59
1546222281.62
1546222281.65
1546222281.69
1546222281.72
1546222281.75
1546222281.79
1546222281.82
1546222281.85
1546222281.89
1546222281.92
1546222281.95
1546222281.99
1546222282.02
1546222282.05
1546222282.09
1546222282.12
1546222282.15
1546222282.19
1546222282.22
1546222282.25
1546222282.29
1546222282.32
1546222282.35
1546222282.39
1546222282.42
1546222282.45
1546222282.49
1546222282.52
1546222282.55
1546222282.59
1546222282.62
1546222282.65
1546222282.69
1546222282.72
1546222282.75
1546222282.79
1546222282.82
1546222282.85
1546222282.89
1546222282.92
1546222282.95
1546222282.99
1546222283.02
1546222283.05
1546222283.09
1546222283.12
1546222283.15
1546222283.19
1546222283.22
1546222283.25
1546222283.29
1546222283.32
1546222283.35
1546222283.39
1546222283.42
1546222283.45
1546222283.49
1546222283.52
1546222283.55
1546222283.59
1546222283.62
1546222283.65
1546222283.69
1546222283.72
1546222283.75
1546222283.79
1546222283.82
1546222283.85
1546222283.89
1546222283.92
1546222283.95
1546222283.99
1546222284.02
1546222284.05
1546222284.09
1546222284.12
1546222284.15
1546222284.19
1546222284.22
1546222284.26
1546222284.29
1546222284.32
1546222284.36
1546222284.39
1546222284.42
1546222284.45
1546222284.49
1546222284.52
1546222284.55
1546222284.59
1546222284.62
1546222284.65
1546222284.69
1546222284.72
1546222284.76
1546222284.79
1546222284.82
1546222284.86
1546222284.89
1546222284.92
1546222284.95
1546222284.99
1546222285.02
1546222285.05
1546222285.09
1546222285.12
1546222285.15
1546222285.19
1546222285.22
1546222285.25
1546222285.29
1546222285.32
1546222285.35
1546222285.39
1546222285.42
1546222285.45
1546222285.49
1546222285.52
1546222285.55
1546222285.59
1546222285.62
1546222285.65
1546222285.69
1546222285.72
1546222285.75
1546222285.79
1546222285.82
1546222285.85
1546222285.89
1546222285.92
1546222285.95
1546222285.99
1546222286.02
1546222286.05
1546222286.09
1546222286.12
1546222286.15
1546222286.19
1546222286.22
1546222286.25
1546222286.29
1546222286.32
1546222286.35
1546222286.39
1546222286.42
1546222286.45
1546222286.48
1546222286.52
1546222286.55
1546222286.59
1546222286.62
1546222286.65
1546222286.68
1546222286.72
1546222286.75
1546222286.79
1546222286.82
1546222286.85
1546222286.89
1546222286.92
1546222286.95
1546222286.98
1546222287.02
1546222287.05
1546222287.09
1546222287.12
1546222287.15
1546222287.19
1546222287.22
1546222287.25
1546222287.29
1546222287.32
1546222287.35
1546222287.39
1546222287.42
1546222287.45
1546222287.49
1546222287.52
1546222287.55
1546222287.59
1546222287.62
1546222287.65
1546222287.68
1546222287.72
1546222287.75
1546222287.79
1546222287.82
1546222287.85
1546222287.89
1546222287.92
1546222287.95
1546222287.98
1546222288.02
1546222288.05
1546222288.09
1546222288.12
1546222288.15
1546222288.18
1546222288.22
1546222288.25
1546222288.29
1546222288.32
1546222288.35
1546222288.39
1546222288.42
1546222288.45
1546222288.49
1546222288.52
1546222288.55
1546222288.59
1546222288.62
1546222288.65
1546222288.69
1546222288.72
1546222288.75
1546222288.79
1546222288.82
1546222288.85
1546222288.89
1546222288.92
1546222288.95
1546222288.99
1546222289.02
1546222289.05
1546222289.09
1546222289.12
1546222289.15
1546222289.18
1546222289.22
1546222289.25
1546222289.29
1546222289.32
1546222289.35
1546222289.38
1546222289.42
1546222289.45
1546222289.48
1546222289.52
1546222289.55
1546222289.58
1546222289.62
1546222289.65
1546222289.68
1546222289.72
1546222289.75
1546222289.78
1546222289.82
1546222289.85
1546222289.88
1546222289.92
1546222289.95
1546222289.98
1546222290.02
1546222290.05
1546222290.08
1546222290.12
1546222290.15
1546222290.18
1546222290.22
1546222290.25
1546222290.28
1546222290.32
1546222290.35
1546222290.38
1546222290.42
1546222290.45
1546222290.48
1546222290.52
1546222290.55
1546222290.58
1546222290.62
1546222290.65
1546222290.68
1546222290.72
1546222290.75
1546222290.78
1546222290.82
1546222290.85
1546222290.88
1546222290.92
1546222290.95
1546222290.98
1546222291.02
1546222291.05
1546222291.09
1546222291.12
1546222291.15
1546222291.18
1546222291.22
1546222291.25
1546222291.28
1546222291.32
1546222291.35
1546222291.38
1546222291.42
1546222291.45
1546222291.48
1546222291.52
1546222291.55
1546222291.58
1546222291.62
1546222291.65
1546222291.68
1546222291.72
1546222291.75
1546222291.78
1546222291.82
1546222291.85
1546222291.88
1546222291.92
1546222291.95
1546222291.98
1546222292.02
1546222292.05
1546222292.08
1546222292.12
1546222292.15
1546222292.18
1546222292.22
1546222292.25
1546222292.28
1546222292.32
1546222292.35
1546222292.38
1546222292.42
1546222292.45
1546222292.48
1546222292.52
1546222292.55
1546222292.58
1546222292.62
1546222292.65
1546222292.68
1546222292.72
1546222292.75
1546222292.78
1546222292.82
1546222292.85
1546222292.88
1546222292.92
1546222292.95
1546222292.98
1546222293.02
1546222293.05
1546222293.08
1546222293.12
1546222293.15
1546222293.18
1546222293.22
1546222293.25
1546222293.29
1546222293.32
1546222293.35
1546222293.38
1546222293.42
1546222293.45
1546222293.48
1546222293.52
1546222293.55
1546222293.59
1546222293.62
1546222293.65
1546222293.69
1546222293.72
1546222293.75
1546222293.79
1546222293.82
1546222293.85
1546222293.88
1546222293.92
1546222293.95
1546222293.98
1546222294.02
1546222294.05
1546222294.09
1546222294.12
1546222294.15
1546222294.18
1546222294.22
1546222294.25
1546222294.29
1546222294.32
1546222294.35
1546222294.38
1546222294.42
1546222294.45
1546222294.48
1546222294.52
1546222294.55
1546222294.59
1546222294.62
1546222294.65
1546222294.68
1546222294.72
1546222294.75
1546222294.78
1546222294.82
1546222294.85
1546222294.88
1546222294.92
1546222294.95
1546222294.98
1546222295.02
1546222295.05
1546222295.08
1546222295.12
1546222295.15
1546222295.18
1546222295.22
1546222295.25
1546222295.28
1546222295.32
1546222295.35
1546222295.38
1546222295.42
1546222295.45
1546222295.48
1546222295.52
1546222295.55
1546222295.58
1546222295.62
1546222295.65
1546222295.68
1546222295.72
1546222295.75
1546222295.78
1546222295.82
1546222295.85
1546222295.88
1546222295.92
1546222295.95
1546222295.98
1546222296.02
1546222296.05
1546222296.08
1546222296.12
1546222296.15
1546222296.18
1546222296.22
1546222296.25
1546222296.28
1546222296.32
1546222296.35
1546222296.38
1546222296.42
1546222296.45
1546222296.48
1546222296.52
1546222296.55
1546222296.58
1546222296.62
1546222296.65
1546222296.68
1546222296.72
1546222296.75
1546222296.78
1546222296.82
1546222296.85
1546222296.88
1546222296.92
1546222296.95
1546222296.98
1546222297.02
1546222297.05
1546222297.08
1546222297.12
1546222297.15
1546222297.18
1546222297.21
1546222297.25
1546222297.28
1546222297.32
1546222297.35
1546222297.38
1546222297.41
1546222297.45
1546222297.48
1546222297.52
1546222297.55
1546222297.58
1546222297.62
1546222297.65
1546222297.68
1546222297.72
1546222297.75
1546222297.78
1546222297.82
1546222297.85
1546222297.88
1546222297.92
1546222297.95
1546222297.98
1546222298.02
1546222298.05
1546222298.08
1546222298.12
1546222298.15
1546222298.18
1546222298.21
1546222298.25
1546222298.28
1546222298.32
1546222298.35
1546222298.38
1546222298.42
1546222298.45
1546222298.48
1546222298.52
1546222298.55
1546222298.58
1546222298.62
1546222298.65
1546222298.68
1546222298.72
1546222298.75
1546222298.78
1546222298.82
1546222298.85
1546222298.88
1546222298.92
1546222298.95
1546222298.98
1546222299.02
1546222299.05
1546222299.08
1546222299.12
1546222299.15
1546222299.18
1546222299.22
1546222299.25
1546222299.28
1546222299.32
1546222299.35
1546222299.38
1546222299.42
1546222299.45
1546222299.48
1546222299.52
1546222299.55
1546222299.58
1546222299.62
1546222299.65
1546222299.68
1546222299.72
1546222299.75
1546222299.78
1546222299.82
1546222299.85
1546222299.88
1546222299.92
1546222299.95
1546222299.98
1546222300.02
1546222300.05
1546222300.08
1546222300.12
1546222300.15
1546222300.18
1546222300.22
1546222300.25
1546222300.28
1546222300.32
1546222300.35
1546222300.38
1546222300.42
1546222300.45
1546222300.48
1546222300.52
1546222300.55
1546222300.58
1546222300.62
1546222300.65
1546222300.68
1546222300.72
1546222300.75
1546222300.79
1546222300.82
1546222300.85
1546222300.89
1546222300.92
1546222300.95
1546222300.99
1546222301.02
1546222301.05
1546222301.09
1546222301.12
1546222301.15
1546222301.19
1546222301.22
1546222301.25
1546222301.29
1546222301.32
1546222301.35
1546222301.39
1546222301.42
1546222301.45
1546222301.49
1546222301.52
1546222301.56
1546222301.59
1546222301.62
1546222301.65
1546222301.69
1546222301.72
1546222301.75
1546222301.79
1546222301.82
1546222301.86
1546222301.89
1546222301.92
1546222301.95
1546222301.99
1546222302.02
1546222302.06
1546222302.09
1546222302.12
1546222302.15
1546222302.19
1546222302.22
1546222302.25
1546222302.29
1546222302.32
1546222302.35
1546222302.39
1546222302.42
1546222302.45
1546222302.49
1546222302.52
1546222302.55
1546222302.59
1546222302.62
1546222302.65
1546222302.69
1546222302.72
1546222302.75
1546222302.79
1546222302.82
1546222302.85
1546222302.89
1546222302.92
1546222302.95
1546222302.99
1546222303.02
1546222303.05
1546222303.08
1546222303.11
1546222303.15
1546222303.18
1546222303.21
1546222303.25
1546222303.28
1546222303.31
1546222303.35
1546222303.38
1546222303.41
1546222303.45
1546222303.48
1546222303.51
1546222303.55
