1546148006.08
1546148006.22
1546148006.26
1546148006.29
1546148006.32
1546148006.35
1546148006.38
1546148006.41
1546148006.44
1546148006.47
1546148006.5
1546148006.54
1546148006.57
1546148006.6
1546148006.64
1546148006.67
1546148006.7
1546148006.74
1546148006.77
1546148006.8
1546148006.84
1546148006.87
1546148006.9
1546148006.94
1546148006.97
1546148007.01
1546148007.04
1546148007.07
1546148007.11
1546148007.14
1546148007.17
1546148007.2
1546148007.24
1546148007.27
1546148007.3
1546148007.34
1546148007.37
1546148007.4
1546148007.44
1546148007.47
1546148007.5
1546148007.54
1546148007.57
1546148007.6
1546148007.64
1546148007.67
1546148007.7
1546148007.74
1546148007.77
1546148007.8
1546148007.84
1546148007.87
1546148007.9
1546148007.94
1546148007.97
1546148008.0
1546148008.04
1546148008.07
1546148008.1
1546148008.14
1546148008.17
1546148008.2
1546148008.24
1546148008.27
1546148008.3
1546148008.34
1546148008.37
1546148008.4
1546148008.44
1546148008.47
1546148008.5
1546148008.54
1546148008.57
1546148008.6
1546148008.64
1546148008.67
1546148008.7
1546148008.74
1546148008.77
1546148008.8
1546148008.84
1546148008.87
1546148008.9
1546148008.94
1546148008.97
1546148009.0
1546148009.04
1546148009.07
1546148009.1
1546148009.14
1546148009.17
1546148009.2
1546148009.24
1546148009.27
1546148009.3
1546148009.34
1546148009.37
1546148009.4
1546148009.44
1546148009.47
1546148009.5
1546148009.54
1546148009.57
1546148009.6
1546148009.63
1546148009.67
1546148009.7
1546148009.74
1546148009.77
1546148009.8
1546148009.84
1546148009.87
1546148009.9
1546148009.94
1546148009.97
1546148010.0
1546148010.04
1546148010.07
1546148010.1
1546148010.14
1546148010.17
1546148010.2
1546148010.23
1546148010.27
1546148010.3
1546148010.34
1546148010.37
1546148010.4
1546148010.43
1546148010.47
1546148010.5
1546148010.54
1546148010.57
1546148010.6
1546148010.64
1546148010.67
1546148010.7
1546148010.73
1546148010.77
1546148010.8
1546148010.84
1546148010.87
1546148010.9
1546148010.94
1546148010.97
1546148011.0
1546148011.04
1546148011.07
1546148011.1
1546148011.14
1546148011.17
1546148011.2
1546148011.23
1546148011.27
1546148011.3
1546148011.34
1546148011.37
1546148011.4
1546148011.43
1546148011.47
1546148011.5
1546148011.54
1546148011.57
1546148011.6
1546148011.63
1546148011.67
1546148011.7
1546148011.73
1546148011.77
1546148011.8
1546148011.83
1546148011.87
1546148011.9
1546148011.93
1546148011.97
1546148012.0
1546148012.04
1546148012.07
1546148012.1
1546148012.13
1546148012.17
1546148012.2
1546148012.23
1546148012.27
1546148012.3
1546148012.34
1546148012.37
1546148012.4
1546148012.43
1546148012.47
1546148012.5
1546148012.54
1546148012.57
1546148012.6
1546148012.63
1546148012.67
1546148012.7
1546148012.73
1546148012.77
1546148012.8
1546148012.84
1546148012.87
1546148012.9
1546148012.94
1546148012.97
1546148013.0
1546148013.04
1546148013.07
1546148013.1
1546148013.14
1546148013.17
1546148013.2
1546148013.24
1546148013.27
1546148013.3
1546148013.34
1546148013.37
1546148013.4
1546148013.44
1546148013.47
1546148013.5
1546148013.54
1546148013.57
1546148013.6
1546148013.64
1546148013.67
1546148013.7
1546148013.74
1546148013.77
1546148013.8
1546148013.84
1546148013.87
1546148013.9
1546148013.94
1546148013.97
1546148014.0
1546148014.04
1546148014.07
1546148014.1
1546148014.14
1546148014.17
1546148014.2
1546148014.24
1546148014.27
1546148014.31
1546148014.34
1546148014.37
1546148014.4
1546148014.44
1546148014.47
1546148014.51
1546148014.54
1546148014.57
1546148014.61
1546148014.64
1546148014.67
1546148014.71
1546148014.74
1546148014.77
1546148014.81
1546148014.84
1546148014.87
1546148014.9
1546148014.94
1546148014.97
1546148015.01
1546148015.04
1546148015.07
1546148015.11
1546148015.14
1546148015.17
1546148015.2
1546148015.24
1546148015.27
1546148015.31
1546148015.34
1546148015.37
1546148015.4
1546148015.44
1546148015.47
1546148015.51
1546148015.54
1546148015.57
1546148015.61
1546148015.64
1546148015.67
1546148015.7
1546148015.74
1546148015.77
1546148015.81
1546148015.84
1546148015.87
1546148015.91
1546148015.94
1546148015.97
1546148016.01
1546148016.04
1546148016.07
1546148016.11
1546148016.14
1546148016.17
1546148016.21
1546148016.24
1546148016.27
1546148016.31
1546148016.34
1546148016.37
1546148016.41
1546148016.44
1546148016.47
1546148016.51
1546148016.54
1546148016.57
1546148016.61
1546148016.64
1546148016.67
1546148016.71
1546148016.74
1546148016.77
1546148016.81
1546148016.84
1546148016.87
1546148016.91
1546148016.94
1546148016.97
1546148017.01
1546148017.04
1546148017.08
1546148017.11
1546148017.14
1546148017.17
1546148017.21
1546148017.24
1546148017.27
1546148017.31
1546148017.34
1546148017.38
1546148017.41
1546148017.44
1546148017.47
1546148017.51
1546148017.54
1546148017.58
1546148017.61
1546148017.64
1546148017.67
1546148017.71
1546148017.74
1546148017.78
1546148017.81
1546148017.84
1546148017.88
1546148017.91
1546148017.94
1546148017.97
1546148018.01
1546148018.04
1546148018.08
1546148018.11
1546148018.14
1546148018.17
1546148018.21
1546148018.24
1546148018.28
1546148018.31
1546148018.34
1546148018.38
1546148018.41
1546148018.44
1546148018.47
1546148018.51
1546148018.54
1546148018.58
1546148018.61
1546148018.64
1546148018.68
1546148018.71
1546148018.74
1546148018.78
1546148018.81
1546148018.84
1546148018.88
1546148018.9
1546148018.94
1546148018.97
1546148019.0
1546148019.04
1546148019.07
1546148019.1
1546148019.14
1546148019.17
1546148019.2
1546148019.24
1546148019.27
1546148019.3
1546148019.34
1546148019.37
1546148019.4
1546148019.44
1546148019.47
1546148019.5
1546148019.54
1546148019.57
1546148019.6
1546148019.64
1546148019.67
1546148019.7
1546148019.74
1546148019.77
1546148019.8
1546148019.84
1546148019.87
1546148019.9
1546148019.94
1546148019.97
1546148020.0
1546148020.04
1546148020.07
1546148020.1
1546148020.14
1546148020.17
1546148020.2
1546148020.24
1546148020.27
1546148020.3
1546148020.34
1546148020.37
1546148020.4
1546148020.44
1546148020.47
1546148020.5
1546148020.54
1546148020.57
1546148020.6
1546148020.64
1546148020.67
1546148020.7
1546148020.74
1546148020.77
1546148020.8
1546148020.84
1546148020.87
1546148020.9
1546148020.94
1546148020.97
1546148021.0
1546148021.04
1546148021.07
1546148021.11
1546148021.14
1546148021.17
1546148021.2
1546148021.24
1546148021.27
1546148021.31
1546148021.34
1546148021.37
1546148021.4
1546148021.44
1546148021.47
1546148021.5
1546148021.54
1546148021.57
1546148021.6
1546148021.64
1546148021.67
1546148021.7
1546148021.74
1546148021.77
1546148021.8
1546148021.84
1546148021.87
1546148021.9
1546148021.94
1546148021.97
1546148022.0
1546148022.04
1546148022.07
1546148022.1
1546148022.14
1546148022.17
1546148022.2
1546148022.24
1546148022.27
1546148022.3
1546148022.34
1546148022.37
1546148022.4
1546148022.44
1546148022.47
1546148022.5
1546148022.54
1546148022.57
1546148022.6
1546148022.64
1546148022.67
1546148022.7
1546148022.74
1546148022.77
1546148022.8
1546148022.84
1546148022.87
1546148022.9
1546148022.94
1546148022.97
1546148023.0
1546148023.04
1546148023.07
1546148023.1
1546148023.14
1546148023.17
1546148023.2
1546148023.24
1546148023.27
1546148023.3
1546148023.34
1546148023.37
1546148023.4
1546148023.43
1546148023.47
1546148023.5
1546148023.54
1546148023.57
1546148023.6
1546148023.64
1546148023.67
1546148023.7
1546148023.73
1546148023.77
1546148023.8
1546148023.84
1546148023.87
1546148023.9
1546148023.94
1546148023.97
1546148024.0
1546148024.04
1546148024.07
1546148024.1
1546148024.14
1546148024.17
1546148024.2
1546148024.24
1546148024.27
1546148024.3
1546148024.34
1546148024.37
1546148024.4
1546148024.44
1546148024.47
1546148024.5
1546148024.54
1546148024.57
1546148024.6
1546148024.64
1546148024.67
1546148024.7
1546148024.74
1546148024.77
1546148024.8
1546148024.84
1546148024.87
1546148024.9
1546148024.94
1546148024.97
1546148025.0
1546148025.04
1546148025.07
1546148025.1
1546148025.13
1546148025.17
1546148025.2
1546148025.23
1546148025.27
1546148025.3
1546148025.33
1546148025.37
1546148025.4
1546148025.43
1546148025.47
1546148025.5
1546148025.54
1546148025.57
1546148025.6
1546148025.63
1546148025.67
1546148025.7
1546148025.74
1546148025.77
1546148025.8
1546148025.84
1546148025.87
1546148025.9
1546148025.93
1546148025.97
1546148026.0
1546148026.04
1546148026.07
1546148026.1
1546148026.13
1546148026.17
1546148026.2
1546148026.23
1546148026.27
1546148026.3
1546148026.34
1546148026.37
1546148026.4
1546148026.43
1546148026.47
1546148026.5
1546148026.53
1546148026.57
1546148026.6
1546148026.63
1546148026.67
1546148026.7
1546148026.73
1546148026.77
1546148026.8
1546148026.83
1546148026.87
1546148026.9
1546148026.93
1546148026.97
1546148027.0
1546148027.03
1546148027.07
1546148027.1
1546148027.13
1546148027.17
1546148027.2
1546148027.23
1546148027.27
1546148027.3
1546148027.33
1546148027.37
1546148027.4
1546148027.43
1546148027.47
1546148027.5
1546148027.53
1546148027.57
1546148027.6
1546148027.63
1546148027.67
1546148027.7
1546148027.73
1546148027.77
1546148027.8
1546148027.83
1546148027.87
1546148027.9
1546148027.93
1546148027.97
1546148028.0
1546148028.03
1546148028.07
1546148028.1
1546148028.13
1546148028.16
1546148028.2
1546148028.23
1546148028.27
1546148028.3
1546148028.33
1546148028.37
1546148028.4
1546148028.43
1546148028.46
1546148028.5
1546148028.53
1546148028.57
1546148028.6
1546148028.63
1546148028.67
1546148028.7
1546148028.73
1546148028.77
1546148028.8
1546148028.83
1546148028.87
1546148028.9
1546148028.93
1546148028.97
1546148029.0
1546148029.03
1546148029.07
1546148029.1
1546148029.13
1546148029.16
1546148029.2
1546148029.23
1546148029.27
1546148029.3
1546148029.33
1546148029.37
1546148029.4
1546148029.43
1546148029.46
1546148029.5
1546148029.53
1546148029.57
1546148029.6
1546148029.63
1546148029.66
1546148029.7
1546148029.73
1546148029.77
1546148029.8
1546148029.83
1546148029.87
1546148029.9
1546148029.93
1546148029.97
1546148030.0
1546148030.03
1546148030.07
1546148030.1
1546148030.13
1546148030.17
1546148030.2
1546148030.23
1546148030.27
1546148030.3
1546148030.33
1546148030.37
1546148030.4
1546148030.43
1546148030.46
1546148030.5
1546148030.53
1546148030.57
1546148030.6
1546148030.63
1546148030.67
1546148030.7
1546148030.73
1546148030.77
1546148030.8
1546148030.83
1546148030.87
1546148030.9
1546148030.93
1546148030.97
1546148031.0
1546148031.03
1546148031.07
1546148031.1
1546148031.13
1546148031.17
1546148031.2
1546148031.23
1546148031.27
1546148031.3
1546148031.33
1546148031.37
1546148031.4
1546148031.43
1546148031.47
1546148031.5
1546148031.53
1546148031.57
1546148031.6
1546148031.63
1546148031.67
1546148031.7
1546148031.73
1546148031.77
1546148031.8
1546148031.83
1546148031.87
1546148031.9
1546148031.93
1546148031.97
1546148032.0
1546148032.03
1546148032.07
1546148032.1
1546148032.13
1546148032.17
1546148032.2
1546148032.23
1546148032.27
1546148032.3
1546148032.33
1546148032.37
1546148032.4
1546148032.43
1546148032.47
1546148032.5
1546148032.53
1546148032.57
1546148032.6
1546148032.63
1546148032.67
1546148032.7
1546148032.73
1546148032.77
1546148032.8
1546148032.83
1546148032.87
1546148032.9
1546148032.93
1546148032.96
1546148033.0
1546148033.03
1546148033.07
1546148033.1
1546148033.13
1546148033.16
1546148033.2
1546148033.23
1546148033.27
1546148033.3
1546148033.33
1546148033.37
1546148033.4
1546148033.43
1546148033.46
1546148033.5
1546148033.53
1546148033.56
1546148033.6
1546148033.63
1546148033.67
1546148033.7
1546148033.73
1546148033.76
1546148033.8
1546148033.83
1546148033.86
1546148033.9
1546148033.93
1546148033.96
1546148034.0
1546148034.03
1546148034.06
1546148034.1
1546148034.13
1546148034.16
1546148034.2
1546148034.23
1546148034.26
1546148034.3
1546148034.33
1546148034.37
1546148034.4
1546148034.43
1546148034.46
1546148034.5
1546148034.53
1546148034.57
1546148034.6
1546148034.63
1546148034.66
1546148034.7
1546148034.73
1546148034.76
1546148034.8
1546148034.83
1546148034.86
1546148034.9
1546148034.93
1546148034.96
1546148035.0
1546148035.03
1546148035.06
1546148035.1
1546148035.13
1546148035.16
1546148035.2
1546148035.23
1546148035.26
1546148035.3
1546148035.33
1546148035.36
1546148035.4
1546148035.43
1546148035.46
1546148035.5
1546148035.53
1546148035.56
1546148035.6
1546148035.63
1546148035.66
1546148035.7
1546148035.73
1546148035.77
1546148035.8
1546148035.83
1546148035.86
1546148035.9
1546148035.93
1546148035.96
1546148036.0
1546148036.03
1546148036.06
1546148036.1
1546148036.13
1546148036.16
1546148036.2
1546148036.23
1546148036.27
1546148036.3
1546148036.33
1546148036.36
1546148036.4
1546148036.43
1546148036.46
1546148036.5
1546148036.53
1546148036.56
1546148036.6
1546148036.63
1546148036.66
1546148036.7
1546148036.73
1546148036.76
1546148036.8
1546148036.83
1546148036.86
1546148036.9
1546148036.93
1546148036.96
1546148037.0
1546148037.03
1546148037.06
1546148037.1
1546148037.13
1546148037.16
1546148037.2
1546148037.23
1546148037.26
1546148037.3
1546148037.33
1546148037.36
1546148037.4
1546148037.43
1546148037.46
1546148037.5
1546148037.53
1546148037.56
1546148037.6
1546148037.63
1546148037.66
1546148037.7
1546148037.73
1546148037.76
1546148037.8
1546148037.83
1546148037.86
1546148037.9
1546148037.93
1546148037.96
1546148038.0
1546148038.03
1546148038.06
1546148038.1
1546148038.13
1546148038.16
1546148038.2
1546148038.23
1546148038.26
1546148038.3
1546148038.33
1546148038.36
1546148038.4
1546148038.43
1546148038.46
1546148038.5
1546148038.53
1546148038.56
1546148038.6
1546148038.63
1546148038.66
1546148038.7
1546148038.73
1546148038.77
1546148038.8
1546148038.83
1546148038.87
1546148038.9
1546148038.93
1546148038.96
1546148039.0
1546148039.03
1546148039.07
1546148039.1
1546148039.13
1546148039.16
1546148039.2
1546148039.23
1546148039.27
1546148039.3
1546148039.33
1546148039.37
1546148039.4
1546148039.43
1546148039.47
1546148039.5
1546148039.53
1546148039.57
1546148039.6
1546148039.63
1546148039.67
1546148039.7
1546148039.73
1546148039.77
1546148039.8
1546148039.83
1546148039.87
1546148039.9
1546148039.93
1546148039.97
1546148040.0
1546148040.03
1546148040.07
1546148040.1
1546148040.13
1546148040.17
1546148040.2
1546148040.23
1546148040.27
1546148040.3
1546148040.33
1546148040.37
1546148040.4
1546148040.43
1546148040.47
1546148040.5
1546148040.53
1546148040.57
1546148040.6
1546148040.63
1546148040.67
1546148040.7
1546148040.73
1546148040.77
1546148040.8
1546148040.83
1546148040.87
1546148040.9
1546148040.93
1546148040.97
1546148041.0
1546148041.03
1546148041.07
1546148041.1
1546148041.13
1546148041.17
1546148041.2
1546148041.23
1546148041.27
1546148041.3
1546148041.34
1546148041.37
1546148041.4
1546148041.43
1546148041.47
1546148041.5
1546148041.53
1546148041.57
1546148041.6
1546148041.63
1546148041.67
1546148041.7
1546148041.73
1546148041.77
1546148041.8
1546148041.83
1546148041.87
1546148041.9
1546148041.93
1546148041.97
1546148042.0
1546148042.03
1546148042.07
1546148042.1
1546148042.13
1546148042.17
1546148042.2
1546148042.23
1546148042.27
1546148042.3
1546148042.34
1546148042.37
1546148042.4
1546148042.43
1546148042.47
1546148042.5
1546148042.54
1546148042.57
1546148042.6
1546148042.63
1546148042.67
1546148042.7
1546148042.73
1546148042.77
1546148042.8
1546148042.83
1546148042.86
1546148042.89
1546148042.93
1546148042.96
1546148042.99
1546148043.03
1546148043.06
1546148043.09
1546148043.13
1546148043.16
1546148043.19
1546148043.23
1546148043.26
1546148043.29
1546148043.33
1546148043.36
1546148043.39
1546148043.43
1546148043.46
1546148043.49
1546148043.53
1546148043.56
1546148043.59
1546148043.63
1546148043.66
1546148043.69
1546148043.73
1546148043.76
1546148043.79
1546148043.83
1546148043.86
1546148043.89
1546148043.93
1546148043.96
1546148043.99
1546148044.03
1546148044.06
1546148044.1
1546148044.13
1546148044.16
1546148044.19
1546148044.23
1546148044.26
1546148044.3
1546148044.33
1546148044.36
1546148044.4
1546148044.43
1546148044.46
1546148044.5
1546148044.53
1546148044.56
1546148044.6
1546148044.63
1546148044.66
1546148044.69
1546148044.73
1546148044.76
1546148044.8
1546148044.83
1546148044.86
1546148044.9
1546148044.93
1546148044.96
1546148045.0
1546148045.03
1546148045.06
1546148045.1
1546148045.13
1546148045.16
1546148045.2
1546148045.23
1546148045.26
1546148045.3
1546148045.33
1546148045.36
1546148045.39
1546148045.43
1546148045.46
1546148045.49
1546148045.53
1546148045.56
1546148045.6
1546148045.63
1546148045.66
1546148045.69
1546148045.73
1546148045.76
1546148045.8
1546148045.83
1546148045.86
1546148045.9
1546148045.93
1546148045.96
1546148045.99
1546148046.03
1546148046.06
1546148046.1
1546148046.13
1546148046.16
1546148046.2
1546148046.23
1546148046.26
1546148046.3
1546148046.33
1546148046.36
1546148046.4
1546148046.43
1546148046.46
1546148046.49
1546148046.53
1546148046.56
1546148046.6
1546148046.63
1546148046.66
1546148046.69
1546148046.73
1546148046.76
1546148046.8
1546148046.83
1546148046.86
1546148046.89
1546148046.93
1546148046.96
1546148046.99
1546148047.03
1546148047.06
1546148047.1
1546148047.13
1546148047.16
1546148047.19
1546148047.23
1546148047.26
1546148047.3
1546148047.33
1546148047.36
1546148047.4
1546148047.43
1546148047.46
1546148047.49
1546148047.53
1546148047.56
1546148047.6
1546148047.63
1546148047.66
1546148047.69
1546148047.73
1546148047.76
1546148047.8
1546148047.83
1546148047.86
1546148047.89
1546148047.93
1546148047.96
1546148047.99
1546148048.03
1546148048.06
1546148048.1
1546148048.13
1546148048.16
1546148048.19
1546148048.23
1546148048.26
1546148048.29
1546148048.33
1546148048.36
1546148048.39
1546148048.43
1546148048.46
1546148048.49
1546148048.53
1546148048.56
1546148048.59
1546148048.63
1546148048.66
1546148048.69
1546148048.73
1546148048.76
1546148048.79
1546148048.83
1546148048.86
1546148048.89
1546148048.93
1546148048.96
1546148049.0
1546148049.03
1546148049.06
1546148049.1
1546148049.13
1546148049.16
1546148049.19
1546148049.23
1546148049.26
1546148049.29
1546148049.33
1546148049.36
1546148049.39
1546148049.43
1546148049.46
1546148049.49
1546148049.53
1546148049.56
1546148049.6
1546148049.63
1546148049.66
1546148049.69
1546148049.73
1546148049.76
1546148049.79
1546148049.83
1546148049.86
1546148049.89
1546148049.93
1546148049.96
1546148049.99
1546148050.03
1546148050.06
1546148050.1
1546148050.13
1546148050.16
1546148050.2
1546148050.23
1546148050.26
1546148050.3
1546148050.33
1546148050.36
1546148050.39
1546148050.43
1546148050.46
1546148050.49
1546148050.53
1546148050.56
1546148050.6
1546148050.63
1546148050.66
1546148050.7
1546148050.73
1546148050.76
1546148050.8
1546148050.83
1546148050.86
1546148050.9
1546148050.93
1546148050.96
1546148051.0
1546148051.03
1546148051.06
1546148051.1
1546148051.13
1546148051.16
1546148051.19
1546148051.23
1546148051.26
1546148051.3
1546148051.33
1546148051.36
1546148051.39
1546148051.43
1546148051.46
1546148051.5
1546148051.53
1546148051.56
1546148051.6
1546148051.63
1546148051.66
1546148051.69
1546148051.73
1546148051.76
1546148051.8
1546148051.83
1546148051.86
1546148051.9
1546148051.93
1546148051.96
1546148052.0
1546148052.03
1546148052.06
1546148052.1
1546148052.13
1546148052.16
1546148052.19
1546148052.23
1546148052.26
1546148052.3
1546148052.33
1546148052.36
1546148052.39
1546148052.43
1546148052.46
1546148052.49
1546148052.53
1546148052.56
1546148052.6
1546148052.63
1546148052.66
1546148052.69
1546148052.73
1546148052.76
1546148052.8
1546148052.83
1546148052.86
1546148052.9
1546148052.93
1546148052.96
1546148052.99
1546148053.03
1546148053.06
1546148053.1
1546148053.13
1546148053.16
1546148053.19
1546148053.23
1546148053.26
1546148053.3
1546148053.33
1546148053.36
1546148053.4
1546148053.43
1546148053.46
1546148053.5
1546148053.53
1546148053.56
1546148053.6
1546148053.63
1546148053.66
1546148053.69
1546148053.73
1546148053.76
1546148053.8
1546148053.83
1546148053.86
1546148053.9
1546148053.93
1546148053.96
1546148053.99
1546148054.03
1546148054.06
1546148054.09
1546148054.13
1546148054.16
1546148054.19
1546148054.23
1546148054.26
1546148054.3
1546148054.33
1546148054.36
1546148054.39
1546148054.43
1546148054.46
1546148054.49
1546148054.53
1546148054.56
1546148054.59
1546148054.63
1546148054.66
1546148054.69
1546148054.73
1546148054.76
1546148054.79
1546148054.83
1546148054.86
1546148054.89
1546148054.93
1546148054.96
1546148054.99
1546148055.03
1546148055.06
1546148055.09
1546148055.13
1546148055.16
1546148055.19
1546148055.23
1546148055.26
1546148055.3
1546148055.33
1546148055.36
1546148055.39
1546148055.43
1546148055.46
1546148055.49
1546148055.53
1546148055.56
1546148055.59
1546148055.63
1546148055.66
1546148055.69
1546148055.73
1546148055.76
1546148055.79
1546148055.83
1546148055.86
1546148055.89
1546148055.93
1546148055.96
1546148055.99
1546148056.03
1546148056.06
1546148056.09
1546148056.13
1546148056.16
1546148056.19
1546148056.23
1546148056.26
1546148056.29
1546148056.33
1546148056.36
1546148056.39
1546148056.43
1546148056.46
1546148056.49
1546148056.53
1546148056.56
1546148056.59
1546148056.62
1546148056.66
1546148056.69
1546148056.73
1546148056.76
1546148056.79
1546148056.83
1546148056.86
1546148056.89
1546148056.92
1546148056.96
1546148056.99
1546148057.03
1546148057.06
1546148057.09
1546148057.13
1546148057.16
1546148057.19
1546148057.22
1546148057.26
1546148057.29
1546148057.33
1546148057.36
1546148057.39
1546148057.43
1546148057.46
1546148057.49
1546148057.53
1546148057.56
1546148057.59
1546148057.62
1546148057.66
1546148057.69
1546148057.72
1546148057.76
1546148057.79
1546148057.83
1546148057.86
1546148057.89
1546148057.92
1546148057.96
1546148057.99
1546148058.03
1546148058.06
1546148058.09
1546148058.12
1546148058.16
1546148058.19
1546148058.22
1546148058.26
1546148058.29
1546148058.32
1546148058.36
1546148058.39
1546148058.42
1546148058.46
1546148058.49
1546148058.52
1546148058.56
1546148058.59
1546148058.62
1546148058.66
1546148058.69
1546148058.72
1546148058.76
1546148058.79
1546148058.82
1546148058.86
1546148058.89
1546148058.92
1546148058.96
1546148058.99
1546148059.02
1546148059.06
1546148059.09
1546148059.12
1546148059.16
1546148059.19
1546148059.22
1546148059.26
1546148059.29
1546148059.32
1546148059.36
1546148059.39
1546148059.42
1546148059.46
1546148059.49
1546148059.53
1546148059.56
1546148059.59
1546148059.62
1546148059.66
1546148059.69
1546148059.72
1546148059.76
1546148059.79
1546148059.82
1546148059.86
1546148059.89
1546148059.92
1546148059.96
1546148059.99
1546148060.02
1546148060.06
1546148060.09
1546148060.12
1546148060.16
1546148060.19
1546148060.22
1546148060.26
1546148060.29
1546148060.32
1546148060.36
1546148060.39
1546148060.42
1546148060.46
1546148060.49
1546148060.52
1546148060.56
1546148060.59
1546148060.62
1546148060.66
1546148060.69
1546148060.72
1546148060.76
1546148060.79
1546148060.82
1546148060.86
1546148060.89
1546148060.92
1546148060.96
1546148060.99
1546148061.02
1546148061.06
1546148061.09
1546148061.12
1546148061.16
1546148061.19
1546148061.22
1546148061.26
1546148061.29
1546148061.32
1546148061.36
1546148061.39
1546148061.42
1546148061.46
1546148061.49
1546148061.52
1546148061.56
1546148061.59
1546148061.62
1546148061.66
1546148061.69
1546148061.72
1546148061.76
1546148061.79
1546148061.82
1546148061.86
1546148061.89
1546148061.92
1546148061.96
1546148061.99
1546148062.03
1546148062.06
1546148062.09
1546148062.12
1546148062.16
1546148062.19
1546148062.22
1546148062.26
1546148062.29
1546148062.33
1546148062.36
1546148062.39
1546148062.42
1546148062.46
1546148062.49
1546148062.53
1546148062.56
1546148062.59
1546148062.62
1546148062.66
1546148062.69
1546148062.72
1546148062.76
1546148062.79
1546148062.83
1546148062.86
1546148062.89
1546148062.92
1546148062.96
1546148062.99
1546148063.03
1546148063.06
1546148063.09
1546148063.12
1546148063.16
1546148063.19
1546148063.22
1546148063.26
1546148063.29
1546148063.33
1546148063.36
1546148063.39
1546148063.42
1546148063.46
1546148063.49
1546148063.53
1546148063.56
1546148063.59
1546148063.62
1546148063.66
1546148063.69
1546148063.72
1546148063.76
1546148063.79
1546148063.83
1546148063.86
1546148063.89
1546148063.92
1546148063.96
1546148063.99
1546148064.03
1546148064.06
1546148064.09
1546148064.12
1546148064.16
1546148064.19
1546148064.22
1546148064.26
1546148064.29
1546148064.33
1546148064.36
1546148064.39
1546148064.42
1546148064.46
1546148064.49
1546148064.53
1546148064.56
1546148064.59
1546148064.63
1546148064.66
1546148064.69
1546148064.73
1546148064.76
1546148064.79
1546148064.83
1546148064.86
1546148064.89
1546148064.93
1546148064.96
1546148064.99
1546148065.03
1546148065.06
1546148065.09
1546148065.13
1546148065.16
1546148065.19
1546148065.23
1546148065.26
1546148065.29
1546148065.33
1546148065.36
1546148065.39
1546148065.43
1546148065.46
1546148065.49
1546148065.53
1546148065.56
1546148065.6
1546148065.63
1546148065.66
1546148065.69
1546148065.73
1546148065.76
1546148065.8
1546148065.83
1546148065.86
1546148065.89
1546148065.93
1546148065.96
1546148065.99
1546148066.03
1546148066.06
1546148066.1
1546148066.13
1546148066.16
1546148066.19
1546148066.23
1546148066.26
1546148066.3
1546148066.33
1546148066.36
1546148066.39
1546148066.43
1546148066.46
1546148066.5
1546148066.53
1546148066.56
1546148066.59
1546148066.62
1546148066.65
1546148066.69
1546148066.72
1546148066.75
1546148066.79
1546148066.82
1546148066.85
1546148066.89
1546148066.92
1546148066.95
1546148066.99
1546148067.02
1546148067.06
1546148067.09
1546148067.12
1546148067.15
1546148067.19
1546148067.22
1546148067.26
1546148067.29
1546148067.32
1546148067.36
1546148067.39
1546148067.42
1546148067.45
1546148067.49
1546148067.52
1546148067.55
1546148067.59
1546148067.62
1546148067.65
1546148067.69
1546148067.72
1546148067.76
1546148067.79
1546148067.82
1546148067.85
1546148067.89
1546148067.92
1546148067.95
1546148067.99
1546148068.02
1546148068.05
1546148068.09
1546148068.12
1546148068.15
1546148068.19
1546148068.22
1546148068.25
1546148068.29
1546148068.32
1546148068.35
1546148068.39
1546148068.42
1546148068.45
1546148068.49
1546148068.52
1546148068.55
1546148068.59
1546148068.62
1546148068.65
1546148068.69
1546148068.72
1546148068.75
1546148068.79
1546148068.82
1546148068.85
1546148068.89
1546148068.92
1546148068.95
1546148068.99
1546148069.02
1546148069.05
1546148069.09
1546148069.12
1546148069.15
1546148069.19
1546148069.22
1546148069.25
1546148069.29
1546148069.32
1546148069.35
1546148069.39
1546148069.42
1546148069.45
1546148069.49
1546148069.52
1546148069.55
1546148069.59
1546148069.62
1546148069.65
1546148069.69
1546148069.72
1546148069.75
1546148069.79
1546148069.82
1546148069.85
1546148069.89
1546148069.92
1546148069.95
1546148069.99
1546148070.02
1546148070.05
1546148070.09
1546148070.12
1546148070.15
1546148070.18
1546148070.22
1546148070.25
1546148070.28
1546148070.32
1546148070.35
1546148070.38
1546148070.42
1546148070.45
1546148070.48
1546148070.52
1546148070.55
1546148070.59
1546148070.62
1546148070.65
1546148070.68
1546148070.72
1546148070.75
1546148070.79
1546148070.82
1546148070.85
1546148070.89
1546148070.92
1546148070.95
1546148070.98
1546148071.02
1546148071.05
1546148071.09
1546148071.12
1546148071.15
1546148071.18
1546148071.22
1546148071.25
1546148071.28
1546148071.32
1546148071.35
1546148071.38
1546148071.42
1546148071.45
1546148071.48
1546148071.52
1546148071.55
1546148071.58
1546148071.62
1546148071.65
1546148071.69
1546148071.72
1546148071.75
1546148071.79
1546148071.82
1546148071.85
1546148071.88
1546148071.92
1546148071.95
1546148071.99
1546148072.02
1546148072.05
1546148072.08
1546148072.12
1546148072.15
1546148072.18
1546148072.22
1546148072.25
1546148072.28
1546148072.32
1546148072.35
1546148072.38
1546148072.42
1546148072.45
1546148072.48
1546148072.52
1546148072.55
1546148072.58
1546148072.62
1546148072.65
1546148072.68
1546148072.72
1546148072.75
1546148072.78
1546148072.82
1546148072.85
1546148072.88
1546148072.92
1546148072.95
1546148072.98
1546148073.02
1546148073.05
1546148073.08
1546148073.12
1546148073.15
1546148073.18
1546148073.22
1546148073.25
1546148073.28
1546148073.32
1546148073.35
1546148073.38
1546148073.41
1546148073.45
1546148073.48
1546148073.52
1546148073.55
1546148073.58
1546148073.62
1546148073.65
1546148073.68
1546148073.72
1546148073.75
1546148073.78
1546148073.82
1546148073.85
1546148073.88
1546148073.92
1546148073.95
1546148073.98
1546148074.02
1546148074.05
1546148074.08
1546148074.12
1546148074.15
1546148074.18
1546148074.22
1546148074.25
1546148074.28
1546148074.32
1546148074.35
1546148074.38
1546148074.42
1546148074.45
1546148074.48
1546148074.52
1546148074.55
1546148074.58
1546148074.62
1546148074.65
1546148074.68
1546148074.72
1546148074.75
1546148074.78
1546148074.82
1546148074.85
1546148074.88
1546148074.92
1546148074.95
1546148074.98
1546148075.02
1546148075.05
1546148075.08
1546148075.12
1546148075.15
1546148075.18
1546148075.22
1546148075.25
1546148075.28
1546148075.32
1546148075.35
1546148075.38
1546148075.41
1546148075.45
1546148075.48
1546148075.52
1546148075.55
1546148075.58
1546148075.62
1546148075.65
1546148075.68
1546148075.72
1546148075.75
1546148075.78
1546148075.82
1546148075.85
1546148075.88
1546148075.91
1546148075.95
1546148075.98
1546148076.01
1546148076.05
1546148076.08
1546148076.12
1546148076.15
1546148076.18
1546148076.21
1546148076.25
1546148076.28
1546148076.32
1546148076.35
1546148076.38
1546148076.41
1546148076.45
1546148076.48
1546148076.52
1546148076.55
1546148076.58
1546148076.62
1546148076.65
1546148076.68
1546148076.71
1546148076.75
1546148076.78
1546148076.82
1546148076.85
1546148076.88
1546148076.91
1546148076.95
1546148076.98
1546148077.01
1546148077.05
1546148077.08
1546148077.12
1546148077.15
1546148077.18
1546148077.21
1546148077.25
1546148077.28
1546148077.32
1546148077.35
1546148077.38
1546148077.41
1546148077.45
1546148077.48
1546148077.51
1546148077.55
1546148077.58
1546148077.61
1546148077.65
1546148077.68
1546148077.71
1546148077.75
1546148077.78
1546148077.81
1546148077.85
1546148077.88
1546148077.91
1546148077.95
1546148077.98
1546148078.01
1546148078.05
1546148078.08
1546148078.11
1546148078.15
1546148078.18
1546148078.21
1546148078.25
1546148078.28
1546148078.31
1546148078.35
1546148078.38
1546148078.41
1546148078.45
1546148078.48
1546148078.52
1546148078.55
1546148078.58
1546148078.62
1546148078.65
1546148078.68
1546148078.71
1546148078.75
1546148078.78
1546148078.81
1546148078.85
1546148078.88
1546148078.91
1546148078.95
1546148078.98
1546148079.01
1546148079.05
1546148079.08
1546148079.11
1546148079.15
1546148079.18
1546148079.21
1546148079.25
1546148079.28
1546148079.31
1546148079.35
1546148079.38
1546148079.41
1546148079.45
1546148079.48
1546148079.51
1546148079.55
1546148079.58
1546148079.62
1546148079.65
1546148079.68
1546148079.71
1546148079.75
1546148079.78
1546148079.82
1546148079.85
1546148079.88
1546148079.91
1546148079.95
1546148079.98
1546148080.02
1546148080.05
1546148080.08
1546148080.12
1546148080.15
1546148080.18
1546148080.21
1546148080.25
1546148080.28
1546148080.32
1546148080.35
1546148080.38
1546148080.41
1546148080.45
1546148080.48
1546148080.51
1546148080.55
1546148080.58
1546148080.61
1546148080.65
1546148080.68
1546148080.71
1546148080.75
1546148080.78
1546148080.81
1546148080.85
1546148080.88
1546148080.91
1546148080.95
1546148080.98
1546148081.02
1546148081.05
1546148081.08
1546148081.12
1546148081.15
1546148081.18
1546148081.21
1546148081.25
1546148081.28
1546148081.32
1546148081.35
1546148081.38
1546148081.41
1546148081.45
1546148081.48
1546148081.51
1546148081.55
1546148081.58
1546148081.61
1546148081.65
1546148081.68
1546148081.71
1546148081.75
1546148081.78
1546148081.81
1546148081.85
1546148081.88
1546148081.91
1546148081.95
1546148081.98
1546148082.01
1546148082.05
1546148082.08
1546148082.11
1546148082.15
1546148082.18
1546148082.21
1546148082.25
1546148082.28
1546148082.31
1546148082.35
1546148082.38
1546148082.41
1546148082.45
1546148082.48
1546148082.51
1546148082.55
1546148082.58
1546148082.61
1546148082.65
1546148082.68
1546148082.71
1546148082.74
1546148082.78
1546148082.81
1546148082.85
1546148082.88
1546148082.91
1546148082.95
1546148082.98
1546148083.01
1546148083.05
1546148083.08
1546148083.11
1546148083.15
1546148083.18
1546148083.21
1546148083.25
1546148083.28
1546148083.31
1546148083.35
1546148083.38
1546148083.41
1546148083.44
1546148083.48
1546148083.51
1546148083.55
1546148083.58
1546148083.61
1546148083.64
1546148083.68
1546148083.71
1546148083.75
1546148083.78
1546148083.81
1546148083.85
1546148083.88
1546148083.91
1546148083.95
1546148083.98
1546148084.01
1546148084.05
1546148084.08
1546148084.11
1546148084.15
1546148084.18
1546148084.21
1546148084.24
1546148084.28
1546148084.31
1546148084.35
1546148084.38
1546148084.41
1546148084.44
1546148084.48
1546148084.51
1546148084.55
1546148084.58
1546148084.61
1546148084.64
1546148084.68
1546148084.71
1546148084.74
1546148084.78
1546148084.81
1546148084.85
1546148084.88
1546148084.91
1546148084.94
1546148084.98
1546148085.01
1546148085.04
1546148085.08
1546148085.11
1546148085.14
1546148085.18
1546148085.21
1546148085.24
1546148085.28
1546148085.31
1546148085.34
1546148085.38
1546148085.41
1546148085.44
1546148085.48
1546148085.51
1546148085.54
1546148085.58
1546148085.61
1546148085.64
1546148085.68
1546148085.71
1546148085.74
1546148085.78
1546148085.81
1546148085.85
1546148085.88
1546148085.91
1546148085.94
1546148085.98
1546148086.01
1546148086.05
1546148086.08
1546148086.11
1546148086.14
1546148086.18
1546148086.21
1546148086.24
1546148086.28
1546148086.31
1546148086.35
1546148086.38
1546148086.41
1546148086.45
1546148086.48
1546148086.51
1546148086.55
1546148086.58
1546148086.61
1546148086.64
1546148086.68
1546148086.71
1546148086.74
1546148086.78
1546148086.81
1546148086.85
1546148086.88
1546148086.91
1546148086.95
1546148086.98
1546148087.01
1546148087.05
1546148087.08
1546148087.11
1546148087.15
1546148087.18
1546148087.21
1546148087.25
1546148087.28
1546148087.31
1546148087.35
1546148087.38
1546148087.41
1546148087.45
1546148087.48
1546148087.51
1546148087.55
1546148087.58
1546148087.61
1546148087.65
1546148087.68
1546148087.71
1546148087.75
1546148087.78
1546148087.81
1546148087.85
1546148087.88
1546148087.91
1546148087.95
1546148087.98
1546148088.02
1546148088.05
1546148088.08
1546148088.12
1546148088.15
1546148088.18
1546148088.21
1546148088.25
1546148088.28
1546148088.31
1546148088.35
1546148088.38
1546148088.41
1546148088.45
1546148088.48
1546148088.52
1546148088.55
1546148088.58
1546148088.62
1546148088.65
1546148088.68
1546148088.71
1546148088.75
1546148088.78
1546148088.82
1546148088.85
1546148088.88
1546148088.91
1546148088.95
1546148088.98
1546148089.02
1546148089.05
1546148089.08
1546148089.12
1546148089.15
1546148089.18
1546148089.22
1546148089.25
1546148089.28
1546148089.32
1546148089.35
1546148089.38
1546148089.42
1546148089.45
1546148089.48
1546148089.52
1546148089.55
1546148089.58
1546148089.62
1546148089.65
1546148089.68
1546148089.72
1546148089.75
1546148089.78
1546148089.82
1546148089.85
1546148089.88
1546148089.92
1546148089.95
1546148089.98
1546148090.02
1546148090.05
1546148090.08
1546148090.12
1546148090.15
1546148090.18
1546148090.21
1546148090.24
1546148090.28
1546148090.31
1546148090.34
1546148090.38
1546148090.41
1546148090.44
1546148090.48
1546148090.51
1546148090.54
1546148090.58
1546148090.61
1546148090.64
1546148090.68
1546148090.71
1546148090.74
1546148090.78
1546148090.81
1546148090.84
1546148090.88
1546148090.91
1546148090.94
1546148090.98
1546148091.01
1546148091.04
1546148091.08
1546148091.11
1546148091.14
1546148091.18
1546148091.21
1546148091.24
1546148091.28
1546148091.31
1546148091.34
1546148091.38
1546148091.41
1546148091.44
1546148091.48
1546148091.51
1546148091.54
1546148091.58
1546148091.61
1546148091.64
1546148091.67
1546148091.71
1546148091.74
1546148091.78
1546148091.81
1546148091.84
1546148091.88
1546148091.91
1546148091.94
1546148091.97
1546148092.01
1546148092.04
1546148092.08
1546148092.11
1546148092.14
1546148092.17
1546148092.21
1546148092.24
1546148092.28
1546148092.31
1546148092.34
1546148092.37
1546148092.41
1546148092.44
1546148092.47
1546148092.51
1546148092.54
1546148092.57
1546148092.61
1546148092.64
1546148092.67
1546148092.71
1546148092.74
1546148092.78
1546148092.81
1546148092.84
1546148092.88
1546148092.91
1546148092.94
1546148092.97
1546148093.01
1546148093.04
1546148093.08
1546148093.11
1546148093.14
1546148093.17
1546148093.21
1546148093.24
1546148093.27
1546148093.31
1546148093.34
1546148093.37
1546148093.41
1546148093.44
1546148093.47
1546148093.51
1546148093.54
1546148093.57
1546148093.61
1546148093.64
1546148093.67
1546148093.71
1546148093.74
1546148093.77
1546148093.81
1546148093.84
1546148093.87
1546148093.91
1546148093.94
1546148093.97
1546148094.01
1546148094.04
1546148094.07
1546148094.11
1546148094.14
1546148094.17
1546148094.21
1546148094.24
1546148094.27
1546148094.31
1546148094.34
1546148094.37
1546148094.41
1546148094.44
1546148094.47
1546148094.51
1546148094.54
1546148094.57
1546148094.61
1546148094.64
1546148094.67
1546148094.71
1546148094.74
1546148094.77
1546148094.81
1546148094.84
1546148094.87
1546148094.91
1546148094.94
1546148094.97
1546148095.01
1546148095.04
1546148095.07
1546148095.11
1546148095.14
1546148095.17
1546148095.21
1546148095.24
1546148095.27
1546148095.31
1546148095.34
1546148095.37
1546148095.41
1546148095.44
1546148095.47
1546148095.51
1546148095.54
1546148095.57
1546148095.61
1546148095.64
1546148095.67
1546148095.71
1546148095.74
1546148095.77
1546148095.81
1546148095.84
1546148095.87
1546148095.91
1546148095.94
1546148095.97
1546148096.01
1546148096.04
1546148096.07
1546148096.11
1546148096.14
1546148096.17
1546148096.21
1546148096.24
1546148096.27
1546148096.31
1546148096.34
1546148096.37
1546148096.41
1546148096.44
1546148096.47
1546148096.51
1546148096.54
1546148096.57
1546148096.61
1546148096.64
1546148096.67
1546148096.71
1546148096.74
1546148096.77
1546148096.81
1546148096.84
1546148096.87
1546148096.91
1546148096.94
1546148096.97
1546148097.01
1546148097.04
1546148097.07
1546148097.11
1546148097.14
1546148097.17
1546148097.2
1546148097.24
1546148097.27
1546148097.31
1546148097.34
1546148097.37
1546148097.4
1546148097.44
1546148097.47
1546148097.51
1546148097.54
1546148097.57
1546148097.61
1546148097.64
1546148097.67
1546148097.7
1546148097.74
1546148097.77
1546148097.81
1546148097.84
1546148097.87
1546148097.91
1546148097.94
1546148097.97
1546148098.01
1546148098.04
1546148098.07
1546148098.11
1546148098.14
1546148098.17
1546148098.2
1546148098.24
1546148098.27
1546148098.31
1546148098.34
1546148098.37
1546148098.4
1546148098.44
1546148098.47
1546148098.51
1546148098.54
1546148098.57
1546148098.61
1546148098.64
1546148098.67
1546148098.71
1546148098.74
1546148098.77
1546148098.81
1546148098.84
1546148098.87
1546148098.91
1546148098.94
1546148098.97
1546148099.01
1546148099.04
1546148099.07
1546148099.11
1546148099.14
1546148099.17
1546148099.2
1546148099.24
1546148099.27
1546148099.31
1546148099.34
1546148099.37
1546148099.4
1546148099.44
1546148099.47
1546148099.5
1546148099.54
1546148099.57
1546148099.6
1546148099.64
1546148099.67
1546148099.7
1546148099.74
1546148099.77
1546148099.8
1546148099.84
1546148099.87
1546148099.9
1546148099.94
1546148099.97
1546148100.0
1546148100.04
1546148100.07
1546148100.1
1546148100.14
1546148100.17
1546148100.2
1546148100.24
1546148100.27
1546148100.31
1546148100.34
1546148100.37
1546148100.4
1546148100.44
1546148100.47
1546148100.5
1546148100.54
1546148100.57
1546148100.6
1546148100.64
1546148100.67
1546148100.7
1546148100.74
1546148100.77
1546148100.8
1546148100.84
1546148100.87
1546148100.9
1546148100.94
1546148100.97
1546148101.0
1546148101.04
1546148101.07
1546148101.1
1546148101.14
1546148101.17
1546148101.2
1546148101.23
1546148101.27
1546148101.3
1546148101.34
1546148101.37
1546148101.4
1546148101.44
1546148101.47
1546148101.5
1546148101.54
1546148101.57
1546148101.6
1546148101.64
1546148101.67
1546148101.7
1546148101.73
1546148101.77
1546148101.8
1546148101.84
1546148101.87
1546148101.9
1546148101.93
1546148101.97
1546148102.0
1546148102.04
1546148102.07
1546148102.1
1546148102.14
1546148102.17
1546148102.2
1546148102.23
1546148102.27
1546148102.3
1546148102.34
1546148102.37
1546148102.4
1546148102.43
1546148102.47
1546148102.5
1546148102.54
1546148102.57
1546148102.6
1546148102.64
1546148102.67
1546148102.7
1546148102.73
1546148102.77
1546148102.8
1546148102.83
1546148102.87
1546148102.9
1546148102.93
1546148102.97
1546148103.0
1546148103.04
1546148103.07
1546148103.1
1546148103.13
1546148103.17
1546148103.2
1546148103.23
1546148103.27
1546148103.3
1546148103.33
1546148103.37
1546148103.4
1546148103.43
1546148103.47
1546148103.5
1546148103.53
1546148103.57
1546148103.6
1546148103.63
1546148103.67
1546148103.7
1546148103.73
1546148103.77
1546148103.8
1546148103.83
1546148103.87
1546148103.9
1546148103.93
1546148103.97
1546148104.0
1546148104.03
1546148104.07
1546148104.1
1546148104.13
1546148104.17
1546148104.2
1546148104.23
1546148104.27
1546148104.3
1546148104.34
1546148104.37
1546148104.4
1546148104.43
1546148104.47
1546148104.5
1546148104.53
1546148104.57
1546148104.6
1546148104.63
1546148104.67
1546148104.7
1546148104.73
1546148104.77
1546148104.8
1546148104.84
1546148104.87
1546148104.9
1546148104.93
1546148104.97
1546148105.0
1546148105.04
1546148105.07
1546148105.1
1546148105.13
1546148105.17
1546148105.2
1546148105.23
1546148105.27
1546148105.3
1546148105.34
1546148105.37
1546148105.4
1546148105.44
1546148105.47
1546148105.5
1546148105.54
1546148105.57
1546148105.6
1546148105.64
1546148105.67
1546148105.7
1546148105.73
1546148105.77
1546148105.8
1546148105.84
1546148105.87
1546148105.9
1546148105.93
1546148105.97
1546148106.0
1546148106.03
1546148106.07
1546148106.1
1546148106.13
1546148106.17
1546148106.2
1546148106.23
1546148106.27
1546148106.3
1546148106.33
1546148106.37
1546148106.4
1546148106.43
1546148106.47
1546148106.5
1546148106.53
1546148106.57
1546148106.6
1546148106.64
1546148106.67
1546148106.7
1546148106.73
1546148106.77
1546148106.8
1546148106.83
1546148106.87
1546148106.9
1546148106.93
1546148106.97
1546148107.0
1546148107.03
1546148107.07
1546148107.1
1546148107.13
1546148107.17
1546148107.2
1546148107.23
1546148107.27
1546148107.3
1546148107.33
1546148107.37
1546148107.4
1546148107.43
1546148107.47
1546148107.5
1546148107.53
1546148107.57
1546148107.6
1546148107.63
1546148107.67
1546148107.7
1546148107.73
1546148107.77
1546148107.8
1546148107.83
1546148107.87
1546148107.9
1546148107.93
1546148107.97
1546148108.0
1546148108.03
1546148108.07
1546148108.1
1546148108.13
1546148108.16
1546148108.2
1546148108.23
1546148108.27
1546148108.3
1546148108.33
1546148108.37
1546148108.4
1546148108.43
1546148108.46
1546148108.5
1546148108.53
1546148108.57
1546148108.6
1546148108.63
1546148108.66
1546148108.7
1546148108.73
1546148108.77
1546148108.8
1546148108.83
1546148108.87
1546148108.9
1546148108.93
1546148108.97
1546148109.0
1546148109.03
1546148109.07
1546148109.1
1546148109.13
1546148109.16
1546148109.2
1546148109.23
1546148109.27
1546148109.3
1546148109.33
1546148109.37
1546148109.4
1546148109.43
1546148109.47
1546148109.5
1546148109.53
1546148109.57
1546148109.6
1546148109.63
1546148109.67
1546148109.7
1546148109.73
1546148109.77
1546148109.8
1546148109.83
1546148109.87
1546148109.9
1546148109.93
1546148109.97
1546148110.0
1546148110.03
1546148110.07
1546148110.1
1546148110.13
1546148110.17
1546148110.2
1546148110.23
1546148110.27
1546148110.3
1546148110.33
1546148110.37
1546148110.4
1546148110.43
1546148110.47
1546148110.5
1546148110.53
1546148110.57
1546148110.6
1546148110.63
1546148110.67
1546148110.7
1546148110.73
1546148110.77
1546148110.8
1546148110.83
1546148110.87
1546148110.9
1546148110.93
1546148110.97
1546148111.0
1546148111.03
1546148111.07
1546148111.1
1546148111.13
1546148111.17
1546148111.2
1546148111.23
1546148111.27
1546148111.3
1546148111.33
1546148111.37
1546148111.4
1546148111.43
1546148111.47
1546148111.5
1546148111.54
1546148111.57
1546148111.6
1546148111.63
1546148111.67
1546148111.7
1546148111.73
1546148111.77
1546148111.8
1546148111.83
1546148111.87
1546148111.9
1546148111.93
1546148111.97
1546148112.0
1546148112.03
1546148112.07
1546148112.1
1546148112.14
1546148112.17
1546148112.2
1546148112.23
1546148112.27
1546148112.3
1546148112.33
1546148112.37
1546148112.4
1546148112.43
1546148112.47
1546148112.5
1546148112.54
1546148112.57
1546148112.6
1546148112.63
1546148112.67
1546148112.7
1546148112.74
1546148112.77
1546148112.8
1546148112.84
1546148112.87
1546148112.9
1546148112.94
1546148112.97
1546148113.0
1546148113.04
1546148113.07
1546148113.1
1546148113.14
1546148113.17
1546148113.2
1546148113.24
1546148113.27
1546148113.3
1546148113.34
1546148113.37
1546148113.4
1546148113.44
1546148113.47
1546148113.5
1546148113.54
1546148113.57
1546148113.61
1546148113.64
1546148113.67
1546148113.69
1546148113.73
1546148113.76
1546148113.8
1546148113.83
1546148113.86
1546148113.9
1546148113.93
1546148113.96
1546148114.0
1546148114.03
1546148114.06
1546148114.1
1546148114.13
1546148114.16
1546148114.19
1546148114.23
1546148114.26
1546148114.3
1546148114.33
1546148114.36
1546148114.39
1546148114.43
1546148114.46
1546148114.49
1546148114.53
1546148114.56
1546148114.59
1546148114.63
1546148114.66
1546148114.69
1546148114.73
1546148114.76
1546148114.8
1546148114.83
1546148114.86
1546148114.89
1546148114.93
1546148114.96
1546148114.99
1546148115.03
1546148115.06
1546148115.1
1546148115.13
1546148115.16
1546148115.19
1546148115.23
1546148115.26
1546148115.3
1546148115.33
1546148115.36
1546148115.4
1546148115.43
1546148115.46
1546148115.49
1546148115.53
1546148115.56
1546148115.59
1546148115.63
1546148115.66
1546148115.69
1546148115.73
1546148115.76
1546148115.8
1546148115.83
1546148115.86
1546148115.89
1546148115.93
1546148115.96
1546148115.99
1546148116.03
1546148116.06
1546148116.09
1546148116.13
1546148116.16
1546148116.19
1546148116.23
1546148116.26
1546148116.29
1546148116.33
1546148116.36
1546148116.39
1546148116.43
1546148116.46
1546148116.49
1546148116.53
1546148116.56
1546148116.59
1546148116.63
1546148116.66
1546148116.69
1546148116.73
1546148116.76
1546148116.79
1546148116.83
1546148116.86
1546148116.89
1546148116.93
1546148116.96
1546148116.99
1546148117.03
1546148117.06
1546148117.09
1546148117.13
1546148117.16
1546148117.19
1546148117.22
1546148117.26
1546148117.29
1546148117.33
1546148117.36
1546148117.39
1546148117.43
1546148117.46
1546148117.49
1546148117.53
1546148117.56
1546148117.59
1546148117.63
1546148117.66
1546148117.69
1546148117.72
1546148117.76
1546148117.79
1546148117.83
1546148117.86
1546148117.89
1546148117.92
1546148117.96
1546148117.99
1546148118.03
1546148118.06
1546148118.09
1546148118.12
1546148118.16
1546148118.19
1546148118.23
1546148118.26
1546148118.29
1546148118.32
1546148118.36
1546148118.39
1546148118.42
1546148118.46
1546148118.49
1546148118.52
1546148118.56
1546148118.59
1546148118.62
1546148118.66
1546148118.69
1546148118.72
1546148118.76
1546148118.79
1546148118.83
1546148118.86
1546148118.89
1546148118.92
1546148118.96
1546148118.99
1546148119.03
1546148119.06
1546148119.09
1546148119.12
1546148119.16
1546148119.19
1546148119.22
1546148119.26
1546148119.29
1546148119.33
1546148119.36
1546148119.39
1546148119.43
1546148119.46
1546148119.49
1546148119.52
1546148119.56
1546148119.59
1546148119.62
1546148119.66
1546148119.69
1546148119.72
1546148119.76
1546148119.79
1546148119.83
1546148119.86
1546148119.89
1546148119.92
1546148119.96
1546148119.99
1546148120.02
1546148120.06
1546148120.09
1546148120.12
1546148120.16
1546148120.19
1546148120.22
1546148120.26
1546148120.29
1546148120.32
1546148120.36
1546148120.39
1546148120.42
1546148120.46
1546148120.49
1546148120.52
1546148120.56
1546148120.59
1546148120.62
1546148120.66
1546148120.69
1546148120.72
1546148120.76
1546148120.79
1546148120.82
1546148120.86
1546148120.89
1546148120.92
1546148120.96
1546148120.99
1546148121.03
1546148121.06
1546148121.09
1546148121.12
1546148121.16
1546148121.19
1546148121.22
1546148121.26
1546148121.29
1546148121.32
1546148121.36
1546148121.39
1546148121.42
1546148121.46
1546148121.49
1546148121.52
1546148121.56
1546148121.59
1546148121.62
1546148121.66
1546148121.69
1546148121.72
1546148121.76
1546148121.79
1546148121.82
1546148121.86
1546148121.89
1546148121.92
1546148121.96
1546148121.99
1546148122.02
1546148122.06
1546148122.09
1546148122.12
1546148122.16
1546148122.19
1546148122.22
1546148122.26
1546148122.29
1546148122.32
1546148122.36
1546148122.39
1546148122.42
1546148122.46
1546148122.49
1546148122.52
1546148122.56
1546148122.59
1546148122.62
1546148122.66
1546148122.69
1546148122.72
1546148122.76
1546148122.79
1546148122.82
1546148122.86
1546148122.89
1546148122.92
1546148122.96
1546148122.99
1546148123.02
1546148123.06
1546148123.09
1546148123.12
1546148123.16
1546148123.19
1546148123.22
1546148123.26
1546148123.29
1546148123.32
1546148123.36
1546148123.39
1546148123.42
1546148123.46
1546148123.49
1546148123.52
1546148123.56
1546148123.59
1546148123.62
1546148123.66
1546148123.69
1546148123.72
1546148123.76
1546148123.79
1546148123.82
1546148123.86
1546148123.89
1546148123.92
1546148123.96
1546148123.99
1546148124.02
1546148124.06
1546148124.09
1546148124.12
1546148124.15
1546148124.19
1546148124.22
1546148124.26
1546148124.29
1546148124.32
1546148124.36
1546148124.39
1546148124.42
1546148124.46
1546148124.49
1546148124.52
1546148124.56
1546148124.59
1546148124.62
1546148124.65
1546148124.69
1546148124.72
1546148124.76
1546148124.79
1546148124.82
1546148124.86
1546148124.89
1546148124.92
1546148124.95
1546148124.99
1546148125.02
1546148125.06
1546148125.09
1546148125.12
1546148125.15
1546148125.19
1546148125.22
1546148125.26
1546148125.29
1546148125.32
1546148125.36
1546148125.39
1546148125.42
1546148125.45
1546148125.49
1546148125.52
1546148125.55
1546148125.59
1546148125.62
1546148125.65
1546148125.69
1546148125.72
1546148125.75
1546148125.79
1546148125.82
1546148125.86
1546148125.89
1546148125.92
1546148125.95
1546148125.99
1546148126.02
1546148126.06
1546148126.09
1546148126.12
1546148126.15
1546148126.19
1546148126.22
1546148126.25
1546148126.29
1546148126.32
1546148126.35
1546148126.39
1546148126.42
1546148126.45
1546148126.49
1546148126.52
1546148126.55
1546148126.59
1546148126.62
1546148126.65
1546148126.69
1546148126.72
1546148126.75
1546148126.79
1546148126.82
1546148126.85
1546148126.89
1546148126.92
1546148126.95
1546148126.99
1546148127.02
1546148127.05
1546148127.09
1546148127.12
1546148127.15
1546148127.19
1546148127.22
1546148127.25
1546148127.29
1546148127.32
1546148127.35
1546148127.39
1546148127.42
1546148127.45
1546148127.49
1546148127.52
1546148127.55
1546148127.59
1546148127.62
1546148127.65
1546148127.69
1546148127.72
1546148127.75
1546148127.79
1546148127.82
1546148127.85
1546148127.89
1546148127.92
1546148127.95
1546148127.99
1546148128.02
1546148128.05
1546148128.09
1546148128.12
1546148128.15
1546148128.19
1546148128.22
1546148128.25
1546148128.29
1546148128.32
1546148128.35
1546148128.39
1546148128.42
1546148128.45
1546148128.49
1546148128.52
1546148128.55
1546148128.59
1546148128.62
1546148128.65
1546148128.69
1546148128.72
1546148128.75
1546148128.79
1546148128.82
1546148128.85
1546148128.88
1546148128.92
1546148128.95
1546148128.98
1546148129.02
1546148129.05
1546148129.09
1546148129.12
1546148129.15
1546148129.19
1546148129.22
1546148129.25
1546148129.28
1546148129.32
1546148129.35
1546148129.38
1546148129.42
1546148129.45
1546148129.48
1546148129.52
1546148129.55
1546148129.58
1546148129.62
1546148129.65
1546148129.68
1546148129.72
1546148129.75
1546148129.79
1546148129.82
1546148129.85
1546148129.88
1546148129.92
1546148129.95
1546148129.98
1546148130.02
1546148130.05
1546148130.08
1546148130.12
1546148130.15
1546148130.18
1546148130.22
1546148130.25
1546148130.28
1546148130.32
1546148130.35
1546148130.38
1546148130.42
1546148130.45
1546148130.48
1546148130.52
1546148130.55
1546148130.59
1546148130.62
1546148130.65
1546148130.68
1546148130.72
1546148130.75
1546148130.79
1546148130.82
1546148130.85
1546148130.88
1546148130.92
1546148130.95
1546148130.99
1546148131.02
1546148131.05
1546148131.09
1546148131.12
1546148131.15
1546148131.18
1546148131.22
1546148131.25
1546148131.29
1546148131.32
1546148131.35
1546148131.38
1546148131.42
1546148131.45
1546148131.48
1546148131.52
1546148131.55
1546148131.58
1546148131.62
1546148131.65
1546148131.68
1546148131.72
1546148131.75
1546148131.78
1546148131.82
1546148131.85
1546148131.88
1546148131.92
1546148131.95
1546148131.98
1546148132.02
1546148132.05
1546148132.08
1546148132.12
1546148132.15
1546148132.18
1546148132.22
1546148132.25
1546148132.28
1546148132.32
1546148132.35
1546148132.38
1546148132.42
1546148132.45
1546148132.48
1546148132.52
1546148132.55
1546148132.59
1546148132.62
1546148132.65
1546148132.68
1546148132.72
1546148132.75
1546148132.79
1546148132.82
1546148132.85
1546148132.88
1546148132.92
1546148132.95
1546148132.98
1546148133.02
1546148133.05
1546148133.09
1546148133.12
1546148133.15
1546148133.18
1546148133.22
1546148133.25
1546148133.29
1546148133.32
1546148133.35
1546148133.39
1546148133.42
1546148133.45
1546148133.49
1546148133.52
1546148133.55
1546148133.59
1546148133.62
1546148133.65
1546148133.69
1546148133.72
1546148133.75
1546148133.79
1546148133.82
1546148133.85
1546148133.89
1546148133.92
1546148133.95
1546148133.99
1546148134.02
1546148134.05
1546148134.09
1546148134.12
1546148134.15
1546148134.19
1546148134.22
1546148134.26
1546148134.29
1546148134.32
1546148134.35
1546148134.39
1546148134.42
1546148134.45
1546148134.49
1546148134.52
1546148134.55
1546148134.59
1546148134.62
1546148134.65
1546148134.69
1546148134.72
1546148134.75
1546148134.79
1546148134.82
1546148134.85
1546148134.89
1546148134.92
1546148134.95
1546148134.99
1546148135.02
1546148135.05
1546148135.09
1546148135.12
1546148135.15
1546148135.19
1546148135.22
1546148135.25
1546148135.29
1546148135.32
1546148135.35
1546148135.39
1546148135.42
1546148135.45
1546148135.49
1546148135.52
1546148135.56
1546148135.59
1546148135.62
1546148135.65
1546148135.69
1546148135.72
1546148135.76
1546148135.79
1546148135.82
1546148135.86
1546148135.89
1546148135.92
1546148135.96
1546148135.99
1546148136.02
1546148136.06
1546148136.09
1546148136.12
1546148136.16
1546148136.19
1546148136.22
1546148136.26
1546148136.29
1546148136.32
1546148136.36
1546148136.39
1546148136.42
1546148136.46
1546148136.49
1546148136.52
1546148136.56
1546148136.59
1546148136.62
1546148136.66
1546148136.69
1546148136.72
1546148136.76
1546148136.79
1546148136.82
1546148136.86
1546148136.89
1546148136.92
1546148136.96
1546148136.99
1546148137.02
1546148137.05
1546148137.08
1546148137.12
1546148137.15
1546148137.18
1546148137.21
1546148137.25
1546148137.28
1546148137.32
1546148137.35
1546148137.38
1546148137.42
1546148137.45
1546148137.48
1546148137.52
1546148137.55
1546148137.58
1546148137.62
1546148137.65
1546148137.68
1546148137.72
1546148137.75
1546148137.78
1546148137.82
1546148137.85
1546148137.88
1546148137.92
1546148137.95
1546148137.98
1546148138.02
1546148138.05
1546148138.08
1546148138.12
1546148138.15
1546148138.18
1546148138.22
1546148138.25
1546148138.28
1546148138.32
1546148138.35
1546148138.38
1546148138.42
1546148138.45
1546148138.48
1546148138.52
1546148138.55
1546148138.58
1546148138.62
1546148138.65
1546148138.68
1546148138.72
1546148138.75
1546148138.78
1546148138.82
1546148138.85
1546148138.88
1546148138.92
1546148138.95
1546148138.98
1546148139.02
1546148139.05
1546148139.08
1546148139.12
1546148139.15
1546148139.18
1546148139.22
1546148139.25
1546148139.28
1546148139.32
1546148139.35
1546148139.38
1546148139.42
1546148139.45
1546148139.48
1546148139.52
1546148139.55
1546148139.58
1546148139.62
1546148139.65
1546148139.68
1546148139.72
1546148139.75
1546148139.78
1546148139.82
1546148139.85
1546148139.88
1546148139.92
1546148139.95
1546148139.98
1546148140.02
1546148140.05
1546148140.08
1546148140.12
1546148140.15
1546148140.18
1546148140.22
1546148140.25
1546148140.28
1546148140.32
1546148140.35
1546148140.38
1546148140.42
1546148140.45
1546148140.48
1546148140.52
1546148140.55
1546148140.58
1546148140.62
1546148140.65
1546148140.68
1546148140.72
1546148140.75
1546148140.78
1546148140.82
1546148140.85
1546148140.88
1546148140.92
1546148140.95
1546148140.98
1546148141.02
1546148141.05
1546148141.08
1546148141.12
1546148141.15
1546148141.18
1546148141.22
1546148141.25
1546148141.28
1546148141.32
1546148141.35
1546148141.38
1546148141.42
1546148141.45
1546148141.48
1546148141.52
1546148141.55
1546148141.58
1546148141.62
1546148141.65
1546148141.68
1546148141.71
1546148141.75
1546148141.78
1546148141.82
1546148141.85
1546148141.88
1546148141.91
1546148141.95
1546148141.98
1546148142.01
1546148142.05
1546148142.08
1546148142.12
1546148142.15
1546148142.18
1546148142.21
1546148142.25
1546148142.28
1546148142.32
1546148142.35
1546148142.38
1546148142.41
1546148142.45
1546148142.48
1546148142.52
1546148142.55
1546148142.58
1546148142.61
1546148142.65
1546148142.68
1546148142.71
1546148142.75
1546148142.78
1546148142.81
1546148142.85
1546148142.88
1546148142.91
1546148142.95
1546148142.98
1546148143.01
1546148143.05
1546148143.08
1546148143.11
1546148143.15
1546148143.18
1546148143.21
1546148143.25
1546148143.28
1546148143.31
1546148143.35
1546148143.38
1546148143.41
1546148143.45
1546148143.48
1546148143.51
1546148143.55
1546148143.58
1546148143.62
1546148143.65
