1546228709.52
1546228709.67
1546228709.71
1546228709.74
1546228709.77
1546228709.8
1546228709.83
1546228709.86
1546228709.89
1546228709.92
1546228709.95
1546228709.98
1546228710.01
1546228710.05
1546228710.08
1546228710.11
1546228710.15
1546228710.18
1546228710.21
1546228710.24
1546228710.28
1546228710.31
1546228710.35
1546228710.38
1546228710.41
1546228710.45
1546228710.48
1546228710.51
1546228710.55
1546228710.58
1546228710.61
1546228710.65
1546228710.68
1546228710.71
1546228710.75
1546228710.78
1546228710.81
1546228710.85
1546228710.88
1546228710.91
1546228710.94
1546228710.98
1546228711.01
1546228711.05
1546228711.08
1546228711.11
1546228711.14
1546228711.18
1546228711.21
1546228711.24
1546228711.28
1546228711.31
1546228711.34
1546228711.38
1546228711.41
1546228711.44
1546228711.48
1546228711.51
1546228711.55
1546228711.58
1546228711.61
1546228711.64
1546228711.68
1546228711.71
1546228711.74
1546228711.78
1546228711.81
1546228711.84
1546228711.88
1546228711.91
1546228711.94
1546228711.98
1546228712.01
1546228712.04
1546228712.08
1546228712.11
1546228712.14
1546228712.18
1546228712.21
1546228712.24
1546228712.28
1546228712.31
1546228712.34
1546228712.38
1546228712.41
1546228712.44
1546228712.48
1546228712.51
1546228712.54
1546228712.58
1546228712.61
1546228712.64
1546228712.68
1546228712.71
1546228712.74
1546228712.78
1546228712.81
1546228712.84
1546228712.88
1546228712.91
1546228712.94
1546228712.98
1546228713.01
1546228713.04
1546228713.08
1546228713.11
1546228713.14
1546228713.17
1546228713.21
1546228713.24
1546228713.28
1546228713.31
1546228713.34
1546228713.38
1546228713.41
1546228713.44
1546228713.48
1546228713.51
1546228713.54
1546228713.58
1546228713.61
1546228713.64
1546228713.67
1546228713.71
1546228713.74
1546228713.78
1546228713.81
1546228713.84
1546228713.88
1546228713.91
1546228713.94
1546228713.97
1546228714.01
1546228714.04
1546228714.08
1546228714.11
1546228714.14
1546228714.18
1546228714.21
1546228714.24
1546228714.28
1546228714.31
1546228714.34
1546228714.38
1546228714.41
1546228714.44
1546228714.47
1546228714.51
1546228714.54
1546228714.58
1546228714.61
1546228714.64
1546228714.68
1546228714.71
1546228714.74
1546228714.78
1546228714.81
1546228714.84
1546228714.88
1546228714.91
1546228714.94
1546228714.98
1546228715.01
1546228715.04
1546228715.08
1546228715.11
1546228715.14
1546228715.18
1546228715.21
1546228715.24
1546228715.28
1546228715.31
1546228715.34
1546228715.38
1546228715.41
1546228715.44
1546228715.48
1546228715.51
1546228715.54
1546228715.58
1546228715.61
1546228715.64
1546228715.68
1546228715.71
1546228715.74
1546228715.78
1546228715.81
1546228715.84
1546228715.88
1546228715.91
1546228715.94
1546228715.98
1546228716.01
1546228716.04
1546228716.08
1546228716.11
1546228716.14
1546228716.18
1546228716.21
1546228716.24
1546228716.28
1546228716.31
1546228716.34
1546228716.38
1546228716.41
1546228716.44
1546228716.48
1546228716.51
1546228716.54
1546228716.58
1546228716.61
1546228716.64
1546228716.68
1546228716.71
1546228716.74
1546228716.78
1546228716.81
1546228716.84
1546228716.88
1546228716.91
1546228716.94
1546228716.98
1546228717.01
1546228717.04
1546228717.08
1546228717.11
1546228717.14
1546228717.18
1546228717.21
1546228717.24
1546228717.28
1546228717.31
1546228717.34
1546228717.38
1546228717.41
1546228717.44
1546228717.48
1546228717.51
1546228717.54
1546228717.58
1546228717.61
1546228717.64
1546228717.68
1546228717.71
1546228717.74
1546228717.78
1546228717.81
1546228717.84
1546228717.88
1546228717.91
1546228717.94
1546228717.98
1546228718.01
1546228718.04
1546228718.08
1546228718.11
1546228718.14
1546228718.18
1546228718.21
1546228718.24
1546228718.28
1546228718.31
1546228718.34
1546228718.38
1546228718.41
1546228718.44
1546228718.48
1546228718.51
1546228718.54
1546228718.58
1546228718.61
1546228718.64
1546228718.68
1546228718.71
1546228718.74
1546228718.78
1546228718.81
1546228718.84
1546228718.88
1546228718.91
1546228718.95
1546228718.98
1546228719.01
1546228719.05
1546228719.08
1546228719.11
1546228719.15
1546228719.18
1546228719.21
1546228719.24
1546228719.28
1546228719.31
1546228719.35
1546228719.38
1546228719.41
1546228719.44
1546228719.48
1546228719.51
1546228719.55
1546228719.58
1546228719.61
1546228719.64
1546228719.68
1546228719.71
1546228719.74
1546228719.78
1546228719.81
1546228719.85
1546228719.88
1546228719.91
1546228719.94
1546228719.98
1546228720.01
1546228720.04
1546228720.08
1546228720.11
1546228720.14
1546228720.18
1546228720.21
1546228720.24
1546228720.28
1546228720.31
1546228720.35
1546228720.38
1546228720.41
1546228720.45
1546228720.48
1546228720.51
1546228720.55
1546228720.58
1546228720.61
1546228720.64
1546228720.68
1546228720.71
1546228720.74
1546228720.78
1546228720.81
1546228720.85
1546228720.88
1546228720.91
1546228720.94
1546228720.98
1546228721.01
1546228721.05
1546228721.08
1546228721.11
1546228721.15
1546228721.18
1546228721.21
1546228721.25
1546228721.28
1546228721.31
1546228721.35
1546228721.38
1546228721.41
1546228721.45
1546228721.48
1546228721.51
1546228721.55
1546228721.58
1546228721.61
1546228721.65
1546228721.68
1546228721.71
1546228721.75
1546228721.78
1546228721.81
1546228721.85
1546228721.88
1546228721.91
1546228721.95
1546228721.98
1546228722.01
1546228722.04
1546228722.07
1546228722.11
1546228722.14
1546228722.17
1546228722.21
1546228722.24
1546228722.27
1546228722.31
1546228722.34
1546228722.37
1546228722.4
1546228722.44
1546228722.47
1546228722.51
1546228722.54
1546228722.57
1546228722.61
1546228722.64
1546228722.67
1546228722.7
1546228722.74
1546228722.77
1546228722.81
1546228722.84
1546228722.87
1546228722.9
1546228722.94
1546228722.97
1546228723.01
1546228723.04
1546228723.07
1546228723.11
1546228723.14
1546228723.17
1546228723.2
1546228723.24
1546228723.27
1546228723.31
1546228723.34
1546228723.37
1546228723.4
1546228723.44
1546228723.47
1546228723.5
1546228723.54
1546228723.57
1546228723.61
1546228723.64
1546228723.67
1546228723.7
1546228723.74
1546228723.77
1546228723.81
1546228723.84
1546228723.87
1546228723.9
1546228723.94
1546228723.97
1546228724.0
1546228724.04
1546228724.07
1546228724.1
1546228724.14
1546228724.17
1546228724.2
1546228724.24
1546228724.27
1546228724.31
1546228724.34
1546228724.37
1546228724.4
1546228724.44
1546228724.47
1546228724.51
1546228724.54
1546228724.57
1546228724.61
1546228724.64
1546228724.67
1546228724.7
1546228724.74
1546228724.77
1546228724.81
1546228724.84
1546228724.87
1546228724.9
1546228724.94
1546228724.97
1546228725.01
1546228725.04
1546228725.07
1546228725.11
1546228725.14
1546228725.17
1546228725.2
1546228725.24
1546228725.27
1546228725.31
1546228725.34
1546228725.37
1546228725.41
1546228725.44
1546228725.47
1546228725.51
1546228725.54
1546228725.57
1546228725.61
1546228725.64
1546228725.67
1546228725.7
1546228725.74
1546228725.77
1546228725.81
1546228725.84
1546228725.87
1546228725.91
1546228725.94
1546228725.97
1546228726.0
1546228726.04
1546228726.07
1546228726.1
1546228726.14
1546228726.17
1546228726.2
1546228726.24
1546228726.27
1546228726.31
1546228726.34
1546228726.37
1546228726.4
1546228726.44
1546228726.47
1546228726.5
1546228726.54
1546228726.57
1546228726.6
1546228726.64
1546228726.67
1546228726.7
1546228726.74
1546228726.77
1546228726.8
1546228726.84
1546228726.87
1546228726.9
1546228726.94
1546228726.97
1546228727.0
1546228727.04
1546228727.07
1546228727.1
1546228727.14
1546228727.17
1546228727.2
1546228727.24
1546228727.27
1546228727.3
1546228727.34
1546228727.37
1546228727.4
1546228727.44
1546228727.47
1546228727.5
1546228727.54
1546228727.57
1546228727.6
1546228727.64
1546228727.67
1546228727.7
1546228727.74
1546228727.77
1546228727.8
1546228727.84
1546228727.87
1546228727.9
1546228727.93
1546228727.97
1546228728.0
1546228728.04
1546228728.07
1546228728.1
1546228728.14
1546228728.17
1546228728.2
1546228728.24
1546228728.27
1546228728.3
1546228728.34
1546228728.37
1546228728.4
1546228728.43
1546228728.47
1546228728.5
1546228728.54
1546228728.57
1546228728.6
1546228728.63
1546228728.67
1546228728.7
1546228728.73
1546228728.77
1546228728.8
1546228728.83
1546228728.87
1546228728.9
1546228728.93
1546228728.97
1546228729.0
1546228729.04
1546228729.07
1546228729.1
1546228729.13
1546228729.17
1546228729.2
1546228729.23
1546228729.27
1546228729.3
1546228729.33
1546228729.37
1546228729.4
1546228729.43
1546228729.47
1546228729.5
1546228729.53
1546228729.57
1546228729.6
1546228729.63
1546228729.67
1546228729.7
1546228729.73
1546228729.77
1546228729.8
1546228729.83
1546228729.87
1546228729.9
1546228729.93
1546228729.97
1546228730.0
1546228730.03
1546228730.07
1546228730.1
1546228730.13
1546228730.17
1546228730.2
1546228730.23
1546228730.27
1546228730.3
1546228730.33
1546228730.37
1546228730.4
1546228730.43
1546228730.47
1546228730.5
1546228730.53
1546228730.57
1546228730.6
1546228730.63
1546228730.67
1546228730.7
1546228730.73
1546228730.77
1546228730.8
1546228730.83
1546228730.87
1546228730.9
1546228730.93
1546228730.97
1546228731.0
1546228731.03
1546228731.07
1546228731.1
1546228731.13
1546228731.16
1546228731.2
1546228731.23
1546228731.27
1546228731.3
1546228731.33
1546228731.37
1546228731.4
1546228731.43
1546228731.46
1546228731.5
1546228731.53
1546228731.56
1546228731.6
1546228731.63
1546228731.66
1546228731.7
1546228731.73
1546228731.77
1546228731.8
1546228731.83
1546228731.87
1546228731.9
1546228731.93
1546228731.96
1546228732.0
1546228732.03
1546228732.07
1546228732.1
1546228732.13
1546228732.16
1546228732.2
1546228732.23
1546228732.26
1546228732.3
1546228732.33
1546228732.36
1546228732.4
1546228732.43
1546228732.46
1546228732.5
1546228732.53
1546228732.56
1546228732.6
1546228732.63
1546228732.66
1546228732.7
1546228732.73
1546228732.76
1546228732.8
1546228732.83
1546228732.86
1546228732.9
1546228732.93
1546228732.96
1546228733.0
1546228733.03
1546228733.06
1546228733.1
1546228733.13
1546228733.16
1546228733.2
1546228733.23
1546228733.26
1546228733.3
1546228733.33
1546228733.36
1546228733.39
1546228733.43
1546228733.46
1546228733.49
1546228733.53
1546228733.56
1546228733.6
1546228733.63
1546228733.66
1546228733.69
1546228733.73
1546228733.76
1546228733.8
1546228733.83
1546228733.86
1546228733.89
1546228733.93
1546228733.96
1546228733.99
1546228734.03
1546228734.06
1546228734.1
1546228734.13
1546228734.16
1546228734.19
1546228734.23
1546228734.26
1546228734.3
1546228734.33
1546228734.36
1546228734.4
1546228734.43
1546228734.46
1546228734.49
1546228734.53
1546228734.56
1546228734.6
1546228734.63
1546228734.66
1546228734.69
1546228734.73
1546228734.76
1546228734.8
1546228734.83
1546228734.86
1546228734.89
1546228734.93
1546228734.96
1546228734.99
1546228735.03
1546228735.06
1546228735.1
1546228735.13
1546228735.16
1546228735.2
1546228735.23
1546228735.26
1546228735.3
1546228735.33
1546228735.36
1546228735.4
1546228735.43
1546228735.46
1546228735.49
1546228735.53
1546228735.56
1546228735.6
1546228735.63
1546228735.66
1546228735.69
1546228735.73
1546228735.76
1546228735.8
1546228735.83
1546228735.86
1546228735.89
1546228735.93
1546228735.96
1546228735.99
1546228736.03
1546228736.06
1546228736.1
1546228736.13
1546228736.16
1546228736.2
1546228736.23
1546228736.26
1546228736.3
1546228736.33
1546228736.36
1546228736.4
1546228736.43
1546228736.46
1546228736.49
1546228736.53
1546228736.56
1546228736.6
1546228736.63
1546228736.66
1546228736.69
1546228736.73
1546228736.76
1546228736.79
1546228736.83
1546228736.86
1546228736.89
1546228736.93
1546228736.96
1546228736.99
1546228737.03
1546228737.06
1546228737.1
1546228737.13
1546228737.16
1546228737.19
1546228737.23
1546228737.26
1546228737.3
1546228737.33
1546228737.36
1546228737.39
1546228737.43
1546228737.46
1546228737.49
1546228737.53
1546228737.56
1546228737.6
1546228737.63
1546228737.66
1546228737.69
1546228737.73
1546228737.76
1546228737.8
1546228737.83
1546228737.86
1546228737.89
1546228737.93
1546228737.96
1546228737.99
1546228738.03
1546228738.06
1546228738.1
1546228738.13
1546228738.16
1546228738.2
1546228738.23
1546228738.26
1546228738.3
1546228738.33
1546228738.36
1546228738.39
1546228738.43
1546228738.46
1546228738.5
1546228738.53
1546228738.56
1546228738.6
1546228738.63
1546228738.66
1546228738.7
1546228738.73
1546228738.76
1546228738.8
1546228738.83
1546228738.86
1546228738.9
1546228738.93
1546228738.96
1546228739.0
1546228739.03
1546228739.06
1546228739.1
1546228739.13
1546228739.16
1546228739.19
1546228739.23
1546228739.26
1546228739.3
1546228739.33
1546228739.36
1546228739.4
1546228739.43
1546228739.46
1546228739.5
1546228739.53
1546228739.56
1546228739.6
1546228739.63
1546228739.66
1546228739.7
1546228739.73
1546228739.76
1546228739.8
1546228739.83
1546228739.86
1546228739.9
1546228739.93
1546228739.96
1546228740.0
1546228740.03
1546228740.06
1546228740.1
1546228740.13
1546228740.16
1546228740.2
1546228740.23
1546228740.26
1546228740.3
1546228740.33
1546228740.36
1546228740.4
1546228740.43
1546228740.46
1546228740.5
1546228740.53
1546228740.56
1546228740.6
1546228740.63
1546228740.66
1546228740.7
1546228740.73
1546228740.76
1546228740.8
1546228740.83
1546228740.86
1546228740.9
1546228740.93
1546228740.96
1546228741.0
1546228741.03
1546228741.07
1546228741.1
1546228741.13
1546228741.16
1546228741.2
1546228741.23
1546228741.26
1546228741.3
1546228741.33
1546228741.37
1546228741.4
1546228741.43
1546228741.46
1546228741.5
1546228741.53
1546228741.57
1546228741.6
1546228741.63
1546228741.67
1546228741.7
1546228741.73
1546228741.77
1546228741.8
1546228741.83
1546228741.87
1546228741.9
1546228741.93
1546228741.97
1546228742.0
1546228742.03
1546228742.07
1546228742.1
1546228742.13
1546228742.17
1546228742.2
1546228742.23
1546228742.27
1546228742.3
1546228742.33
1546228742.37
1546228742.4
1546228742.43
1546228742.47
1546228742.5
1546228742.53
1546228742.57
1546228742.6
1546228742.63
1546228742.67
1546228742.7
1546228742.73
1546228742.77
1546228742.8
1546228742.83
1546228742.87
1546228742.9
1546228742.93
1546228742.97
1546228743.0
1546228743.04
1546228743.07
1546228743.1
1546228743.13
1546228743.17
1546228743.2
1546228743.23
1546228743.27
1546228743.3
1546228743.33
1546228743.37
1546228743.4
1546228743.43
1546228743.47
1546228743.5
1546228743.54
1546228743.57
1546228743.6
1546228743.63
1546228743.67
1546228743.7
1546228743.73
1546228743.77
1546228743.8
1546228743.83
1546228743.87
1546228743.9
1546228743.93
1546228743.97
1546228744.0
1546228744.03
1546228744.07
1546228744.1
1546228744.13
1546228744.17
1546228744.2
1546228744.23
1546228744.27
1546228744.3
1546228744.33
1546228744.37
1546228744.4
1546228744.43
1546228744.47
1546228744.5
1546228744.54
1546228744.57
1546228744.6
1546228744.63
1546228744.67
1546228744.7
1546228744.73
1546228744.77
1546228744.8
1546228744.84
1546228744.87
1546228744.9
1546228744.93
1546228744.97
1546228745.0
1546228745.04
1546228745.07
1546228745.1
1546228745.14
1546228745.17
1546228745.2
1546228745.24
1546228745.26
1546228745.3
1546228745.33
1546228745.36
1546228745.39
1546228745.43
1546228745.46
1546228745.49
1546228745.53
1546228745.56
1546228745.6
1546228745.63
1546228745.66
1546228745.69
1546228745.73
1546228745.76
1546228745.8
1546228745.83
1546228745.86
1546228745.9
1546228745.93
1546228745.96
1546228746.0
1546228746.03
1546228746.06
1546228746.1
1546228746.13
1546228746.16
1546228746.2
1546228746.23
1546228746.26
1546228746.3
1546228746.33
1546228746.36
1546228746.4
1546228746.43
1546228746.46
1546228746.5
1546228746.53
1546228746.56
1546228746.6
1546228746.63
1546228746.66
1546228746.7
1546228746.73
1546228746.76
1546228746.8
1546228746.83
1546228746.86
1546228746.9
1546228746.93
1546228746.96
1546228747.0
1546228747.03
1546228747.06
1546228747.1
1546228747.13
1546228747.16
1546228747.2
1546228747.23
1546228747.26
1546228747.3
1546228747.33
1546228747.36
1546228747.39
1546228747.43
1546228747.46
1546228747.5
1546228747.53
1546228747.56
1546228747.6
1546228747.63
1546228747.66
1546228747.7
1546228747.73
1546228747.76
1546228747.8
1546228747.83
1546228747.86
1546228747.89
1546228747.93
1546228747.96
1546228747.99
1546228748.03
1546228748.06
1546228748.1
1546228748.13
1546228748.16
1546228748.19
1546228748.23
1546228748.26
1546228748.29
1546228748.33
1546228748.36
1546228748.39
1546228748.43
1546228748.46
1546228748.49
1546228748.53
1546228748.56
1546228748.59
1546228748.63
1546228748.66
1546228748.69
1546228748.73
1546228748.76
1546228748.79
1546228748.83
1546228748.86
1546228748.89
1546228748.93
1546228748.96
1546228748.99
1546228749.03
1546228749.06
1546228749.09
1546228749.13
1546228749.16
1546228749.19
1546228749.23
1546228749.26
1546228749.29
1546228749.33
1546228749.36
1546228749.39
1546228749.43
1546228749.46
1546228749.49
1546228749.53
1546228749.56
1546228749.59
1546228749.63
1546228749.66
1546228749.69
1546228749.73
1546228749.76
1546228749.79
1546228749.83
1546228749.86
1546228749.89
1546228749.93
1546228749.96
1546228749.99
1546228750.03
1546228750.06
1546228750.09
1546228750.13
1546228750.16
1546228750.19
1546228750.23
1546228750.26
1546228750.29
1546228750.33
1546228750.36
1546228750.39
1546228750.43
1546228750.46
1546228750.49
1546228750.53
1546228750.56
1546228750.59
1546228750.63
1546228750.66
1546228750.69
1546228750.73
1546228750.76
1546228750.8
1546228750.83
1546228750.86
1546228750.89
1546228750.93
1546228750.96
1546228750.99
1546228751.03
1546228751.06
1546228751.09
1546228751.13
1546228751.16
1546228751.19
1546228751.23
1546228751.26
1546228751.29
1546228751.33
1546228751.36
1546228751.39
1546228751.43
1546228751.46
1546228751.49
1546228751.53
1546228751.56
1546228751.59
1546228751.63
1546228751.66
1546228751.69
1546228751.73
1546228751.76
1546228751.8
1546228751.83
1546228751.86
1546228751.89
1546228751.93
1546228751.96
1546228751.99
1546228752.03
1546228752.06
1546228752.09
1546228752.13
1546228752.16
1546228752.19
1546228752.23
1546228752.26
1546228752.29
1546228752.33
1546228752.36
1546228752.39
1546228752.43
1546228752.46
1546228752.49
1546228752.53
1546228752.56
1546228752.59
1546228752.63
1546228752.66
1546228752.69
1546228752.73
1546228752.76
1546228752.79
1546228752.83
1546228752.86
1546228752.89
1546228752.93
1546228752.96
1546228752.99
1546228753.03
1546228753.06
1546228753.09
1546228753.13
1546228753.16
1546228753.19
1546228753.23
1546228753.26
1546228753.29
1546228753.33
1546228753.36
1546228753.39
1546228753.43
1546228753.46
1546228753.49
1546228753.53
1546228753.56
1546228753.6
1546228753.63
1546228753.66
1546228753.69
1546228753.73
1546228753.76
1546228753.79
1546228753.83
1546228753.86
1546228753.89
1546228753.93
1546228753.96
1546228753.99
1546228754.03
1546228754.06
1546228754.1
1546228754.13
1546228754.16
1546228754.19
1546228754.23
1546228754.26
1546228754.3
1546228754.33
1546228754.36
1546228754.39
1546228754.43
1546228754.46
1546228754.49
1546228754.53
1546228754.56
1546228754.59
1546228754.63
1546228754.66
1546228754.69
1546228754.73
1546228754.76
1546228754.79
1546228754.83
1546228754.86
1546228754.89
1546228754.93
1546228754.96
1546228754.99
1546228755.03
1546228755.06
1546228755.1
1546228755.13
1546228755.16
1546228755.19
1546228755.23
1546228755.26
1546228755.3
1546228755.33
1546228755.36
1546228755.39
1546228755.43
1546228755.46
1546228755.49
1546228755.53
1546228755.56
1546228755.6
1546228755.63
1546228755.66
1546228755.69
1546228755.73
1546228755.76
1546228755.8
1546228755.83
1546228755.86
1546228755.89
1546228755.93
1546228755.96
1546228755.99
1546228756.03
1546228756.06
1546228756.09
1546228756.13
1546228756.16
1546228756.19
1546228756.23
1546228756.26
1546228756.29
1546228756.33
1546228756.36
1546228756.39
1546228756.43
1546228756.46
1546228756.49
1546228756.53
1546228756.56
1546228756.59
1546228756.63
1546228756.66
1546228756.69
1546228756.73
1546228756.76
1546228756.79
1546228756.83
1546228756.86
1546228756.89
1546228756.93
1546228756.96
1546228756.99
1546228757.03
1546228757.06
1546228757.09
1546228757.13
1546228757.16
1546228757.19
1546228757.23
1546228757.26
1546228757.29
1546228757.33
1546228757.36
1546228757.39
1546228757.43
1546228757.46
1546228757.49
1546228757.53
1546228757.56
1546228757.59
1546228757.63
1546228757.66
1546228757.69
1546228757.73
1546228757.76
1546228757.79
1546228757.83
1546228757.86
1546228757.89
1546228757.93
1546228757.96
1546228757.99
1546228758.03
1546228758.06
1546228758.09
1546228758.13
1546228758.16
1546228758.19
1546228758.23
1546228758.26
1546228758.29
1546228758.33
1546228758.36
1546228758.39
1546228758.43
1546228758.46
1546228758.49
1546228758.53
1546228758.56
1546228758.59
1546228758.63
1546228758.66
1546228758.69
1546228758.73
1546228758.76
1546228758.79
1546228758.83
1546228758.86
1546228758.89
1546228758.93
1546228758.96
1546228758.99
1546228759.03
1546228759.06
1546228759.09
1546228759.13
1546228759.16
1546228759.19
1546228759.23
1546228759.26
1546228759.29
1546228759.33
1546228759.36
1546228759.39
1546228759.43
1546228759.46
1546228759.49
1546228759.53
1546228759.56
1546228759.59
1546228759.63
1546228759.66
1546228759.69
1546228759.73
1546228759.76
1546228759.79
1546228759.83
1546228759.86
1546228759.89
1546228759.93
1546228759.96
1546228759.99
1546228760.03
1546228760.06
1546228760.09
1546228760.13
1546228760.16
1546228760.19
1546228760.22
1546228760.26
1546228760.29
1546228760.33
1546228760.36
1546228760.39
1546228760.43
1546228760.46
1546228760.49
1546228760.53
1546228760.56
1546228760.59
1546228760.62
1546228760.66
1546228760.69
1546228760.72
1546228760.76
1546228760.79
1546228760.83
1546228760.86
1546228760.89
1546228760.93
1546228760.96
1546228760.99
1546228761.03
1546228761.06
1546228761.09
1546228761.13
1546228761.16
1546228761.19
1546228761.23
1546228761.26
1546228761.29
1546228761.33
1546228761.36
1546228761.39
1546228761.43
1546228761.46
1546228761.49
1546228761.53
1546228761.56
1546228761.59
1546228761.62
1546228761.66
1546228761.69
1546228761.73
1546228761.76
1546228761.79
1546228761.83
1546228761.86
1546228761.89
1546228761.93
1546228761.96
1546228761.99
1546228762.03
1546228762.06
1546228762.09
1546228762.13
1546228762.16
1546228762.19
1546228762.23
1546228762.26
1546228762.29
1546228762.33
1546228762.36
1546228762.39
1546228762.43
1546228762.46
1546228762.49
1546228762.53
1546228762.56
1546228762.59
1546228762.63
1546228762.66
1546228762.69
1546228762.73
1546228762.76
1546228762.79
1546228762.83
1546228762.86
1546228762.89
1546228762.93
1546228762.96
1546228762.99
1546228763.03
1546228763.06
1546228763.09
1546228763.13
1546228763.16
1546228763.19
1546228763.23
1546228763.26
1546228763.29
1546228763.33
1546228763.36
1546228763.39
1546228763.43
1546228763.46
1546228763.49
1546228763.53
1546228763.56
1546228763.6
1546228763.63
1546228763.66
1546228763.69
1546228763.73
1546228763.76
1546228763.8
1546228763.83
1546228763.86
1546228763.89
1546228763.93
1546228763.96
1546228763.99
1546228764.03
1546228764.06
1546228764.1
1546228764.13
1546228764.16
1546228764.19
1546228764.23
1546228764.26
1546228764.29
1546228764.33
1546228764.36
1546228764.39
1546228764.43
1546228764.46
1546228764.5
1546228764.53
1546228764.56
1546228764.6
1546228764.63
1546228764.66
1546228764.69
1546228764.73
1546228764.76
1546228764.8
1546228764.83
1546228764.86
1546228764.9
1546228764.93
1546228764.96
1546228765.0
1546228765.03
1546228765.06
1546228765.1
1546228765.13
1546228765.16
1546228765.2
1546228765.23
1546228765.26
1546228765.3
1546228765.33
1546228765.36
1546228765.4
1546228765.43
1546228765.46
1546228765.5
1546228765.53
1546228765.56
1546228765.6
1546228765.63
1546228765.66
1546228765.7
1546228765.73
1546228765.76
1546228765.8
1546228765.83
1546228765.87
1546228765.9
1546228765.93
1546228765.96
1546228766.0
1546228766.03
1546228766.07
1546228766.1
1546228766.13
1546228766.16
1546228766.2
1546228766.23
1546228766.27
1546228766.3
1546228766.33
1546228766.37
1546228766.4
1546228766.43
1546228766.47
1546228766.5
1546228766.53
1546228766.57
1546228766.6
1546228766.63
1546228766.67
1546228766.7
1546228766.73
1546228766.77
1546228766.8
1546228766.84
1546228766.87
1546228766.9
1546228766.93
1546228766.97
1546228767.0
1546228767.03
1546228767.07
1546228767.1
1546228767.13
1546228767.17
1546228767.2
1546228767.23
1546228767.27
1546228767.3
1546228767.33
1546228767.37
1546228767.4
1546228767.43
1546228767.47
1546228767.5
1546228767.53
1546228767.57
1546228767.6
1546228767.63
1546228767.67
1546228767.7
1546228767.73
1546228767.77
1546228767.8
1546228767.83
1546228767.87
1546228767.9
1546228767.93
1546228767.97
1546228768.0
1546228768.04
1546228768.07
1546228768.1
1546228768.13
1546228768.17
1546228768.2
1546228768.23
1546228768.27
1546228768.3
1546228768.34
1546228768.37
1546228768.4
1546228768.43
1546228768.46
1546228768.49
1546228768.53
1546228768.56
1546228768.59
1546228768.63
1546228768.66
1546228768.69
1546228768.73
1546228768.76
1546228768.79
1546228768.83
1546228768.86
1546228768.89
1546228768.93
1546228768.96
1546228768.99
1546228769.03
1546228769.06
1546228769.09
1546228769.13
1546228769.16
1546228769.19
1546228769.23
1546228769.26
1546228769.29
1546228769.33
1546228769.36
1546228769.39
1546228769.43
1546228769.46
1546228769.49
1546228769.53
1546228769.56
1546228769.59
1546228769.63
1546228769.66
1546228769.69
1546228769.73
1546228769.76
1546228769.79
1546228769.83
1546228769.86
1546228769.89
1546228769.93
1546228769.96
1546228769.99
1546228770.03
1546228770.06
1546228770.09
1546228770.13
1546228770.16
1546228770.19
1546228770.23
1546228770.26
1546228770.29
1546228770.33
1546228770.36
1546228770.39
1546228770.43
1546228770.46
1546228770.49
1546228770.53
1546228770.56
1546228770.59
1546228770.63
1546228770.66
1546228770.69
1546228770.72
1546228770.76
1546228770.79
1546228770.83
1546228770.86
1546228770.89
1546228770.93
1546228770.96
1546228770.99
1546228771.03
1546228771.06
1546228771.09
1546228771.12
1546228771.16
1546228771.19
1546228771.22
1546228771.26
1546228771.29
1546228771.33
1546228771.36
1546228771.39
1546228771.42
1546228771.46
1546228771.49
1546228771.53
1546228771.56
1546228771.59
1546228771.62
1546228771.66
1546228771.69
1546228771.72
1546228771.76
1546228771.79
1546228771.83
1546228771.86
1546228771.89
1546228771.92
1546228771.96
1546228771.99
1546228772.03
1546228772.06
1546228772.09
1546228772.12
1546228772.16
1546228772.19
1546228772.22
1546228772.26
1546228772.29
1546228772.32
1546228772.36
1546228772.39
1546228772.42
1546228772.46
1546228772.49
1546228772.52
1546228772.56
1546228772.59
1546228772.62
1546228772.66
1546228772.69
1546228772.72
1546228772.76
1546228772.79
1546228772.82
1546228772.86
1546228772.89
1546228772.92
1546228772.96
1546228772.99
1546228773.02
1546228773.06
1546228773.09
1546228773.12
1546228773.16
1546228773.19
1546228773.22
1546228773.26
1546228773.29
1546228773.32
1546228773.36
1546228773.39
1546228773.42
1546228773.46
1546228773.49
1546228773.52
1546228773.56
1546228773.59
1546228773.62
1546228773.65
1546228773.69
1546228773.72
1546228773.76
1546228773.79
1546228773.82
1546228773.86
1546228773.89
1546228773.92
1546228773.95
1546228773.99
1546228774.02
1546228774.06
1546228774.09
1546228774.12
1546228774.15
1546228774.19
1546228774.22
1546228774.26
1546228774.29
1546228774.32
1546228774.36
1546228774.39
1546228774.42
1546228774.45
1546228774.49
1546228774.52
1546228774.56
1546228774.59
1546228774.62
1546228774.66
1546228774.69
1546228774.72
1546228774.76
1546228774.79
1546228774.82
1546228774.86
1546228774.89
1546228774.92
1546228774.95
1546228774.99
1546228775.02
1546228775.06
1546228775.09
1546228775.12
1546228775.15
1546228775.19
1546228775.22
1546228775.26
1546228775.29
1546228775.32
1546228775.36
1546228775.39
1546228775.42
1546228775.45
1546228775.49
1546228775.52
1546228775.56
1546228775.59
1546228775.62
1546228775.65
1546228775.69
1546228775.72
1546228775.76
1546228775.79
1546228775.82
1546228775.86
1546228775.89
1546228775.92
1546228775.96
1546228775.99
1546228776.02
1546228776.06
1546228776.09
1546228776.12
1546228776.16
1546228776.19
1546228776.22
1546228776.26
1546228776.29
1546228776.32
1546228776.36
1546228776.39
1546228776.42
1546228776.46
1546228776.49
1546228776.52
1546228776.56
1546228776.59
1546228776.62
1546228776.66
1546228776.69
1546228776.72
1546228776.76
1546228776.79
1546228776.82
1546228776.86
1546228776.89
1546228776.92
1546228776.95
1546228776.99
1546228777.02
1546228777.05
1546228777.09
1546228777.12
1546228777.15
1546228777.19
1546228777.22
1546228777.25
1546228777.29
1546228777.32
1546228777.36
1546228777.39
1546228777.42
1546228777.45
1546228777.49
1546228777.52
1546228777.55
1546228777.59
1546228777.62
1546228777.65
1546228777.69
1546228777.72
1546228777.75
1546228777.79
1546228777.82
1546228777.85
1546228777.89
1546228777.92
1546228777.95
1546228777.99
1546228778.02
1546228778.05
1546228778.09
1546228778.12
1546228778.15
1546228778.19
1546228778.22
1546228778.25
1546228778.29
1546228778.32
1546228778.36
1546228778.39
1546228778.42
1546228778.45
1546228778.49
1546228778.52
1546228778.55
1546228778.59
1546228778.62
1546228778.65
1546228778.69
1546228778.72
1546228778.76
1546228778.79
1546228778.82
1546228778.86
1546228778.89
1546228778.92
1546228778.95
1546228778.99
1546228779.02
1546228779.06
1546228779.09
1546228779.12
1546228779.15
1546228779.19
1546228779.22
1546228779.25
1546228779.29
1546228779.32
1546228779.35
1546228779.39
1546228779.42
1546228779.45
1546228779.49
1546228779.52
1546228779.55
1546228779.59
1546228779.62
1546228779.65
1546228779.69
1546228779.72
1546228779.75
1546228779.79
1546228779.82
1546228779.85
1546228779.89
1546228779.92
1546228779.95
1546228779.99
1546228780.02
1546228780.05
1546228780.09
1546228780.12
1546228780.15
1546228780.19
1546228780.22
1546228780.25
1546228780.29
1546228780.32
1546228780.35
1546228780.39
1546228780.42
1546228780.45
1546228780.49
1546228780.52
1546228780.55
1546228780.59
1546228780.62
1546228780.65
1546228780.69
1546228780.72
1546228780.75
1546228780.79
1546228780.82
1546228780.85
1546228780.89
1546228780.92
1546228780.95
1546228780.99
1546228781.02
1546228781.05
1546228781.09
1546228781.12
1546228781.15
1546228781.18
1546228781.22
1546228781.25
1546228781.29
1546228781.32
1546228781.35
1546228781.38
1546228781.42
1546228781.45
1546228781.48
1546228781.52
1546228781.55
1546228781.59
1546228781.62
1546228781.65
1546228781.68
1546228781.72
1546228781.75
1546228781.79
1546228781.82
1546228781.85
1546228781.89
1546228781.92
1546228781.95
1546228781.98
1546228782.02
1546228782.05
1546228782.09
1546228782.12
1546228782.15
1546228782.19
1546228782.22
1546228782.25
1546228782.29
1546228782.32
1546228782.35
1546228782.38
1546228782.42
1546228782.45
1546228782.48
1546228782.52
1546228782.55
1546228782.59
1546228782.62
1546228782.65
1546228782.68
1546228782.72
1546228782.75
1546228782.79
1546228782.82
1546228782.85
1546228782.89
1546228782.92
1546228782.95
1546228782.98
1546228783.02
1546228783.05
1546228783.09
1546228783.12
1546228783.15
1546228783.18
1546228783.22
1546228783.25
1546228783.29
1546228783.32
1546228783.35
1546228783.39
1546228783.42
1546228783.45
1546228783.48
1546228783.52
1546228783.55
1546228783.59
1546228783.62
1546228783.65
1546228783.69
1546228783.72
1546228783.75
1546228783.79
1546228783.82
1546228783.85
1546228783.88
1546228783.92
1546228783.95
1546228783.99
1546228784.02
1546228784.05
1546228784.09
1546228784.12
1546228784.15
1546228784.18
1546228784.22
1546228784.25
1546228784.28
1546228784.32
1546228784.35
1546228784.38
1546228784.42
1546228784.45
1546228784.48
1546228784.52
1546228784.55
1546228784.59
1546228784.62
1546228784.65
1546228784.68
1546228784.72
1546228784.75
1546228784.79
1546228784.82
1546228784.85
1546228784.88
1546228784.92
1546228784.95
1546228784.98
1546228785.02
1546228785.05
1546228785.08
1546228785.12
1546228785.15
1546228785.18
1546228785.22
1546228785.25
1546228785.28
1546228785.32
1546228785.35
1546228785.38
1546228785.42
1546228785.45
1546228785.48
1546228785.52
1546228785.55
1546228785.58
1546228785.62
1546228785.65
1546228785.68
1546228785.72
1546228785.75
1546228785.78
1546228785.82
1546228785.85
1546228785.88
1546228785.92
1546228785.95
1546228785.98
1546228786.02
1546228786.05
1546228786.08
1546228786.12
1546228786.15
1546228786.18
1546228786.22
1546228786.25
1546228786.28
1546228786.32
1546228786.35
1546228786.38
1546228786.42
1546228786.45
1546228786.48
1546228786.52
1546228786.55
1546228786.58
1546228786.62
1546228786.65
1546228786.68
1546228786.72
1546228786.75
1546228786.78
1546228786.82
1546228786.85
1546228786.88
1546228786.92
1546228786.95
1546228786.98
1546228787.02
1546228787.05
1546228787.09
1546228787.12
1546228787.15
1546228787.18
1546228787.22
1546228787.25
1546228787.29
1546228787.32
1546228787.35
1546228787.38
1546228787.42
1546228787.45
1546228787.48
1546228787.52
1546228787.55
1546228787.59
1546228787.62
1546228787.65
1546228787.69
1546228787.72
1546228787.75
1546228787.79
1546228787.82
1546228787.85
1546228787.89
1546228787.92
1546228787.95
1546228787.99
1546228788.02
1546228788.05
1546228788.09
1546228788.12
1546228788.15
1546228788.19
1546228788.22
1546228788.25
1546228788.29
1546228788.32
1546228788.35
1546228788.39
1546228788.42
1546228788.45
1546228788.49
1546228788.52
1546228788.56
1546228788.59
1546228788.62
1546228788.65
1546228788.69
1546228788.72
1546228788.76
1546228788.79
1546228788.82
1546228788.86
1546228788.89
1546228788.92
1546228788.95
1546228788.99
1546228789.02
1546228789.06
1546228789.09
1546228789.12
1546228789.15
1546228789.19
1546228789.22
1546228789.26
1546228789.29
1546228789.32
1546228789.36
1546228789.39
1546228789.42
1546228789.46
1546228789.49
1546228789.52
1546228789.56
1546228789.59
1546228789.62
1546228789.65
1546228789.69
1546228789.72
1546228789.76
1546228789.79
1546228789.82
1546228789.86
1546228789.89
1546228789.92
1546228789.96
1546228789.99
1546228790.02
1546228790.06
1546228790.09
1546228790.12
1546228790.16
1546228790.19
1546228790.22
1546228790.26
1546228790.29
1546228790.32
1546228790.36
1546228790.39
1546228790.42
1546228790.46
1546228790.49
1546228790.52
1546228790.56
1546228790.59
1546228790.62
1546228790.66
1546228790.69
1546228790.72
1546228790.76
1546228790.79
1546228790.82
1546228790.86
1546228790.89
1546228790.92
1546228790.96
1546228790.99
1546228791.03
1546228791.06
1546228791.09
1546228791.12
1546228791.16
1546228791.19
1546228791.22
1546228791.26
1546228791.29
1546228791.32
1546228791.36
1546228791.39
1546228791.42
1546228791.45
1546228791.48
1546228791.52
1546228791.55
1546228791.58
1546228791.62
1546228791.65
1546228791.68
1546228791.72
1546228791.75
1546228791.78
1546228791.82
1546228791.85
1546228791.88
1546228791.92
1546228791.95
1546228791.98
1546228792.02
1546228792.05
1546228792.08
1546228792.12
1546228792.15
1546228792.18
1546228792.22
1546228792.25
1546228792.28
1546228792.32
1546228792.35
1546228792.38
1546228792.41
1546228792.45
1546228792.48
1546228792.52
1546228792.55
1546228792.58
1546228792.62
1546228792.65
1546228792.68
1546228792.71
1546228792.75
1546228792.78
1546228792.82
1546228792.85
1546228792.88
1546228792.91
1546228792.95
1546228792.98
1546228793.01
1546228793.05
1546228793.08
1546228793.11
1546228793.15
1546228793.18
1546228793.21
1546228793.25
1546228793.28
1546228793.31
1546228793.35
1546228793.38
1546228793.41
1546228793.45
1546228793.48
1546228793.52
1546228793.55
1546228793.58
1546228793.61
1546228793.65
1546228793.68
1546228793.71
1546228793.75
1546228793.78
1546228793.81
1546228793.85
1546228793.88
1546228793.91
1546228793.95
1546228793.98
1546228794.01
1546228794.05
1546228794.08
1546228794.11
1546228794.15
1546228794.18
1546228794.21
1546228794.25
1546228794.28
1546228794.31
1546228794.35
1546228794.38
1546228794.41
1546228794.45
1546228794.48
1546228794.51
1546228794.55
1546228794.58
1546228794.61
1546228794.65
1546228794.68
1546228794.71
1546228794.75
1546228794.78
1546228794.81
1546228794.85
1546228794.88
1546228794.91
1546228794.95
1546228794.98
1546228795.01
1546228795.05
1546228795.08
1546228795.11
1546228795.15
1546228795.18
1546228795.21
1546228795.24
1546228795.28
1546228795.31
1546228795.35
1546228795.38
1546228795.41
1546228795.45
1546228795.48
1546228795.51
1546228795.55
1546228795.58
1546228795.61
1546228795.64
1546228795.68
1546228795.71
1546228795.74
1546228795.78
1546228795.81
1546228795.85
1546228795.88
1546228795.91
1546228795.94
1546228795.98
1546228796.01
1546228796.05
1546228796.08
1546228796.11
1546228796.14
1546228796.18
1546228796.21
1546228796.24
1546228796.28
1546228796.31
1546228796.35
1546228796.38
1546228796.41
1546228796.44
1546228796.48
1546228796.51
1546228796.55
1546228796.58
1546228796.61
1546228796.64
1546228796.68
1546228796.71
1546228796.75
1546228796.78
1546228796.81
1546228796.85
1546228796.88
1546228796.91
1546228796.95
1546228796.98
1546228797.01
1546228797.05
1546228797.08
1546228797.11
1546228797.15
1546228797.18
1546228797.21
1546228797.25
1546228797.28
1546228797.31
1546228797.35
1546228797.38
1546228797.41
1546228797.45
1546228797.48
1546228797.51
1546228797.55
1546228797.58
1546228797.61
1546228797.64
1546228797.68
1546228797.71
1546228797.74
1546228797.78
1546228797.81
1546228797.85
1546228797.88
1546228797.91
1546228797.94
1546228797.98
1546228798.01
1546228798.05
1546228798.08
1546228798.11
1546228798.14
1546228798.18
1546228798.21
1546228798.24
1546228798.28
1546228798.31
1546228798.35
1546228798.38
1546228798.41
1546228798.45
1546228798.48
1546228798.51
1546228798.55
1546228798.58
1546228798.61
1546228798.64
1546228798.68
1546228798.71
1546228798.74
1546228798.78
1546228798.81
1546228798.85
1546228798.88
1546228798.91
1546228798.94
1546228798.98
1546228799.01
1546228799.04
1546228799.08
1546228799.11
1546228799.14
1546228799.18
1546228799.21
1546228799.24
1546228799.28
1546228799.31
1546228799.34
1546228799.38
1546228799.41
1546228799.44
1546228799.48
1546228799.51
1546228799.54
1546228799.58
1546228799.61
1546228799.64
1546228799.68
1546228799.71
1546228799.74
1546228799.78
1546228799.81
1546228799.85
1546228799.88
1546228799.91
1546228799.94
1546228799.98
1546228800.01
1546228800.04
1546228800.08
1546228800.11
1546228800.14
1546228800.18
1546228800.21
1546228800.24
1546228800.28
1546228800.31
1546228800.34
1546228800.38
1546228800.41
1546228800.44
1546228800.48
1546228800.51
1546228800.54
1546228800.58
1546228800.61
1546228800.64
1546228800.68
1546228800.71
1546228800.74
1546228800.78
1546228800.81
1546228800.84
1546228800.88
1546228800.91
1546228800.94
1546228800.98
1546228801.01
1546228801.04
1546228801.08
1546228801.11
1546228801.14
1546228801.18
1546228801.21
1546228801.24
1546228801.28
1546228801.31
1546228801.34
1546228801.38
1546228801.41
1546228801.44
1546228801.48
1546228801.51
1546228801.54
1546228801.58
1546228801.61
1546228801.64
1546228801.67
1546228801.71
1546228801.74
1546228801.78
1546228801.81
1546228801.84
1546228801.88
1546228801.91
1546228801.94
1546228801.97
1546228802.01
1546228802.04
1546228802.08
1546228802.11
1546228802.14
1546228802.18
1546228802.21
1546228802.24
1546228802.28
1546228802.31
1546228802.34
1546228802.38
1546228802.41
1546228802.44
1546228802.48
1546228802.51
1546228802.54
1546228802.58
1546228802.61
1546228802.64
1546228802.67
1546228802.71
1546228802.74
1546228802.78
1546228802.81
1546228802.84
1546228802.88
1546228802.91
1546228802.94
1546228802.98
1546228803.01
1546228803.04
1546228803.08
1546228803.11
1546228803.14
1546228803.18
1546228803.21
1546228803.24
1546228803.28
1546228803.31
1546228803.34
1546228803.38
1546228803.41
1546228803.44
1546228803.47
1546228803.51
1546228803.54
1546228803.58
1546228803.61
1546228803.64
1546228803.68
1546228803.71
1546228803.74
1546228803.78
1546228803.81
1546228803.84
1546228803.88
1546228803.91
1546228803.94
1546228803.97
1546228804.01
1546228804.04
1546228804.08
1546228804.11
1546228804.14
1546228804.18
1546228804.21
1546228804.24
1546228804.28
1546228804.31
1546228804.34
1546228804.38
1546228804.41
1546228804.44
1546228804.47
1546228804.51
1546228804.54
1546228804.58
1546228804.61
1546228804.64
1546228804.68
1546228804.71
1546228804.74
1546228804.78
1546228804.81
1546228804.84
1546228804.88
1546228804.91
1546228804.94
1546228804.98
1546228805.01
1546228805.04
1546228805.08
1546228805.11
1546228805.14
1546228805.18
1546228805.21
1546228805.24
1546228805.28
1546228805.31
1546228805.34
1546228805.38
1546228805.41
1546228805.44
1546228805.48
1546228805.51
1546228805.54
1546228805.58
1546228805.61
1546228805.64
1546228805.68
1546228805.71
1546228805.74
1546228805.78
1546228805.81
1546228805.84
1546228805.88
1546228805.91
1546228805.94
1546228805.98
1546228806.01
1546228806.04
1546228806.08
1546228806.11
1546228806.14
1546228806.17
1546228806.21
1546228806.24
1546228806.28
1546228806.31
1546228806.34
1546228806.38
1546228806.41
1546228806.44
1546228806.48
1546228806.51
1546228806.54
1546228806.58
1546228806.61
1546228806.64
1546228806.68
1546228806.71
1546228806.74
1546228806.78
1546228806.81
1546228806.84
1546228806.88
1546228806.91
1546228806.94
1546228806.98
1546228807.01
1546228807.04
1546228807.08
1546228807.11
1546228807.14
1546228807.18
1546228807.21
1546228807.24
1546228807.28
1546228807.31
1546228807.34
1546228807.38
1546228807.41
1546228807.44
1546228807.47
1546228807.51
1546228807.54
1546228807.58
1546228807.61
1546228807.64
1546228807.68
1546228807.71
1546228807.74
1546228807.78
1546228807.81
1546228807.84
1546228807.88
1546228807.91
1546228807.94
1546228807.98
1546228808.01
1546228808.04
1546228808.08
1546228808.11
1546228808.14
1546228808.18
1546228808.21
1546228808.24
1546228808.28
1546228808.31
1546228808.34
1546228808.38
1546228808.41
1546228808.44
1546228808.48
1546228808.51
1546228808.54
1546228808.58
1546228808.61
1546228808.64
1546228808.68
1546228808.71
1546228808.74
1546228808.78
1546228808.81
1546228808.84
1546228808.88
1546228808.91
1546228808.94
1546228808.98
1546228809.01
1546228809.04
1546228809.08
1546228809.11
1546228809.14
1546228809.18
1546228809.21
1546228809.24
1546228809.28
1546228809.31
1546228809.34
1546228809.38
1546228809.41
1546228809.44
1546228809.48
1546228809.51
1546228809.54
1546228809.58
1546228809.61
1546228809.64
1546228809.68
1546228809.71
1546228809.74
1546228809.78
1546228809.81
1546228809.84
1546228809.88
1546228809.91
1546228809.94
1546228809.98
1546228810.01
1546228810.04
1546228810.08
1546228810.11
1546228810.14
1546228810.18
1546228810.21
1546228810.24
1546228810.28
1546228810.31
1546228810.34
1546228810.38
1546228810.41
1546228810.45
1546228810.48
1546228810.51
1546228810.55
1546228810.58
1546228810.61
1546228810.64
1546228810.68
1546228810.71
1546228810.74
1546228810.78
1546228810.81
1546228810.84
1546228810.88
1546228810.91
1546228810.94
1546228810.98
1546228811.01
1546228811.05
1546228811.08
1546228811.11
1546228811.14
1546228811.18
1546228811.21
1546228811.24
1546228811.28
1546228811.31
1546228811.34
1546228811.38
1546228811.41
1546228811.44
1546228811.48
1546228811.51
1546228811.55
1546228811.58
1546228811.61
1546228811.65
1546228811.68
1546228811.71
1546228811.74
1546228811.78
1546228811.81
1546228811.85
1546228811.88
1546228811.91
1546228811.95
1546228811.98
1546228812.01
1546228812.05
1546228812.08
1546228812.11
1546228812.15
1546228812.18
1546228812.21
1546228812.25
1546228812.28
1546228812.31
1546228812.35
1546228812.38
1546228812.41
1546228812.45
1546228812.48
1546228812.51
1546228812.55
1546228812.58
1546228812.61
1546228812.65
1546228812.68
1546228812.71
1546228812.75
1546228812.78
1546228812.81
1546228812.85
1546228812.88
1546228812.91
1546228812.95
1546228812.98
1546228813.01
1546228813.05
1546228813.08
1546228813.11
1546228813.15
1546228813.18
1546228813.21
1546228813.25
1546228813.28
1546228813.32
1546228813.35
1546228813.38
1546228813.41
1546228813.45
1546228813.48
1546228813.52
1546228813.55
1546228813.58
1546228813.62
1546228813.65
1546228813.68
1546228813.72
1546228813.75
1546228813.78
1546228813.82
1546228813.85
1546228813.88
1546228813.91
1546228813.95
1546228813.98
1546228814.02
1546228814.05
1546228814.08
1546228814.12
1546228814.15
1546228814.18
1546228814.22
1546228814.25
1546228814.28
1546228814.32
1546228814.35
1546228814.38
1546228814.41
1546228814.44
1546228814.47
1546228814.51
1546228814.54
1546228814.57
1546228814.61
1546228814.64
1546228814.67
1546228814.71
1546228814.74
1546228814.77
1546228814.81
1546228814.84
1546228814.87
1546228814.91
1546228814.94
1546228814.97
1546228815.01
1546228815.04
1546228815.08
1546228815.11
1546228815.14
1546228815.17
1546228815.21
1546228815.24
1546228815.27
1546228815.31
1546228815.34
1546228815.37
1546228815.41
1546228815.44
1546228815.47
1546228815.51
1546228815.54
1546228815.57
1546228815.61
1546228815.64
1546228815.67
1546228815.71
1546228815.74
1546228815.77
1546228815.81
1546228815.84
1546228815.87
1546228815.91
1546228815.94
1546228815.97
1546228816.01
1546228816.04
1546228816.07
1546228816.11
1546228816.14
1546228816.17
1546228816.21
1546228816.24
1546228816.27
1546228816.31
1546228816.34
1546228816.37
1546228816.41
1546228816.44
1546228816.47
1546228816.51
1546228816.54
1546228816.57
1546228816.61
1546228816.64
1546228816.67
1546228816.71
1546228816.74
1546228816.77
1546228816.81
1546228816.84
1546228816.87
1546228816.91
1546228816.94
1546228816.97
1546228817.01
1546228817.04
1546228817.07
1546228817.11
1546228817.14
1546228817.17
1546228817.2
1546228817.24
1546228817.27
1546228817.31
1546228817.34
1546228817.37
1546228817.41
1546228817.44
1546228817.47
1546228817.5
1546228817.54
1546228817.57
1546228817.61
1546228817.64
1546228817.67
1546228817.71
1546228817.74
1546228817.77
1546228817.81
1546228817.84
1546228817.87
1546228817.9
1546228817.94
1546228817.97
1546228818.01
1546228818.04
1546228818.07
1546228818.11
1546228818.14
1546228818.17
1546228818.2
1546228818.24
1546228818.27
1546228818.31
1546228818.34
1546228818.37
1546228818.4
1546228818.44
1546228818.47
1546228818.51
1546228818.54
1546228818.57
1546228818.6
1546228818.64
1546228818.67
1546228818.7
1546228818.74
1546228818.77
1546228818.8
1546228818.84
1546228818.87
1546228818.9
1546228818.94
1546228818.97
1546228819.01
1546228819.04
1546228819.07
1546228819.11
1546228819.14
1546228819.17
1546228819.2
1546228819.24
1546228819.27
1546228819.31
1546228819.34
1546228819.37
1546228819.4
1546228819.44
1546228819.47
1546228819.5
1546228819.54
1546228819.57
1546228819.6
1546228819.64
1546228819.67
1546228819.7
1546228819.74
1546228819.77
1546228819.8
1546228819.84
1546228819.87
1546228819.9
1546228819.94
1546228819.97
1546228820.0
1546228820.04
1546228820.07
1546228820.1
1546228820.14
1546228820.17
1546228820.2
1546228820.24
1546228820.27
1546228820.3
1546228820.34
1546228820.37
1546228820.4
1546228820.44
1546228820.47
1546228820.5
1546228820.54
1546228820.57
1546228820.6
1546228820.64
1546228820.67
1546228820.7
1546228820.74
1546228820.77
1546228820.8
1546228820.84
1546228820.87
1546228820.9
1546228820.94
1546228820.97
1546228821.0
1546228821.04
1546228821.07
1546228821.1
1546228821.14
1546228821.17
1546228821.2
1546228821.23
1546228821.27
1546228821.3
1546228821.34
1546228821.37
1546228821.4
1546228821.44
1546228821.47
1546228821.5
1546228821.54
1546228821.57
1546228821.6
1546228821.64
1546228821.67
1546228821.7
1546228821.74
1546228821.77
1546228821.8
1546228821.84
1546228821.87
1546228821.9
1546228821.94
1546228821.97
1546228822.0
1546228822.04
1546228822.07
1546228822.1
1546228822.14
1546228822.17
1546228822.2
1546228822.23
1546228822.27
1546228822.3
1546228822.34
1546228822.37
1546228822.4
1546228822.44
1546228822.47
1546228822.5
1546228822.54
1546228822.57
1546228822.6
1546228822.64
1546228822.67
1546228822.7
1546228822.74
1546228822.77
1546228822.81
1546228822.84
1546228822.87
1546228822.9
1546228822.94
1546228822.97
1546228823.0
1546228823.04
1546228823.07
1546228823.1
1546228823.14
1546228823.17
1546228823.2
1546228823.24
1546228823.27
1546228823.3
1546228823.34
1546228823.37
1546228823.4
1546228823.44
1546228823.47
1546228823.5
1546228823.54
1546228823.57
1546228823.6
1546228823.64
1546228823.67
1546228823.7
1546228823.74
1546228823.77
1546228823.8
1546228823.84
1546228823.87
1546228823.9
1546228823.94
1546228823.97
1546228824.0
1546228824.04
1546228824.07
1546228824.1
1546228824.14
1546228824.17
1546228824.2
1546228824.24
1546228824.27
1546228824.3
1546228824.34
1546228824.37
1546228824.4
1546228824.43
1546228824.47
1546228824.5
1546228824.54
1546228824.57
1546228824.6
1546228824.64
1546228824.67
1546228824.7
1546228824.74
1546228824.77
1546228824.8
1546228824.84
1546228824.87
1546228824.9
1546228824.94
1546228824.97
1546228825.0
1546228825.04
1546228825.07
1546228825.1
1546228825.14
1546228825.17
1546228825.2
1546228825.24
1546228825.27
1546228825.3
1546228825.34
1546228825.37
1546228825.4
1546228825.43
1546228825.47
1546228825.5
1546228825.54
1546228825.57
1546228825.6
1546228825.64
1546228825.67
1546228825.7
1546228825.74
1546228825.77
1546228825.8
1546228825.84
1546228825.87
1546228825.9
1546228825.94
1546228825.97
1546228826.0
1546228826.04
1546228826.07
1546228826.1
1546228826.14
1546228826.17
1546228826.2
1546228826.24
1546228826.27
1546228826.3
1546228826.34
1546228826.37
1546228826.4
1546228826.44
1546228826.47
1546228826.5
1546228826.54
1546228826.57
1546228826.6
1546228826.63
1546228826.67
1546228826.7
1546228826.74
1546228826.77
1546228826.8
1546228826.84
1546228826.87
1546228826.9
1546228826.94
1546228826.97
1546228827.0
1546228827.04
1546228827.07
1546228827.1
1546228827.13
1546228827.17
1546228827.2
1546228827.23
1546228827.27
1546228827.3
1546228827.34
1546228827.37
1546228827.4
1546228827.43
1546228827.47
1546228827.5
1546228827.54
1546228827.57
1546228827.6
1546228827.63
1546228827.67
1546228827.7
1546228827.73
1546228827.77
1546228827.8
1546228827.83
1546228827.87
1546228827.9
1546228827.93
1546228827.97
1546228828.0
1546228828.03
1546228828.07
1546228828.1
1546228828.13
1546228828.17
1546228828.2
1546228828.23
1546228828.27
1546228828.3
1546228828.33
1546228828.37
1546228828.4
1546228828.43
1546228828.47
1546228828.5
1546228828.53
1546228828.57
1546228828.6
1546228828.63
1546228828.67
1546228828.7
1546228828.73
1546228828.77
1546228828.8
1546228828.83
1546228828.87
1546228828.9
1546228828.93
1546228828.97
1546228829.0
1546228829.03
1546228829.07
1546228829.1
1546228829.13
1546228829.17
1546228829.2
1546228829.23
1546228829.27
1546228829.3
1546228829.33
1546228829.37
1546228829.4
1546228829.43
1546228829.47
1546228829.5
1546228829.53
1546228829.57
1546228829.6
1546228829.63
1546228829.67
1546228829.7
1546228829.73
1546228829.77
1546228829.8
1546228829.83
1546228829.87
1546228829.9
1546228829.93
1546228829.96
1546228830.0
1546228830.03
1546228830.07
1546228830.1
1546228830.13
1546228830.16
1546228830.2
1546228830.23
1546228830.26
1546228830.3
1546228830.33
1546228830.36
1546228830.4
1546228830.43
1546228830.46
1546228830.5
1546228830.53
1546228830.57
1546228830.6
1546228830.63
1546228830.66
1546228830.7
1546228830.73
1546228830.77
1546228830.8
1546228830.83
1546228830.86
1546228830.9
1546228830.93
1546228830.96
1546228831.0
1546228831.03
1546228831.06
1546228831.1
1546228831.13
1546228831.16
1546228831.2
1546228831.23
1546228831.27
1546228831.3
1546228831.33
1546228831.37
1546228831.4
1546228831.43
1546228831.46
1546228831.5
1546228831.53
1546228831.56
1546228831.6
1546228831.63
1546228831.66
1546228831.7
1546228831.73
1546228831.77
1546228831.8
1546228831.83
1546228831.86
1546228831.9
1546228831.93
1546228831.96
1546228832.0
1546228832.03
1546228832.06
1546228832.1
1546228832.13
1546228832.16
1546228832.2
1546228832.23
1546228832.26
1546228832.3
1546228832.33
1546228832.36
1546228832.4
1546228832.43
1546228832.46
1546228832.5
1546228832.53
1546228832.56
1546228832.6
1546228832.63
1546228832.66
1546228832.7
1546228832.73
1546228832.76
1546228832.8
1546228832.83
1546228832.86
1546228832.9
1546228832.93
1546228832.96
1546228833.0
1546228833.03
1546228833.06
1546228833.1
1546228833.13
1546228833.16
1546228833.2
1546228833.23
1546228833.26
1546228833.3
1546228833.33
1546228833.37
1546228833.4
1546228833.43
1546228833.46
1546228833.5
1546228833.53
1546228833.57
1546228833.6
1546228833.63
1546228833.67
1546228833.7
1546228833.73
1546228833.77
