1546221923.41
1546221923.55
1546221923.59
1546221923.62
1546221923.65
1546221923.68
1546221923.71
1546221923.74
1546221923.77
1546221923.8
1546221923.84
1546221923.87
1546221923.9
1546221923.94
1546221923.97
1546221924.0
1546221924.04
1546221924.07
1546221924.1
1546221924.14
1546221924.17
1546221924.2
1546221924.24
1546221924.27
1546221924.3
1546221924.34
1546221924.37
1546221924.4
1546221924.44
1546221924.47
1546221924.5
1546221924.54
1546221924.57
1546221924.6
1546221924.64
1546221924.67
1546221924.7
1546221924.74
1546221924.77
1546221924.8
1546221924.84
1546221924.87
1546221924.9
1546221924.94
1546221924.97
1546221925.0
1546221925.04
1546221925.07
1546221925.1
1546221925.14
1546221925.17
1546221925.2
1546221925.24
1546221925.27
1546221925.3
1546221925.34
1546221925.37
1546221925.4
1546221925.44
1546221925.47
1546221925.5
1546221925.54
1546221925.57
1546221925.6
1546221925.63
1546221925.67
1546221925.7
1546221925.74
1546221925.77
1546221925.8
1546221925.84
1546221925.87
1546221925.9
1546221925.94
1546221925.97
1546221926.0
1546221926.04
1546221926.07
1546221926.1
1546221926.13
1546221926.17
1546221926.2
1546221926.23
1546221926.27
1546221926.3
1546221926.34
1546221926.37
1546221926.4
1546221926.43
1546221926.47
1546221926.5
1546221926.54
1546221926.57
1546221926.6
1546221926.63
1546221926.67
1546221926.7
1546221926.73
1546221926.77
1546221926.8
1546221926.84
1546221926.87
1546221926.9
1546221926.93
1546221926.97
1546221927.0
1546221927.03
1546221927.07
1546221927.1
1546221927.13
1546221927.17
1546221927.2
1546221927.23
1546221927.27
1546221927.3
1546221927.33
1546221927.37
1546221927.4
1546221927.43
1546221927.47
1546221927.5
1546221927.53
1546221927.57
1546221927.6
1546221927.63
1546221927.67
1546221927.7
1546221927.73
1546221927.77
1546221927.8
1546221927.83
1546221927.87
1546221927.9
1546221927.93
1546221927.97
1546221928.0
1546221928.03
1546221928.07
1546221928.1
1546221928.13
1546221928.17
1546221928.2
1546221928.23
1546221928.27
1546221928.3
1546221928.33
1546221928.37
1546221928.4
1546221928.43
1546221928.47
1546221928.5
1546221928.53
1546221928.57
1546221928.6
1546221928.63
1546221928.67
1546221928.7
1546221928.73
1546221928.77
1546221928.8
1546221928.83
1546221928.87
1546221928.9
1546221928.93
1546221928.97
1546221929.0
1546221929.03
1546221929.07
1546221929.1
1546221929.13
1546221929.17
1546221929.2
1546221929.23
1546221929.27
1546221929.3
1546221929.33
1546221929.37
1546221929.4
1546221929.43
1546221929.47
1546221929.5
1546221929.53
1546221929.57
1546221929.6
1546221929.63
1546221929.67
1546221929.7
1546221929.73
1546221929.77
1546221929.8
1546221929.83
1546221929.87
1546221929.9
1546221929.93
1546221929.97
1546221930.0
1546221930.03
1546221930.07
1546221930.1
1546221930.13
1546221930.17
1546221930.2
1546221930.23
1546221930.27
1546221930.3
1546221930.33
1546221930.37
1546221930.4
1546221930.43
1546221930.47
1546221930.5
1546221930.53
1546221930.57
1546221930.6
1546221930.63
1546221930.67
1546221930.7
1546221930.73
1546221930.77
1546221930.8
1546221930.83
1546221930.87
1546221930.9
1546221930.93
1546221930.96
1546221931.0
1546221931.03
1546221931.07
1546221931.1
1546221931.13
1546221931.17
1546221931.2
1546221931.23
1546221931.27
1546221931.3
1546221931.33
1546221931.37
1546221931.4
1546221931.43
1546221931.46
1546221931.5
1546221931.53
1546221931.57
1546221931.6
1546221931.63
1546221931.66
1546221931.7
1546221931.73
1546221931.77
1546221931.8
1546221931.83
1546221931.87
1546221931.9
1546221931.93
1546221931.96
1546221932.0
1546221932.03
1546221932.07
1546221932.1
1546221932.13
1546221932.17
1546221932.2
1546221932.23
1546221932.27
1546221932.3
1546221932.33
1546221932.37
1546221932.4
1546221932.43
1546221932.47
1546221932.5
1546221932.53
1546221932.57
1546221932.6
1546221932.63
1546221932.67
1546221932.7
1546221932.73
1546221932.77
1546221932.8
1546221932.83
1546221932.87
1546221932.9
1546221932.93
1546221932.97
1546221933.0
1546221933.03
1546221933.07
1546221933.1
1546221933.13
1546221933.17
1546221933.2
1546221933.23
1546221933.27
1546221933.3
1546221933.34
1546221933.37
1546221933.4
1546221933.43
1546221933.47
1546221933.5
1546221933.53
1546221933.57
1546221933.6
1546221933.63
1546221933.67
1546221933.7
1546221933.73
1546221933.77
1546221933.8
1546221933.84
1546221933.87
1546221933.9
1546221933.93
1546221933.97
1546221934.0
1546221934.03
1546221934.07
1546221934.1
1546221934.14
1546221934.17
1546221934.2
1546221934.24
1546221934.27
1546221934.3
1546221934.34
1546221934.37
1546221934.4
1546221934.44
1546221934.47
1546221934.5
1546221934.54
1546221934.57
1546221934.6
1546221934.64
1546221934.67
1546221934.7
1546221934.74
1546221934.77
1546221934.81
1546221934.84
1546221934.87
1546221934.9
1546221934.94
1546221934.97
1546221935.01
1546221935.04
1546221935.07
1546221935.1
1546221935.14
1546221935.17
1546221935.21
1546221935.24
1546221935.27
1546221935.31
1546221935.34
1546221935.37
1546221935.4
1546221935.44
1546221935.47
1546221935.5
1546221935.54
1546221935.57
1546221935.61
1546221935.64
1546221935.67
1546221935.71
1546221935.74
1546221935.77
1546221935.81
1546221935.84
1546221935.87
1546221935.9
1546221935.94
1546221935.97
1546221936.01
1546221936.04
1546221936.07
1546221936.11
1546221936.14
1546221936.17
1546221936.21
1546221936.24
1546221936.27
1546221936.3
1546221936.34
1546221936.37
1546221936.4
1546221936.44
1546221936.47
1546221936.5
1546221936.53
1546221936.56
1546221936.6
1546221936.63
1546221936.66
1546221936.7
1546221936.73
1546221936.76
1546221936.8
1546221936.83
1546221936.86
1546221936.9
1546221936.93
1546221936.96
1546221937.0
1546221937.03
1546221937.06
1546221937.1
1546221937.13
1546221937.16
1546221937.19
1546221937.23
1546221937.26
1546221937.3
1546221937.33
1546221937.36
1546221937.4
1546221937.43
1546221937.46
1546221937.5
1546221937.53
1546221937.56
1546221937.6
1546221937.63
1546221937.66
1546221937.7
1546221937.73
1546221937.76
1546221937.8
1546221937.83
1546221937.86
1546221937.9
1546221937.93
1546221937.96
1546221938.0
1546221938.03
1546221938.06
1546221938.1
1546221938.13
1546221938.16
1546221938.2
1546221938.23
1546221938.26
1546221938.3
1546221938.33
1546221938.36
1546221938.4
1546221938.43
1546221938.46
1546221938.5
1546221938.53
1546221938.56
1546221938.6
1546221938.63
1546221938.66
1546221938.7
1546221938.73
1546221938.76
1546221938.8
1546221938.83
1546221938.86
1546221938.9
1546221938.93
1546221938.96
1546221938.99
1546221939.03
1546221939.06
1546221939.1
1546221939.13
1546221939.16
1546221939.19
1546221939.23
1546221939.26
1546221939.3
1546221939.33
1546221939.36
1546221939.4
1546221939.43
1546221939.46
1546221939.5
1546221939.53
1546221939.56
1546221939.6
1546221939.63
1546221939.66
1546221939.7
1546221939.73
1546221939.76
1546221939.8
1546221939.83
1546221939.86
1546221939.9
1546221939.93
1546221939.96
1546221939.99
1546221940.03
1546221940.06
1546221940.1
1546221940.13
1546221940.16
1546221940.2
1546221940.23
1546221940.26
1546221940.3
1546221940.33
1546221940.36
1546221940.39
1546221940.43
1546221940.46
1546221940.49
1546221940.53
1546221940.56
1546221940.59
1546221940.63
1546221940.66
1546221940.69
1546221940.73
1546221940.76
1546221940.8
1546221940.83
1546221940.86
1546221940.89
1546221940.93
1546221940.96
1546221940.99
1546221941.03
1546221941.06
1546221941.1
1546221941.13
1546221941.16
1546221941.19
1546221941.23
1546221941.26
1546221941.29
1546221941.33
1546221941.36
1546221941.39
1546221941.43
1546221941.46
1546221941.49
1546221941.53
1546221941.56
1546221941.59
1546221941.63
1546221941.66
1546221941.69
1546221941.73
1546221941.76
1546221941.79
1546221941.83
1546221941.86
1546221941.89
1546221941.93
1546221941.96
1546221941.99
1546221942.03
1546221942.06
1546221942.09
1546221942.13
1546221942.16
1546221942.19
1546221942.23
1546221942.26
1546221942.29
1546221942.33
1546221942.36
1546221942.39
1546221942.43
1546221942.46
1546221942.49
1546221942.53
1546221942.56
1546221942.59
1546221942.63
1546221942.66
1546221942.69
1546221942.73
1546221942.76
1546221942.79
1546221942.83
1546221942.86
1546221942.89
1546221942.92
1546221942.96
1546221942.99
1546221943.02
1546221943.06
1546221943.09
1546221943.12
1546221943.16
1546221943.19
1546221943.22
1546221943.26
1546221943.29
1546221943.33
1546221943.36
1546221943.39
1546221943.42
1546221943.46
1546221943.49
1546221943.53
1546221943.56
1546221943.59
1546221943.62
1546221943.66
1546221943.69
1546221943.72
1546221943.76
1546221943.79
1546221943.83
1546221943.86
1546221943.89
1546221943.92
1546221943.96
1546221943.99
1546221944.02
1546221944.06
1546221944.09
1546221944.12
1546221944.16
1546221944.19
1546221944.22
1546221944.26
1546221944.29
1546221944.33
1546221944.36
1546221944.39
1546221944.42
1546221944.46
1546221944.49
1546221944.53
1546221944.56
1546221944.59
1546221944.62
1546221944.66
1546221944.69
1546221944.72
1546221944.76
1546221944.79
1546221944.82
1546221944.86
1546221944.89
1546221944.92
1546221944.96
1546221944.99
1546221945.03
1546221945.06
1546221945.09
1546221945.12
1546221945.16
1546221945.19
1546221945.22
1546221945.26
1546221945.29
1546221945.32
1546221945.36
1546221945.39
1546221945.42
1546221945.46
1546221945.49
1546221945.53
1546221945.56
1546221945.59
1546221945.62
1546221945.66
1546221945.69
1546221945.72
1546221945.76
1546221945.79
1546221945.82
1546221945.86
1546221945.89
1546221945.92
1546221945.96
1546221945.99
1546221946.02
1546221946.06
1546221946.09
1546221946.12
1546221946.16
1546221946.19
1546221946.22
1546221946.26
1546221946.29
1546221946.32
1546221946.36
1546221946.39
1546221946.42
1546221946.46
1546221946.49
1546221946.52
1546221946.56
1546221946.59
1546221946.62
1546221946.66
1546221946.69
1546221946.72
1546221946.76
1546221946.79
1546221946.82
1546221946.86
1546221946.89
1546221946.92
1546221946.96
1546221946.99
1546221947.02
1546221947.06
1546221947.09
1546221947.12
1546221947.16
1546221947.19
1546221947.22
1546221947.26
1546221947.29
1546221947.32
1546221947.36
1546221947.39
1546221947.42
1546221947.46
1546221947.49
1546221947.52
1546221947.56
1546221947.59
1546221947.62
1546221947.66
1546221947.69
1546221947.72
1546221947.76
1546221947.79
1546221947.82
1546221947.86
1546221947.89
1546221947.92
1546221947.96
1546221947.99
1546221948.02
1546221948.06
1546221948.09
1546221948.12
1546221948.15
1546221948.19
1546221948.22
1546221948.26
1546221948.29
1546221948.32
1546221948.36
1546221948.39
1546221948.42
1546221948.46
1546221948.49
1546221948.52
1546221948.56
1546221948.59
1546221948.62
1546221948.66
1546221948.69
1546221948.72
1546221948.76
1546221948.79
1546221948.82
1546221948.86
1546221948.89
1546221948.92
1546221948.95
1546221948.99
1546221949.02
1546221949.06
1546221949.09
1546221949.12
1546221949.16
1546221949.19
1546221949.22
1546221949.26
1546221949.29
1546221949.32
1546221949.36
1546221949.39
1546221949.42
1546221949.46
1546221949.49
1546221949.52
1546221949.56
1546221949.59
1546221949.62
1546221949.66
1546221949.69
1546221949.72
1546221949.76
1546221949.79
1546221949.82
1546221949.86
1546221949.89
1546221949.92
1546221949.95
1546221949.99
1546221950.02
1546221950.06
1546221950.09
1546221950.12
1546221950.15
1546221950.19
1546221950.22
1546221950.26
1546221950.29
1546221950.32
1546221950.36
1546221950.39
1546221950.42
1546221950.45
1546221950.49
1546221950.52
1546221950.56
1546221950.59
1546221950.62
1546221950.66
1546221950.69
1546221950.72
1546221950.76
1546221950.79
1546221950.82
1546221950.86
1546221950.89
1546221950.92
1546221950.96
1546221950.99
1546221951.02
1546221951.06
1546221951.09
1546221951.12
1546221951.15
1546221951.19
1546221951.22
1546221951.26
1546221951.29
1546221951.32
1546221951.36
1546221951.39
1546221951.42
1546221951.45
1546221951.49
1546221951.52
1546221951.55
1546221951.59
1546221951.62
1546221951.66
1546221951.69
1546221951.72
1546221951.76
1546221951.79
1546221951.82
1546221951.86
1546221951.89
1546221951.92
1546221951.95
1546221951.99
1546221952.02
1546221952.06
1546221952.09
1546221952.12
1546221952.16
1546221952.19
1546221952.22
1546221952.26
1546221952.29
1546221952.32
1546221952.36
1546221952.39
1546221952.42
1546221952.45
1546221952.49
1546221952.52
1546221952.55
1546221952.59
1546221952.62
1546221952.65
1546221952.69
1546221952.72
1546221952.76
1546221952.79
1546221952.82
1546221952.85
1546221952.89
1546221952.92
1546221952.95
1546221952.99
1546221953.02
1546221953.05
1546221953.09
1546221953.12
1546221953.15
1546221953.19
1546221953.22
1546221953.25
1546221953.29
1546221953.32
1546221953.35
1546221953.39
1546221953.42
1546221953.45
1546221953.49
1546221953.52
1546221953.55
1546221953.59
1546221953.62
1546221953.65
1546221953.69
1546221953.72
1546221953.75
1546221953.79
1546221953.82
1546221953.85
1546221953.89
1546221953.92
1546221953.95
1546221953.99
1546221954.02
1546221954.05
1546221954.09
1546221954.12
1546221954.15
1546221954.19
1546221954.22
1546221954.25
1546221954.29
1546221954.32
1546221954.35
1546221954.39
1546221954.42
1546221954.45
1546221954.49
1546221954.52
1546221954.55
1546221954.59
1546221954.62
1546221954.65
1546221954.69
1546221954.72
1546221954.75
1546221954.79
1546221954.82
1546221954.85
1546221954.89
1546221954.92
1546221954.95
1546221954.99
1546221955.02
1546221955.05
1546221955.09
1546221955.12
1546221955.15
1546221955.19
1546221955.22
1546221955.25
1546221955.29
1546221955.32
1546221955.35
1546221955.39
1546221955.42
1546221955.45
1546221955.49
1546221955.52
1546221955.56
1546221955.59
1546221955.62
1546221955.65
1546221955.69
1546221955.72
1546221955.76
1546221955.79
1546221955.82
1546221955.85
1546221955.89
1546221955.92
1546221955.95
1546221955.99
1546221956.02
1546221956.06
1546221956.09
1546221956.12
1546221956.15
1546221956.19
1546221956.22
1546221956.26
1546221956.29
1546221956.32
1546221956.36
1546221956.39
1546221956.42
1546221956.46
1546221956.49
1546221956.52
1546221956.56
1546221956.59
1546221956.62
1546221956.66
1546221956.69
1546221956.72
1546221956.76
1546221956.79
1546221956.82
1546221956.86
1546221956.89
1546221956.92
1546221956.96
1546221956.99
1546221957.02
1546221957.06
1546221957.09
1546221957.12
1546221957.16
1546221957.19
1546221957.22
1546221957.26
1546221957.29
1546221957.32
1546221957.36
1546221957.39
1546221957.42
1546221957.46
1546221957.49
1546221957.52
1546221957.56
1546221957.59
1546221957.62
1546221957.66
1546221957.69
1546221957.72
1546221957.76
1546221957.79
1546221957.82
1546221957.86
1546221957.89
1546221957.92
1546221957.96
1546221957.99
1546221958.02
1546221958.06
1546221958.09
1546221958.12
1546221958.16
1546221958.19
1546221958.22
1546221958.26
1546221958.29
1546221958.32
1546221958.36
1546221958.39
1546221958.42
1546221958.46
1546221958.49
1546221958.52
1546221958.56
1546221958.59
1546221958.62
1546221958.66
1546221958.69
1546221958.72
1546221958.76
1546221958.79
1546221958.82
1546221958.86
1546221958.89
1546221958.92
1546221958.96
1546221958.99
1546221959.03
1546221959.06
1546221959.09
1546221959.12
1546221959.16
1546221959.19
1546221959.23
1546221959.26
1546221959.29
1546221959.33
1546221959.36
1546221959.39
1546221959.43
1546221959.46
1546221959.49
1546221959.53
1546221959.56
1546221959.59
1546221959.63
1546221959.66
1546221959.69
1546221959.73
1546221959.76
1546221959.79
1546221959.83
1546221959.86
1546221959.89
1546221959.93
1546221959.96
1546221959.99
1546221960.03
1546221960.06
1546221960.09
1546221960.13
1546221960.16
1546221960.19
1546221960.23
1546221960.26
1546221960.29
1546221960.33
1546221960.36
1546221960.39
1546221960.43
1546221960.46
1546221960.49
1546221960.53
1546221960.56
1546221960.6
1546221960.63
1546221960.66
1546221960.69
1546221960.73
1546221960.76
1546221960.8
1546221960.83
1546221960.86
1546221960.9
1546221960.92
1546221960.96
1546221960.99
1546221961.02
1546221961.06
1546221961.09
1546221961.12
1546221961.16
1546221961.19
1546221961.22
1546221961.26
1546221961.29
1546221961.32
1546221961.36
1546221961.39
1546221961.42
1546221961.45
1546221961.49
1546221961.52
1546221961.56
1546221961.59
1546221961.62
1546221961.65
1546221961.69
1546221961.72
1546221961.76
1546221961.79
1546221961.82
1546221961.86
1546221961.89
1546221961.92
1546221961.96
1546221961.99
1546221962.02
1546221962.06
1546221962.09
1546221962.12
1546221962.16
1546221962.19
1546221962.22
1546221962.26
1546221962.29
1546221962.32
1546221962.36
1546221962.39
1546221962.42
1546221962.46
1546221962.49
1546221962.52
1546221962.56
1546221962.59
1546221962.62
1546221962.66
1546221962.69
1546221962.72
1546221962.76
1546221962.79
1546221962.82
1546221962.86
1546221962.89
1546221962.92
1546221962.96
1546221962.99
1546221963.02
1546221963.06
1546221963.09
1546221963.12
1546221963.16
1546221963.19
1546221963.22
1546221963.26
1546221963.29
1546221963.32
1546221963.36
1546221963.39
1546221963.42
1546221963.46
1546221963.49
1546221963.52
1546221963.56
1546221963.59
1546221963.62
1546221963.65
1546221963.69
1546221963.72
1546221963.76
1546221963.79
1546221963.82
1546221963.86
1546221963.89
1546221963.92
1546221963.95
1546221963.99
1546221964.02
1546221964.05
1546221964.09
1546221964.12
1546221964.15
1546221964.19
1546221964.22
1546221964.26
1546221964.29
1546221964.32
1546221964.36
1546221964.39
1546221964.42
1546221964.45
1546221964.49
1546221964.52
1546221964.55
1546221964.59
1546221964.62
1546221964.65
1546221964.69
1546221964.72
1546221964.75
1546221964.79
1546221964.82
1546221964.86
1546221964.89
1546221964.92
1546221964.95
1546221964.99
1546221965.02
1546221965.05
1546221965.09
1546221965.12
1546221965.15
1546221965.19
1546221965.22
1546221965.25
1546221965.29
1546221965.32
1546221965.35
1546221965.39
1546221965.42
1546221965.45
1546221965.49
1546221965.52
1546221965.55
1546221965.59
1546221965.62
1546221965.65
1546221965.69
1546221965.72
1546221965.75
1546221965.79
1546221965.82
1546221965.85
1546221965.89
1546221965.92
1546221965.95
1546221965.98
1546221966.02
1546221966.05
1546221966.09
1546221966.12
1546221966.15
1546221966.19
1546221966.22
1546221966.25
1546221966.29
1546221966.32
1546221966.35
1546221966.38
1546221966.42
1546221966.45
1546221966.48
1546221966.52
1546221966.55
1546221966.58
1546221966.62
1546221966.65
1546221966.68
1546221966.72
1546221966.75
1546221966.78
1546221966.82
1546221966.85
1546221966.88
1546221966.92
1546221966.95
1546221966.98
1546221967.02
1546221967.05
1546221967.09
1546221967.12
1546221967.15
1546221967.18
1546221967.22
1546221967.25
1546221967.29
1546221967.32
1546221967.35
1546221967.38
1546221967.42
1546221967.45
1546221967.48
1546221967.52
1546221967.55
1546221967.59
1546221967.62
1546221967.65
1546221967.68
1546221967.72
1546221967.75
1546221967.78
1546221967.82
1546221967.85
1546221967.88
1546221967.92
1546221967.95
1546221967.98
1546221968.02
1546221968.05
1546221968.09
1546221968.12
1546221968.15
1546221968.18
1546221968.22
1546221968.25
1546221968.29
1546221968.32
1546221968.35
1546221968.38
1546221968.42
1546221968.45
1546221968.48
1546221968.52
1546221968.55
1546221968.59
1546221968.62
1546221968.65
1546221968.68
1546221968.72
1546221968.75
1546221968.79
1546221968.82
1546221968.85
1546221968.89
1546221968.92
1546221968.95
1546221968.98
1546221969.02
1546221969.05
1546221969.09
1546221969.12
1546221969.15
1546221969.19
1546221969.22
1546221969.25
1546221969.29
1546221969.32
1546221969.35
1546221969.39
1546221969.42
1546221969.45
1546221969.49
1546221969.52
1546221969.55
1546221969.59
1546221969.62
1546221969.65
1546221969.69
1546221969.72
1546221969.75
1546221969.79
1546221969.82
1546221969.85
1546221969.89
1546221969.92
1546221969.95
1546221969.99
1546221970.02
1546221970.05
1546221970.09
1546221970.12
1546221970.15
1546221970.19
1546221970.22
1546221970.25
1546221970.29
1546221970.32
1546221970.35
1546221970.39
1546221970.42
1546221970.45
1546221970.49
1546221970.52
1546221970.55
1546221970.59
1546221970.62
1546221970.65
1546221970.69
1546221970.72
1546221970.75
1546221970.79
1546221970.82
1546221970.85
1546221970.89
1546221970.92
1546221970.95
1546221970.99
1546221971.02
1546221971.05
1546221971.09
1546221971.12
1546221971.15
1546221971.19
1546221971.22
1546221971.25
1546221971.29
1546221971.32
1546221971.35
1546221971.39
1546221971.42
1546221971.45
1546221971.49
1546221971.52
1546221971.55
1546221971.59
1546221971.62
1546221971.65
1546221971.69
1546221971.72
1546221971.75
1546221971.79
1546221971.82
1546221971.85
1546221971.88
1546221971.92
1546221971.95
1546221971.99
1546221972.02
1546221972.05
1546221972.09
1546221972.12
1546221972.15
1546221972.18
1546221972.22
1546221972.25
1546221972.29
1546221972.32
1546221972.35
1546221972.38
1546221972.42
1546221972.45
1546221972.48
1546221972.52
1546221972.55
1546221972.59
1546221972.62
1546221972.65
1546221972.68
1546221972.72
1546221972.75
1546221972.78
1546221972.82
1546221972.85
1546221972.88
1546221972.92
1546221972.95
1546221972.98
1546221973.02
1546221973.05
1546221973.08
1546221973.12
1546221973.15
1546221973.18
1546221973.22
1546221973.25
1546221973.28
1546221973.32
1546221973.35
1546221973.38
1546221973.42
1546221973.45
1546221973.48
1546221973.52
1546221973.55
1546221973.58
1546221973.62
1546221973.65
1546221973.69
1546221973.72
1546221973.75
1546221973.79
1546221973.82
1546221973.85
1546221973.88
1546221973.92
1546221973.95
1546221973.98
1546221974.02
1546221974.05
1546221974.09
1546221974.12
1546221974.15
1546221974.19
1546221974.22
1546221974.25
1546221974.29
1546221974.32
1546221974.35
1546221974.39
1546221974.42
1546221974.45
1546221974.49
1546221974.52
1546221974.55
1546221974.59
1546221974.62
1546221974.65
1546221974.69
1546221974.72
1546221974.75
1546221974.79
1546221974.82
1546221974.85
1546221974.89
1546221974.92
1546221974.95
1546221974.99
1546221975.02
1546221975.05
1546221975.09
1546221975.12
1546221975.15
1546221975.19
1546221975.22
1546221975.25
1546221975.29
1546221975.32
1546221975.35
1546221975.39
1546221975.42
1546221975.45
1546221975.49
1546221975.52
1546221975.55
1546221975.59
1546221975.62
1546221975.65
1546221975.69
1546221975.72
1546221975.75
1546221975.79
1546221975.82
1546221975.85
1546221975.89
1546221975.92
1546221975.95
1546221975.99
1546221976.02
1546221976.05
1546221976.09
1546221976.12
1546221976.15
1546221976.19
1546221976.22
1546221976.25
1546221976.29
1546221976.32
1546221976.35
1546221976.39
1546221976.42
1546221976.45
1546221976.49
1546221976.52
1546221976.55
1546221976.59
1546221976.62
1546221976.65
1546221976.69
1546221976.72
1546221976.75
1546221976.79
1546221976.82
1546221976.85
1546221976.89
1546221976.92
1546221976.95
1546221976.99
1546221977.02
1546221977.05
1546221977.09
1546221977.12
1546221977.15
1546221977.18
1546221977.22
1546221977.25
1546221977.29
1546221977.32
1546221977.35
1546221977.38
1546221977.42
1546221977.45
1546221977.49
1546221977.52
1546221977.55
1546221977.59
1546221977.62
1546221977.65
1546221977.68
1546221977.72
1546221977.75
1546221977.79
1546221977.82
1546221977.85
1546221977.88
1546221977.92
1546221977.95
1546221977.98
1546221978.02
1546221978.05
1546221978.09
1546221978.12
1546221978.15
1546221978.18
1546221978.22
1546221978.25
1546221978.29
1546221978.32
1546221978.35
1546221978.39
1546221978.42
1546221978.45
1546221978.48
1546221978.52
1546221978.55
1546221978.59
1546221978.62
1546221978.65
1546221978.68
1546221978.72
1546221978.75
1546221978.79
1546221978.82
1546221978.85
1546221978.88
1546221978.92
1546221978.95
1546221978.98
1546221979.02
1546221979.05
1546221979.09
1546221979.12
1546221979.15
1546221979.18
1546221979.22
1546221979.25
1546221979.29
1546221979.32
1546221979.35
1546221979.38
1546221979.42
1546221979.45
1546221979.48
1546221979.52
1546221979.55
1546221979.58
1546221979.62
1546221979.65
1546221979.68
1546221979.72
1546221979.75
1546221979.78
1546221979.82
1546221979.85
1546221979.88
1546221979.92
1546221979.95
1546221979.98
1546221980.02
1546221980.05
1546221980.08
1546221980.12
1546221980.15
1546221980.18
1546221980.22
1546221980.25
1546221980.28
1546221980.32
1546221980.35
1546221980.38
1546221980.42
1546221980.45
1546221980.48
1546221980.52
1546221980.55
1546221980.59
1546221980.62
1546221980.65
1546221980.68
1546221980.72
1546221980.75
1546221980.79
1546221980.82
1546221980.85
1546221980.88
1546221980.92
1546221980.95
1546221980.98
1546221981.02
1546221981.05
1546221981.09
1546221981.12
1546221981.15
1546221981.18
1546221981.22
1546221981.25
1546221981.29
1546221981.32
1546221981.35
1546221981.39
1546221981.42
1546221981.45
1546221981.49
1546221981.52
1546221981.55
1546221981.59
1546221981.62
1546221981.65
1546221981.68
1546221981.72
1546221981.75
1546221981.79
1546221981.82
1546221981.85
1546221981.88
1546221981.92
1546221981.95
1546221981.98
1546221982.02
1546221982.05
1546221982.09
1546221982.12
1546221982.15
1546221982.19
1546221982.22
1546221982.25
1546221982.29
1546221982.32
1546221982.35
1546221982.39
1546221982.42
1546221982.45
1546221982.49
1546221982.52
1546221982.55
1546221982.59
1546221982.62
1546221982.65
1546221982.69
1546221982.72
1546221982.75
1546221982.79
1546221982.82
1546221982.85
1546221982.89
1546221982.92
1546221982.95
1546221982.99
1546221983.02
1546221983.05
1546221983.09
1546221983.12
1546221983.15
1546221983.19
1546221983.22
1546221983.25
1546221983.29
1546221983.32
1546221983.35
1546221983.39
1546221983.42
1546221983.45
1546221983.49
1546221983.52
1546221983.56
1546221983.59
1546221983.62
1546221983.65
1546221983.69
1546221983.72
1546221983.76
1546221983.79
1546221983.82
1546221983.86
1546221983.89
1546221983.92
1546221983.96
1546221983.99
1546221984.02
1546221984.06
1546221984.09
1546221984.12
1546221984.16
1546221984.19
1546221984.22
1546221984.26
1546221984.29
1546221984.32
1546221984.36
1546221984.39
1546221984.42
1546221984.46
1546221984.49
1546221984.52
1546221984.56
1546221984.59
1546221984.62
1546221984.66
1546221984.69
1546221984.72
1546221984.76
1546221984.79
1546221984.82
1546221984.86
1546221984.89
1546221984.92
1546221984.96
1546221984.99
1546221985.02
1546221985.06
1546221985.09
1546221985.12
1546221985.16
1546221985.19
1546221985.22
1546221985.25
1546221985.28
1546221985.32
1546221985.35
1546221985.38
1546221985.42
1546221985.45
1546221985.48
1546221985.52
1546221985.55
1546221985.58
1546221985.62
1546221985.65
1546221985.68
1546221985.72
1546221985.75
1546221985.78
1546221985.82
1546221985.85
1546221985.88
1546221985.91
1546221985.95
1546221985.98
1546221986.02
1546221986.05
1546221986.08
1546221986.12
1546221986.15
1546221986.18
1546221986.21
1546221986.25
1546221986.28
1546221986.32
1546221986.35
1546221986.38
1546221986.42
1546221986.45
1546221986.48
1546221986.52
1546221986.55
1546221986.58
1546221986.62
1546221986.65
1546221986.68
1546221986.72
1546221986.75
1546221986.78
1546221986.82
1546221986.85
1546221986.88
1546221986.92
1546221986.95
1546221986.98
1546221987.02
1546221987.05
1546221987.08
1546221987.12
1546221987.15
1546221987.18
1546221987.22
1546221987.25
1546221987.28
1546221987.32
1546221987.35
1546221987.38
1546221987.42
1546221987.45
1546221987.48
1546221987.52
1546221987.55
1546221987.58
1546221987.62
1546221987.65
1546221987.68
1546221987.72
1546221987.75
1546221987.78
1546221987.82
1546221987.85
1546221987.88
1546221987.92
1546221987.95
1546221987.98
1546221988.02
1546221988.05
1546221988.08
1546221988.12
1546221988.15
1546221988.18
1546221988.22
1546221988.25
1546221988.28
1546221988.32
1546221988.35
1546221988.38
1546221988.42
1546221988.45
1546221988.48
1546221988.52
1546221988.55
1546221988.58
1546221988.62
1546221988.65
1546221988.68
1546221988.72
1546221988.75
1546221988.78
1546221988.82
1546221988.85
1546221988.88
1546221988.92
1546221988.95
1546221988.98
1546221989.02
1546221989.05
1546221989.08
1546221989.12
1546221989.15
1546221989.18
1546221989.21
1546221989.25
1546221989.28
1546221989.32
1546221989.35
1546221989.38
1546221989.42
1546221989.45
1546221989.48
1546221989.52
1546221989.55
1546221989.58
1546221989.62
1546221989.65
1546221989.68
1546221989.72
1546221989.75
1546221989.78
1546221989.82
1546221989.85
1546221989.88
1546221989.92
1546221989.95
1546221989.98
1546221990.02
1546221990.05
1546221990.08
1546221990.12
1546221990.15
1546221990.18
1546221990.22
1546221990.25
1546221990.28
1546221990.32
1546221990.35
1546221990.38
1546221990.42
1546221990.45
1546221990.48
1546221990.52
1546221990.55
1546221990.58
1546221990.62
1546221990.65
1546221990.68
1546221990.72
1546221990.75
1546221990.78
1546221990.82
1546221990.85
1546221990.88
1546221990.91
1546221990.95
1546221990.98
1546221991.02
1546221991.05
1546221991.08
1546221991.12
1546221991.15
1546221991.18
1546221991.22
1546221991.25
1546221991.28
1546221991.32
1546221991.35
1546221991.38
1546221991.41
1546221991.45
1546221991.48
1546221991.52
1546221991.55
1546221991.58
1546221991.62
1546221991.65
1546221991.68
1546221991.71
1546221991.75
1546221991.78
1546221991.82
1546221991.85
1546221991.88
1546221991.91
1546221991.95
1546221991.98
1546221992.02
1546221992.05
1546221992.08
1546221992.11
1546221992.15
1546221992.18
1546221992.21
1546221992.25
1546221992.28
1546221992.31
1546221992.35
1546221992.38
1546221992.41
1546221992.45
1546221992.48
1546221992.52
1546221992.55
1546221992.58
1546221992.62
1546221992.65
1546221992.68
1546221992.71
1546221992.75
1546221992.78
1546221992.82
1546221992.85
1546221992.88
1546221992.91
1546221992.95
1546221992.98
1546221993.02
1546221993.05
1546221993.08
1546221993.12
1546221993.15
1546221993.18
1546221993.21
1546221993.25
1546221993.28
1546221993.32
1546221993.35
1546221993.38
1546221993.42
1546221993.45
1546221993.48
1546221993.52
1546221993.55
1546221993.58
1546221993.62
1546221993.65
1546221993.68
1546221993.72
1546221993.75
1546221993.78
1546221993.82
1546221993.85
1546221993.88
1546221993.92
1546221993.95
1546221993.98
1546221994.02
1546221994.05
1546221994.08
1546221994.12
1546221994.15
1546221994.18
1546221994.21
1546221994.25
1546221994.28
1546221994.32
1546221994.35
1546221994.38
1546221994.41
1546221994.45
1546221994.48
1546221994.52
1546221994.55
1546221994.58
1546221994.62
1546221994.65
1546221994.68
1546221994.72
1546221994.75
1546221994.78
1546221994.82
1546221994.85
1546221994.88
1546221994.92
1546221994.95
1546221994.98
1546221995.02
1546221995.05
1546221995.08
1546221995.12
1546221995.15
1546221995.18
1546221995.22
1546221995.25
1546221995.28
1546221995.32
1546221995.35
1546221995.38
1546221995.42
1546221995.45
1546221995.48
1546221995.52
1546221995.55
1546221995.58
1546221995.62
1546221995.65
1546221995.68
1546221995.71
1546221995.75
1546221995.78
1546221995.82
1546221995.85
1546221995.88
1546221995.91
1546221995.95
1546221995.98
1546221996.02
1546221996.05
1546221996.08
1546221996.12
1546221996.15
1546221996.18
1546221996.21
1546221996.25
1546221996.28
1546221996.32
1546221996.35
1546221996.38
1546221996.42
1546221996.45
1546221996.48
1546221996.51
1546221996.55
1546221996.58
1546221996.62
1546221996.65
1546221996.68
1546221996.71
1546221996.75
1546221996.78
1546221996.82
1546221996.85
1546221996.88
1546221996.91
1546221996.95
1546221996.98
1546221997.02
1546221997.05
1546221997.08
1546221997.12
1546221997.15
1546221997.18
1546221997.21
1546221997.25
1546221997.28
1546221997.32
1546221997.35
1546221997.38
1546221997.41
1546221997.45
1546221997.48
1546221997.51
1546221997.55
1546221997.58
1546221997.61
1546221997.65
1546221997.68
1546221997.71
1546221997.75
1546221997.78
1546221997.81
1546221997.85
1546221997.88
1546221997.91
1546221997.94
1546221997.98
1546221998.01
1546221998.05
1546221998.08
1546221998.11
1546221998.15
1546221998.18
1546221998.21
1546221998.25
1546221998.28
1546221998.31
1546221998.35
1546221998.38
1546221998.41
1546221998.44
1546221998.48
1546221998.51
1546221998.55
1546221998.58
1546221998.61
1546221998.64
1546221998.68
1546221998.71
1546221998.74
1546221998.78
1546221998.81
1546221998.85
1546221998.88
1546221998.91
1546221998.94
1546221998.98
1546221999.01
1546221999.05
1546221999.08
1546221999.11
1546221999.14
1546221999.18
1546221999.21
1546221999.24
1546221999.28
1546221999.31
1546221999.35
1546221999.38
1546221999.41
1546221999.44
1546221999.48
1546221999.51
1546221999.55
1546221999.58
1546221999.61
1546221999.64
1546221999.68
1546221999.71
1546221999.74
1546221999.78
1546221999.81
1546221999.85
1546221999.88
1546221999.91
1546221999.94
1546221999.98
1546222000.01
1546222000.04
1546222000.08
1546222000.11
1546222000.14
1546222000.18
1546222000.21
1546222000.24
1546222000.28
1546222000.31
1546222000.34
1546222000.38
1546222000.41
1546222000.44
1546222000.48
1546222000.51
1546222000.54
1546222000.58
1546222000.61
1546222000.64
1546222000.68
1546222000.71
1546222000.74
1546222000.78
1546222000.81
1546222000.85
1546222000.88
1546222000.91
1546222000.94
1546222000.98
1546222001.01
1546222001.04
1546222001.08
1546222001.11
1546222001.14
1546222001.18
1546222001.21
1546222001.24
1546222001.28
1546222001.31
1546222001.34
1546222001.38
1546222001.41
1546222001.44
1546222001.48
1546222001.51
1546222001.54
1546222001.58
1546222001.61
1546222001.64
1546222001.68
1546222001.71
1546222001.74
1546222001.78
1546222001.81
1546222001.84
1546222001.88
1546222001.91
1546222001.94
1546222001.98
1546222002.01
1546222002.04
1546222002.08
1546222002.11
1546222002.14
1546222002.17
1546222002.21
1546222002.24
1546222002.28
1546222002.31
1546222002.34
1546222002.38
1546222002.41
1546222002.44
1546222002.47
1546222002.51
1546222002.54
1546222002.58
1546222002.61
1546222002.64
1546222002.67
1546222002.71
1546222002.74
1546222002.78
1546222002.81
1546222002.84
1546222002.88
1546222002.91
1546222002.94
1546222002.97
1546222003.01
1546222003.04
1546222003.08
1546222003.11
1546222003.14
1546222003.17
1546222003.21
1546222003.24
1546222003.27
1546222003.31
1546222003.34
1546222003.37
1546222003.41
1546222003.44
1546222003.47
1546222003.51
1546222003.54
1546222003.57
1546222003.61
1546222003.64
1546222003.67
1546222003.71
1546222003.74
1546222003.77
1546222003.81
1546222003.84
1546222003.87
1546222003.91
1546222003.94
1546222003.97
1546222004.01
1546222004.04
1546222004.07
1546222004.11
1546222004.14
1546222004.17
1546222004.21
1546222004.24
1546222004.27
1546222004.31
1546222004.34
1546222004.37
1546222004.41
1546222004.44
1546222004.47
1546222004.51
1546222004.54
1546222004.57
1546222004.61
1546222004.64
1546222004.67
1546222004.71
1546222004.74
1546222004.78
1546222004.81
1546222004.84
1546222004.88
1546222004.91
1546222004.94
1546222004.97
1546222005.01
1546222005.04
1546222005.08
1546222005.11
1546222005.14
1546222005.17
1546222005.21
1546222005.24
1546222005.28
1546222005.31
1546222005.34
1546222005.38
1546222005.41
1546222005.44
1546222005.47
1546222005.51
1546222005.54
1546222005.58
1546222005.61
1546222005.64
1546222005.68
1546222005.71
1546222005.74
1546222005.78
1546222005.81
1546222005.84
1546222005.88
1546222005.91
1546222005.94
1546222005.97
1546222006.01
1546222006.04
1546222006.08
1546222006.11
1546222006.14
1546222006.18
1546222006.21
1546222006.24
1546222006.28
1546222006.31
1546222006.34
1546222006.38
1546222006.41
1546222006.44
1546222006.48
1546222006.51
1546222006.54
1546222006.58
1546222006.61
1546222006.64
1546222006.68
1546222006.71
1546222006.74
1546222006.78
1546222006.81
1546222006.84
1546222006.88
1546222006.91
1546222006.94
1546222006.98
1546222007.01
1546222007.04
1546222007.08
1546222007.11
1546222007.14
1546222007.18
1546222007.21
1546222007.24
1546222007.28
1546222007.31
1546222007.35
1546222007.38
1546222007.41
1546222007.44
1546222007.48
1546222007.51
1546222007.55
1546222007.58
1546222007.61
1546222007.64
1546222007.68
1546222007.71
1546222007.75
1546222007.78
1546222007.81
1546222007.85
1546222007.88
1546222007.91
1546222007.94
1546222007.98
1546222008.01
1546222008.05
1546222008.08
1546222008.11
1546222008.14
1546222008.18
1546222008.21
1546222008.24
1546222008.28
1546222008.31
1546222008.35
1546222008.38
1546222008.41
1546222008.45
1546222008.48
1546222008.51
1546222008.55
1546222008.58
1546222008.61
1546222008.65
1546222008.68
1546222008.71
1546222008.75
1546222008.78
1546222008.81
1546222008.85
1546222008.88
1546222008.91
1546222008.95
1546222008.98
1546222009.01
1546222009.05
1546222009.08
1546222009.11
1546222009.15
1546222009.18
1546222009.21
1546222009.25
1546222009.27
1546222009.31
1546222009.34
1546222009.37
1546222009.4
1546222009.44
1546222009.47
1546222009.51
1546222009.54
1546222009.57
1546222009.61
1546222009.64
1546222009.67
1546222009.7
1546222009.74
1546222009.77
1546222009.8
1546222009.84
1546222009.87
1546222009.9
1546222009.94
1546222009.97
1546222010.0
1546222010.04
1546222010.07
1546222010.1
1546222010.14
1546222010.17
1546222010.2
1546222010.24
1546222010.27
1546222010.31
1546222010.34
1546222010.37
1546222010.4
1546222010.44
1546222010.47
1546222010.51
1546222010.54
1546222010.57
1546222010.61
1546222010.64
1546222010.67
1546222010.71
1546222010.74
1546222010.77
1546222010.81
1546222010.84
1546222010.87
1546222010.91
1546222010.94
1546222010.97
1546222011.01
1546222011.04
1546222011.07
1546222011.11
1546222011.14
1546222011.17
1546222011.2
1546222011.24
1546222011.27
1546222011.31
1546222011.34
1546222011.37
1546222011.4
1546222011.44
1546222011.47
1546222011.51
1546222011.54
1546222011.57
1546222011.61
1546222011.64
1546222011.67
1546222011.7
1546222011.74
1546222011.77
1546222011.8
1546222011.84
1546222011.87
1546222011.91
1546222011.94
1546222011.97
1546222012.01
1546222012.04
1546222012.07
1546222012.11
1546222012.14
1546222012.17
1546222012.2
1546222012.24
1546222012.27
1546222012.31
1546222012.34
1546222012.37
1546222012.4
1546222012.44
1546222012.47
1546222012.5
1546222012.54
1546222012.57
1546222012.61
1546222012.64
1546222012.67
1546222012.7
1546222012.74
1546222012.77
1546222012.8
1546222012.84
1546222012.87
1546222012.9
1546222012.94
1546222012.97
1546222013.01
1546222013.04
1546222013.07
1546222013.11
1546222013.14
1546222013.17
1546222013.2
1546222013.24
1546222013.27
1546222013.3
1546222013.34
1546222013.37
1546222013.4
1546222013.44
1546222013.47
1546222013.5
1546222013.54
1546222013.57
1546222013.61
1546222013.64
1546222013.67
1546222013.7
1546222013.74
1546222013.77
1546222013.8
1546222013.84
1546222013.87
1546222013.9
1546222013.94
1546222013.97
1546222014.0
1546222014.04
1546222014.07
1546222014.1
1546222014.14
1546222014.17
1546222014.2
1546222014.24
1546222014.27
1546222014.31
1546222014.34
1546222014.37
1546222014.4
1546222014.44
1546222014.47
1546222014.5
1546222014.54
1546222014.57
1546222014.6
1546222014.64
1546222014.67
1546222014.7
1546222014.74
1546222014.77
1546222014.8
1546222014.84
1546222014.87
1546222014.9
1546222014.93
1546222014.97
1546222015.0
1546222015.04
1546222015.07
1546222015.1
1546222015.14
1546222015.17
1546222015.2
1546222015.24
1546222015.27
1546222015.3
1546222015.34
1546222015.37
1546222015.4
1546222015.43
1546222015.47
1546222015.5
1546222015.54
1546222015.57
1546222015.6
1546222015.64
1546222015.67
1546222015.7
1546222015.74
1546222015.77
1546222015.8
1546222015.84
1546222015.87
1546222015.9
1546222015.94
1546222015.97
1546222016.0
1546222016.04
1546222016.07
1546222016.1
1546222016.14
1546222016.17
1546222016.2
1546222016.24
1546222016.27
1546222016.3
1546222016.34
1546222016.37
1546222016.4
1546222016.44
1546222016.47
1546222016.5
1546222016.54
1546222016.57
1546222016.6
1546222016.63
1546222016.67
1546222016.7
1546222016.74
1546222016.77
1546222016.8
1546222016.84
1546222016.87
1546222016.9
1546222016.93
1546222016.97
1546222017.0
1546222017.04
1546222017.07
1546222017.1
1546222017.13
1546222017.17
1546222017.2
1546222017.24
1546222017.27
1546222017.3
1546222017.34
1546222017.37
1546222017.4
1546222017.44
1546222017.47
1546222017.5
1546222017.54
1546222017.57
1546222017.6
1546222017.64
1546222017.67
1546222017.7
1546222017.74
1546222017.77
1546222017.8
1546222017.84
1546222017.87
1546222017.9
1546222017.94
1546222017.97
1546222018.0
1546222018.04
1546222018.07
1546222018.1
1546222018.14
1546222018.17
1546222018.2
1546222018.24
1546222018.27
1546222018.3
1546222018.34
1546222018.37
1546222018.4
1546222018.44
1546222018.47
1546222018.5
1546222018.54
1546222018.57
1546222018.6
1546222018.64
1546222018.67
1546222018.7
1546222018.74
1546222018.77
1546222018.8
1546222018.84
1546222018.87
1546222018.9
1546222018.94
1546222018.97
1546222019.0
1546222019.04
1546222019.07
1546222019.1
1546222019.14
1546222019.17
1546222019.2
1546222019.24
1546222019.27
1546222019.3
1546222019.34
1546222019.37
1546222019.4
1546222019.43
1546222019.47
1546222019.5
1546222019.54
1546222019.57
1546222019.6
1546222019.63
1546222019.67
1546222019.7
1546222019.73
1546222019.77
1546222019.8
1546222019.84
1546222019.87
1546222019.9
1546222019.94
1546222019.97
1546222020.0
1546222020.04
1546222020.07
1546222020.1
1546222020.14
1546222020.17
1546222020.2
1546222020.24
1546222020.27
1546222020.3
1546222020.34
1546222020.37
1546222020.4
1546222020.43
1546222020.47
1546222020.5
1546222020.54
1546222020.57
1546222020.6
1546222020.63
1546222020.67
1546222020.7
1546222020.73
1546222020.77
1546222020.8
1546222020.84
1546222020.87
1546222020.9
1546222020.94
1546222020.97
1546222021.0
1546222021.04
1546222021.07
1546222021.1
1546222021.14
1546222021.17
1546222021.2
1546222021.24
1546222021.27
1546222021.3
1546222021.34
1546222021.37
1546222021.4
1546222021.44
1546222021.47
1546222021.5
1546222021.54
1546222021.57
1546222021.61
1546222021.64
1546222021.67
1546222021.7
1546222021.74
1546222021.77
1546222021.8
1546222021.84
1546222021.87
1546222021.9
1546222021.94
1546222021.97
1546222022.0
1546222022.04
1546222022.07
1546222022.11
1546222022.14
1546222022.17
1546222022.2
1546222022.24
1546222022.27
1546222022.3
1546222022.34
1546222022.37
1546222022.4
1546222022.44
1546222022.47
1546222022.5
1546222022.54
1546222022.57
1546222022.61
1546222022.64
1546222022.67
1546222022.71
1546222022.74
1546222022.77
1546222022.81
1546222022.84
1546222022.87
1546222022.9
1546222022.94
1546222022.97
1546222023.01
1546222023.04
1546222023.07
1546222023.1
1546222023.14
1546222023.17
1546222023.2
1546222023.24
1546222023.27
1546222023.3
1546222023.34
1546222023.37
1546222023.4
1546222023.44
1546222023.47
1546222023.5
1546222023.54
1546222023.57
1546222023.6
1546222023.64
1546222023.67
1546222023.7
1546222023.74
1546222023.77
1546222023.8
1546222023.84
1546222023.87
1546222023.9
1546222023.94
1546222023.97
1546222024.0
1546222024.04
1546222024.07
1546222024.1
1546222024.14
1546222024.17
1546222024.2
1546222024.24
1546222024.27
1546222024.3
1546222024.34
1546222024.37
1546222024.4
1546222024.44
1546222024.47
1546222024.5
1546222024.54
1546222024.57
1546222024.6
1546222024.63
1546222024.67
1546222024.7
1546222024.73
1546222024.77
1546222024.8
1546222024.84
1546222024.87
1546222024.9
1546222024.93
1546222024.97
1546222025.0
1546222025.04
1546222025.07
1546222025.1
1546222025.13
1546222025.17
1546222025.2
1546222025.23
1546222025.27
1546222025.3
1546222025.34
1546222025.37
1546222025.4
1546222025.43
1546222025.47
1546222025.5
1546222025.53
1546222025.57
1546222025.6
1546222025.63
1546222025.67
1546222025.7
1546222025.73
1546222025.77
1546222025.8
1546222025.84
1546222025.87
1546222025.9
1546222025.93
1546222025.97
1546222026.0
1546222026.03
1546222026.07
1546222026.1
1546222026.13
1546222026.17
1546222026.2
1546222026.23
1546222026.27
1546222026.3
1546222026.33
1546222026.37
1546222026.4
1546222026.43
1546222026.47
1546222026.5
1546222026.54
1546222026.57
1546222026.6
1546222026.63
1546222026.67
1546222026.7
1546222026.73
1546222026.77
1546222026.8
1546222026.84
1546222026.87
1546222026.9
1546222026.93
1546222026.97
1546222027.0
1546222027.04
1546222027.07
1546222027.1
1546222027.14
1546222027.17
1546222027.2
1546222027.23
1546222027.27
1546222027.3
1546222027.33
1546222027.37
1546222027.4
1546222027.43
1546222027.47
1546222027.5
1546222027.54
1546222027.57
1546222027.6
1546222027.63
1546222027.67
1546222027.7
1546222027.73
1546222027.77
1546222027.8
1546222027.84
1546222027.87
1546222027.9
1546222027.93
1546222027.97
1546222028.0
1546222028.03
1546222028.07
1546222028.1
1546222028.13
1546222028.17
1546222028.2
1546222028.23
1546222028.27
1546222028.3
1546222028.33
1546222028.37
1546222028.4
1546222028.43
1546222028.47
1546222028.5
1546222028.54
1546222028.57
1546222028.6
1546222028.63
1546222028.67
1546222028.7
1546222028.73
1546222028.77
1546222028.8
1546222028.84
1546222028.87
1546222028.9
1546222028.93
1546222028.97
1546222029.0
1546222029.04
1546222029.07
1546222029.1
1546222029.13
1546222029.17
1546222029.2
1546222029.24
1546222029.27
1546222029.3
1546222029.34
1546222029.37
1546222029.4
1546222029.43
1546222029.47
1546222029.5
1546222029.54
1546222029.57
1546222029.6
1546222029.63
1546222029.67
1546222029.7
1546222029.73
1546222029.77
1546222029.8
1546222029.84
1546222029.87
1546222029.9
1546222029.94
1546222029.97
1546222030.0
1546222030.04
1546222030.07
1546222030.1
1546222030.14
1546222030.17
1546222030.2
1546222030.24
1546222030.27
1546222030.3
1546222030.34
1546222030.37
1546222030.4
1546222030.44
1546222030.47
1546222030.5
1546222030.54
1546222030.57
1546222030.6
1546222030.64
1546222030.67
1546222030.7
1546222030.74
1546222030.77
1546222030.8
1546222030.84
1546222030.87
1546222030.9
1546222030.94
1546222030.97
1546222031.01
1546222031.04
1546222031.07
1546222031.11
1546222031.14
1546222031.17
1546222031.2
1546222031.24
1546222031.27
1546222031.31
1546222031.34
1546222031.37
1546222031.4
1546222031.44
1546222031.47
1546222031.51
1546222031.54
1546222031.57
1546222031.61
1546222031.64
1546222031.67
1546222031.71
1546222031.74
1546222031.77
1546222031.81
1546222031.84
1546222031.87
1546222031.9
1546222031.94
1546222031.97
1546222032.01
1546222032.04
1546222032.07
1546222032.11
1546222032.14
1546222032.17
1546222032.21
1546222032.24
1546222032.27
1546222032.31
1546222032.34
1546222032.37
1546222032.41
1546222032.44
1546222032.47
1546222032.51
1546222032.54
1546222032.57
1546222032.61
1546222032.64
1546222032.67
1546222032.71
1546222032.74
1546222032.77
1546222032.81
1546222032.84
1546222032.87
1546222032.91
1546222032.94
1546222032.97
1546222033.01
1546222033.04
1546222033.07
1546222033.11
1546222033.14
1546222033.17
1546222033.21
1546222033.24
1546222033.27
1546222033.3
1546222033.33
1546222033.37
1546222033.4
1546222033.43
1546222033.47
1546222033.5
1546222033.53
1546222033.57
1546222033.6
1546222033.63
1546222033.67
1546222033.7
1546222033.73
1546222033.77
1546222033.8
1546222033.83
1546222033.87
1546222033.9
1546222033.93
1546222033.97
1546222034.0
1546222034.03
1546222034.07
1546222034.1
1546222034.13
1546222034.17
1546222034.2
1546222034.23
1546222034.27
1546222034.3
1546222034.33
1546222034.37
1546222034.4
1546222034.43
1546222034.47
1546222034.5
1546222034.53
1546222034.57
1546222034.6
1546222034.63
1546222034.67
1546222034.7
1546222034.73
1546222034.77
1546222034.8
1546222034.83
1546222034.87
1546222034.9
1546222034.93
1546222034.97
1546222035.0
1546222035.03
1546222035.07
1546222035.1
1546222035.13
1546222035.17
1546222035.2
1546222035.23
1546222035.27
1546222035.3
1546222035.33
1546222035.37
1546222035.4
1546222035.43
1546222035.46
1546222035.5
1546222035.53
1546222035.57
1546222035.6
1546222035.63
1546222035.67
1546222035.7
1546222035.73
1546222035.77
1546222035.8
1546222035.83
1546222035.86
1546222035.9
1546222035.93
1546222035.96
1546222036.0
1546222036.03
1546222036.07
1546222036.1
1546222036.13
1546222036.16
1546222036.2
1546222036.23
1546222036.26
1546222036.3
1546222036.33
1546222036.36
1546222036.4
1546222036.43
1546222036.46
1546222036.5
1546222036.53
1546222036.56
1546222036.6
1546222036.63
1546222036.66
1546222036.7
1546222036.73
1546222036.76
1546222036.8
1546222036.83
1546222036.86
1546222036.9
1546222036.93
1546222036.96
1546222037.0
1546222037.03
1546222037.06
1546222037.1
1546222037.13
1546222037.16
1546222037.19
1546222037.23
1546222037.26
1546222037.3
1546222037.33
1546222037.36
1546222037.4
1546222037.43
1546222037.46
1546222037.5
1546222037.53
1546222037.56
1546222037.6
1546222037.63
1546222037.66
1546222037.7
1546222037.73
1546222037.76
1546222037.8
1546222037.83
1546222037.86
1546222037.89
1546222037.93
1546222037.96
1546222037.99
1546222038.03
1546222038.06
1546222038.09
1546222038.13
1546222038.16
1546222038.19
1546222038.23
1546222038.26
1546222038.3
1546222038.33
1546222038.36
1546222038.39
1546222038.43
1546222038.46
1546222038.49
1546222038.53
1546222038.56
1546222038.6
1546222038.63
1546222038.66
1546222038.7
1546222038.73
1546222038.76
1546222038.8
1546222038.83
1546222038.86
1546222038.89
1546222038.93
1546222038.96
1546222038.99
1546222039.03
1546222039.06
1546222039.1
1546222039.13
1546222039.16
1546222039.2
1546222039.23
1546222039.26
1546222039.3
1546222039.33
1546222039.36
1546222039.4
1546222039.43
1546222039.46
1546222039.5
1546222039.53
1546222039.56
1546222039.6
1546222039.63
1546222039.66
1546222039.7
1546222039.73
1546222039.76
1546222039.8
1546222039.83
1546222039.86
1546222039.9
1546222039.93
1546222039.96
1546222040.0
1546222040.03
1546222040.06
1546222040.1
1546222040.13
1546222040.16
1546222040.2
1546222040.23
1546222040.26
1546222040.3
1546222040.33
1546222040.36
1546222040.4
1546222040.43
1546222040.46
1546222040.5
1546222040.53
1546222040.56
1546222040.6
1546222040.63
1546222040.66
1546222040.69
1546222040.73
1546222040.76
1546222040.8
1546222040.83
1546222040.86
1546222040.9
1546222040.93
1546222040.96
1546222041.0
1546222041.03
1546222041.06
1546222041.1
1546222041.13
1546222041.16
1546222041.2
1546222041.23
1546222041.26
1546222041.3
1546222041.33
1546222041.36
1546222041.4
1546222041.43
1546222041.46
1546222041.5
1546222041.53
1546222041.56
1546222041.6
1546222041.63
1546222041.66
1546222041.7
1546222041.73
1546222041.76
1546222041.8
1546222041.83
1546222041.86
1546222041.9
1546222041.93
1546222041.96
1546222042.0
1546222042.03
1546222042.06
1546222042.1
1546222042.13
1546222042.16
1546222042.2
1546222042.23
1546222042.26
1546222042.3
1546222042.33
1546222042.36
1546222042.4
1546222042.43
1546222042.46
1546222042.5
1546222042.53
1546222042.56
1546222042.6
1546222042.63
1546222042.66
1546222042.69
1546222042.73
1546222042.76
1546222042.8
1546222042.83
1546222042.86
1546222042.9
1546222042.93
1546222042.96
1546222042.99
1546222043.03
1546222043.06
1546222043.1
1546222043.13
1546222043.16
1546222043.19
1546222043.23
1546222043.26
1546222043.3
1546222043.33
1546222043.36
1546222043.39
1546222043.43
1546222043.46
1546222043.49
1546222043.53
1546222043.56
1546222043.6
1546222043.63
1546222043.66
1546222043.69
1546222043.73
1546222043.76
1546222043.79
1546222043.83
1546222043.86
1546222043.89
1546222043.93
1546222043.96
1546222043.99
1546222044.03
1546222044.06
1546222044.09
1546222044.13
1546222044.16
1546222044.19
1546222044.23
1546222044.26
1546222044.29
1546222044.33
1546222044.36
1546222044.39
1546222044.43
1546222044.46
1546222044.49
1546222044.53
1546222044.56
1546222044.59
1546222044.63
1546222044.66
1546222044.69
1546222044.73
1546222044.76
1546222044.79
1546222044.83
1546222044.86
1546222044.89
1546222044.93
1546222044.96
1546222044.99
1546222045.03
1546222045.06
1546222045.09
1546222045.12
1546222045.16
1546222045.19
1546222045.23
