1546148339.32
1546148339.45
1546148339.49
1546148339.52
1546148339.56
1546148339.59
1546148339.62
1546148339.65
1546148339.68
1546148339.71
1546148339.74
1546148339.78
1546148339.81
1546148339.84
1546148339.87
1546148339.91
1546148339.94
1546148339.97
1546148340.01
1546148340.04
1546148340.08
1546148340.11
1546148340.14
1546148340.17
1546148340.21
1546148340.24
1546148340.27
1546148340.31
1546148340.34
1546148340.38
1546148340.41
1546148340.44
1546148340.47
1546148340.51
1546148340.54
1546148340.58
1546148340.61
1546148340.64
1546148340.67
1546148340.71
1546148340.74
1546148340.77
1546148340.81
1546148340.84
1546148340.88
1546148340.91
1546148340.94
1546148340.97
1546148341.01
1546148341.04
1546148341.07
1546148341.11
1546148341.14
1546148341.17
1546148341.21
1546148341.24
1546148341.27
1546148341.31
1546148341.34
1546148341.37
1546148341.41
1546148341.44
1546148341.47
1546148341.51
1546148341.54
1546148341.57
1546148341.61
1546148341.64
1546148341.67
1546148341.71
1546148341.74
1546148341.77
1546148341.81
1546148341.84
1546148341.87
1546148341.91
1546148341.94
1546148341.97
1546148342.01
1546148342.04
1546148342.07
1546148342.11
1546148342.14
1546148342.17
1546148342.21
1546148342.24
1546148342.27
1546148342.31
1546148342.34
1546148342.37
1546148342.4
1546148342.44
1546148342.47
1546148342.5
1546148342.54
1546148342.57
1546148342.61
1546148342.64
1546148342.67
1546148342.7
1546148342.74
1546148342.77
1546148342.81
1546148342.84
1546148342.87
1546148342.9
1546148342.94
1546148342.97
1546148343.0
1546148343.04
1546148343.07
1546148343.1
1546148343.14
1546148343.17
1546148343.2
1546148343.24
1546148343.27
1546148343.31
1546148343.34
1546148343.37
1546148343.4
1546148343.44
1546148343.47
1546148343.5
1546148343.54
1546148343.57
1546148343.6
1546148343.64
1546148343.67
1546148343.7
1546148343.74
1546148343.77
1546148343.8
1546148343.84
1546148343.87
1546148343.9
1546148343.94
1546148343.97
1546148344.0
1546148344.04
1546148344.07
1546148344.1
1546148344.14
1546148344.17
1546148344.2
1546148344.24
1546148344.27
1546148344.3
1546148344.34
1546148344.37
1546148344.4
1546148344.44
1546148344.47
1546148344.5
1546148344.54
1546148344.57
1546148344.6
1546148344.64
1546148344.67
1546148344.7
1546148344.74
1546148344.77
1546148344.8
1546148344.84
1546148344.87
1546148344.9
1546148344.94
1546148344.97
1546148345.0
1546148345.04
1546148345.07
1546148345.1
1546148345.14
1546148345.17
1546148345.2
1546148345.24
1546148345.27
1546148345.3
1546148345.34
1546148345.37
1546148345.4
1546148345.43
1546148345.47
1546148345.5
1546148345.54
1546148345.57
1546148345.6
1546148345.64
1546148345.67
1546148345.7
1546148345.74
1546148345.77
1546148345.8
1546148345.84
1546148345.87
1546148345.9
1546148345.94
1546148345.97
1546148346.0
1546148346.04
1546148346.07
1546148346.1
1546148346.14
1546148346.17
1546148346.2
1546148346.24
1546148346.27
1546148346.3
1546148346.34
1546148346.37
1546148346.4
1546148346.44
1546148346.47
1546148346.5
1546148346.54
1546148346.57
1546148346.6
1546148346.64
1546148346.67
1546148346.7
1546148346.74
1546148346.77
1546148346.8
1546148346.84
1546148346.87
1546148346.9
1546148346.94
1546148346.97
1546148347.0
1546148347.04
1546148347.07
1546148347.1
1546148347.14
1546148347.17
1546148347.2
1546148347.24
1546148347.27
1546148347.31
1546148347.34
1546148347.37
1546148347.4
1546148347.44
1546148347.47
1546148347.5
1546148347.54
1546148347.57
1546148347.6
1546148347.64
1546148347.67
1546148347.7
1546148347.74
1546148347.77
1546148347.8
1546148347.84
1546148347.87
1546148347.9
1546148347.94
1546148347.97
1546148348.01
1546148348.04
1546148348.07
1546148348.1
1546148348.14
1546148348.17
1546148348.2
1546148348.24
1546148348.27
1546148348.31
1546148348.34
1546148348.37
1546148348.4
1546148348.44
1546148348.47
1546148348.5
1546148348.54
1546148348.57
1546148348.6
1546148348.64
1546148348.67
1546148348.7
1546148348.74
1546148348.77
1546148348.8
1546148348.84
1546148348.87
1546148348.9
1546148348.94
1546148348.97
1546148349.0
1546148349.04
1546148349.07
1546148349.1
1546148349.14
1546148349.17
1546148349.2
1546148349.24
1546148349.27
1546148349.3
1546148349.34
1546148349.37
1546148349.4
1546148349.44
1546148349.47
1546148349.5
1546148349.54
1546148349.57
1546148349.61
1546148349.64
1546148349.67
1546148349.7
1546148349.74
1546148349.77
1546148349.8
1546148349.84
1546148349.87
1546148349.9
1546148349.94
1546148349.97
1546148350.01
1546148350.04
1546148350.07
1546148350.11
1546148350.14
1546148350.17
1546148350.2
1546148350.24
1546148350.27
1546148350.31
1546148350.34
1546148350.37
1546148350.4
1546148350.44
1546148350.47
1546148350.51
1546148350.54
1546148350.57
1546148350.61
1546148350.64
1546148350.67
1546148350.7
1546148350.74
1546148350.77
1546148350.81
1546148350.84
1546148350.87
1546148350.91
1546148350.94
1546148350.97
1546148351.01
1546148351.04
1546148351.07
1546148351.11
1546148351.14
1546148351.17
1546148351.21
1546148351.24
1546148351.27
1546148351.31
1546148351.34
1546148351.37
1546148351.41
1546148351.44
1546148351.47
1546148351.51
1546148351.54
1546148351.57
1546148351.61
1546148351.64
1546148351.67
1546148351.71
1546148351.74
1546148351.77
1546148351.81
1546148351.84
1546148351.87
1546148351.91
1546148351.94
1546148351.97
1546148352.01
1546148352.04
1546148352.07
1546148352.11
1546148352.14
1546148352.17
1546148352.2
1546148352.23
1546148352.27
1546148352.3
1546148352.33
1546148352.37
1546148352.4
1546148352.43
1546148352.46
1546148352.5
1546148352.53
1546148352.57
1546148352.6
1546148352.63
1546148352.67
1546148352.7
1546148352.73
1546148352.77
1546148352.8
1546148352.83
1546148352.87
1546148352.9
1546148352.93
1546148352.96
1546148353.0
1546148353.03
1546148353.07
1546148353.1
1546148353.13
1546148353.16
1546148353.2
1546148353.23
1546148353.27
1546148353.3
1546148353.33
1546148353.37
1546148353.4
1546148353.43
1546148353.47
1546148353.5
1546148353.53
1546148353.57
1546148353.6
1546148353.63
1546148353.66
1546148353.7
1546148353.73
1546148353.77
1546148353.8
1546148353.83
1546148353.87
1546148353.9
1546148353.93
1546148353.96
1546148354.0
1546148354.03
1546148354.07
1546148354.1
1546148354.13
1546148354.17
1546148354.2
1546148354.23
1546148354.27
1546148354.3
1546148354.33
1546148354.36
1546148354.4
1546148354.43
1546148354.46
1546148354.5
1546148354.53
1546148354.57
1546148354.6
1546148354.63
1546148354.66
1546148354.7
1546148354.73
1546148354.77
1546148354.8
1546148354.83
1546148354.86
1546148354.9
1546148354.93
1546148354.96
1546148355.0
1546148355.03
1546148355.06
1546148355.1
1546148355.13
1546148355.16
1546148355.2
1546148355.23
1546148355.26
1546148355.3
1546148355.33
1546148355.36
1546148355.4
1546148355.43
1546148355.46
1546148355.5
1546148355.53
1546148355.56
1546148355.6
1546148355.63
1546148355.66
1546148355.7
1546148355.73
1546148355.76
1546148355.8
1546148355.83
1546148355.86
1546148355.9
1546148355.93
1546148355.96
1546148356.0
1546148356.03
1546148356.06
1546148356.1
1546148356.13
1546148356.16
1546148356.2
1546148356.23
1546148356.26
1546148356.3
1546148356.33
1546148356.36
1546148356.39
1546148356.43
1546148356.46
1546148356.5
1546148356.53
1546148356.56
1546148356.6
1546148356.63
1546148356.66
1546148356.69
1546148356.73
1546148356.76
1546148356.8
1546148356.83
1546148356.86
1546148356.9
1546148356.93
1546148356.96
1546148357.0
1546148357.03
1546148357.06
1546148357.1
1546148357.13
1546148357.16
1546148357.2
1546148357.23
1546148357.26
1546148357.3
1546148357.33
1546148357.36
1546148357.4
1546148357.43
1546148357.46
1546148357.5
1546148357.53
1546148357.56
1546148357.6
1546148357.63
1546148357.66
1546148357.7
1546148357.73
1546148357.76
1546148357.8
1546148357.83
1546148357.86
1546148357.9
1546148357.93
1546148357.96
1546148358.0
1546148358.03
1546148358.06
1546148358.1
1546148358.13
1546148358.16
1546148358.2
1546148358.23
1546148358.27
1546148358.3
1546148358.33
1546148358.36
1546148358.4
1546148358.43
1546148358.46
1546148358.5
1546148358.53
1546148358.56
1546148358.6
1546148358.63
1546148358.66
1546148358.7
1546148358.73
1546148358.76
1546148358.8
1546148358.83
1546148358.87
1546148358.9
1546148358.93
1546148358.96
1546148359.0
1546148359.03
1546148359.07
1546148359.1
1546148359.13
1546148359.16
1546148359.2
1546148359.23
1546148359.26
1546148359.3
1546148359.33
1546148359.37
1546148359.4
1546148359.43
1546148359.46
1546148359.5
1546148359.53
1546148359.57
1546148359.6
1546148359.63
1546148359.66
1546148359.7
1546148359.73
1546148359.77
1546148359.8
1546148359.83
1546148359.87
1546148359.9
1546148359.93
1546148359.97
1546148360.0
1546148360.03
1546148360.07
1546148360.1
1546148360.13
1546148360.16
1546148360.2
1546148360.23
1546148360.27
1546148360.3
1546148360.33
1546148360.37
1546148360.4
1546148360.43
1546148360.46
1546148360.5
1546148360.53
1546148360.57
1546148360.6
1546148360.63
1546148360.66
1546148360.7
1546148360.73
1546148360.77
1546148360.8
1546148360.83
1546148360.87
1546148360.9
1546148360.93
1546148360.96
1546148361.0
1546148361.03
1546148361.07
1546148361.1
1546148361.13
1546148361.16
1546148361.2
1546148361.23
1546148361.27
1546148361.3
1546148361.33
1546148361.37
1546148361.4
1546148361.43
1546148361.46
1546148361.5
1546148361.53
1546148361.57
1546148361.6
1546148361.63
1546148361.67
1546148361.7
1546148361.73
1546148361.76
1546148361.8
1546148361.83
1546148361.87
1546148361.9
1546148361.93
1546148361.96
1546148362.0
1546148362.03
1546148362.07
1546148362.1
1546148362.13
1546148362.16
1546148362.2
1546148362.23
1546148362.27
1546148362.3
1546148362.33
1546148362.37
1546148362.4
1546148362.43
1546148362.46
1546148362.5
1546148362.53
1546148362.57
1546148362.6
1546148362.63
1546148362.66
1546148362.7
1546148362.73
1546148362.77
1546148362.8
1546148362.83
1546148362.87
1546148362.9
1546148362.93
1546148362.96
1546148363.0
1546148363.03
1546148363.07
1546148363.1
1546148363.13
1546148363.16
1546148363.2
1546148363.23
1546148363.27
1546148363.3
1546148363.33
1546148363.37
1546148363.4
1546148363.43
1546148363.47
1546148363.5
1546148363.53
1546148363.57
1546148363.6
1546148363.63
1546148363.66
1546148363.7
1546148363.73
1546148363.77
1546148363.8
1546148363.83
1546148363.87
1546148363.9
1546148363.93
1546148363.97
1546148364.0
1546148364.03
1546148364.07
1546148364.1
1546148364.13
1546148364.17
1546148364.2
1546148364.23
1546148364.27
1546148364.3
1546148364.33
1546148364.37
1546148364.4
1546148364.43
1546148364.46
1546148364.5
1546148364.53
1546148364.57
1546148364.6
1546148364.63
1546148364.67
1546148364.7
1546148364.73
1546148364.77
1546148364.8
1546148364.83
1546148364.87
1546148364.9
1546148364.93
1546148364.96
1546148365.0
1546148365.03
1546148365.07
1546148365.1
1546148365.13
1546148365.16
1546148365.2
1546148365.23
1546148365.27
1546148365.3
1546148365.33
1546148365.36
1546148365.4
1546148365.43
1546148365.46
1546148365.5
1546148365.53
1546148365.57
1546148365.6
1546148365.63
1546148365.67
1546148365.7
1546148365.73
1546148365.77
1546148365.8
1546148365.83
1546148365.87
1546148365.9
1546148365.93
1546148365.96
1546148366.0
1546148366.03
1546148366.06
1546148366.1
1546148366.13
1546148366.16
1546148366.2
1546148366.23
1546148366.27
1546148366.3
1546148366.33
1546148366.37
1546148366.4
1546148366.43
1546148366.46
1546148366.5
1546148366.53
1546148366.57
1546148366.6
1546148366.63
1546148366.66
1546148366.7
1546148366.73
1546148366.77
1546148366.8
1546148366.83
1546148366.86
1546148366.9
1546148366.93
1546148366.96
1546148367.0
1546148367.03
1546148367.07
1546148367.1
1546148367.13
1546148367.16
1546148367.2
1546148367.23
1546148367.27
1546148367.3
1546148367.33
1546148367.37
1546148367.4
1546148367.43
1546148367.46
1546148367.5
1546148367.53
1546148367.57
1546148367.6
1546148367.63
1546148367.66
1546148367.7
1546148367.73
1546148367.77
1546148367.8
1546148367.83
1546148367.87
1546148367.9
1546148367.93
1546148367.96
1546148368.0
1546148368.03
1546148368.07
1546148368.1
1546148368.13
1546148368.17
1546148368.2
1546148368.23
1546148368.27
1546148368.3
1546148368.33
1546148368.37
1546148368.4
1546148368.43
1546148368.47
1546148368.5
1546148368.53
1546148368.57
1546148368.6
1546148368.63
1546148368.67
1546148368.7
1546148368.73
1546148368.77
1546148368.8
1546148368.83
1546148368.87
1546148368.9
1546148368.93
1546148368.97
1546148369.0
1546148369.03
1546148369.07
1546148369.1
1546148369.13
1546148369.17
1546148369.2
1546148369.23
1546148369.27
1546148369.3
1546148369.33
1546148369.37
1546148369.4
1546148369.43
1546148369.47
1546148369.5
1546148369.53
1546148369.57
1546148369.6
1546148369.63
1546148369.67
1546148369.7
1546148369.73
1546148369.77
1546148369.8
1546148369.83
1546148369.87
1546148369.9
1546148369.93
1546148369.97
1546148370.0
1546148370.03
1546148370.07
1546148370.1
1546148370.13
1546148370.17
1546148370.2
1546148370.23
1546148370.27
1546148370.3
1546148370.34
1546148370.37
1546148370.4
1546148370.43
1546148370.47
1546148370.5
1546148370.53
1546148370.57
1546148370.6
1546148370.63
1546148370.67
1546148370.7
1546148370.73
1546148370.77
1546148370.8
1546148370.83
1546148370.87
1546148370.9
1546148370.93
1546148370.96
1546148371.0
1546148371.03
1546148371.07
1546148371.1
1546148371.13
1546148371.17
1546148371.2
1546148371.23
1546148371.27
1546148371.3
1546148371.33
1546148371.37
1546148371.4
1546148371.43
1546148371.47
1546148371.5
1546148371.53
1546148371.57
1546148371.6
1546148371.63
1546148371.67
1546148371.7
1546148371.73
1546148371.77
1546148371.8
1546148371.83
1546148371.87
1546148371.9
1546148371.93
1546148371.96
1546148372.0
1546148372.03
1546148372.07
1546148372.1
1546148372.13
1546148372.16
1546148372.2
1546148372.23
1546148372.27
1546148372.3
1546148372.33
1546148372.37
1546148372.4
1546148372.43
1546148372.46
1546148372.5
1546148372.53
1546148372.57
1546148372.6
1546148372.63
1546148372.67
1546148372.7
1546148372.73
1546148372.77
1546148372.8
1546148372.83
1546148372.87
1546148372.9
1546148372.93
1546148372.97
1546148373.0
1546148373.03
1546148373.07
1546148373.1
1546148373.13
1546148373.17
1546148373.2
1546148373.23
1546148373.27
1546148373.3
1546148373.34
1546148373.37
1546148373.4
1546148373.43
1546148373.47
1546148373.5
1546148373.53
1546148373.57
1546148373.6
1546148373.63
1546148373.67
1546148373.7
1546148373.73
1546148373.77
1546148373.8
1546148373.83
1546148373.87
1546148373.9
1546148373.93
1546148373.97
1546148374.0
1546148374.04
1546148374.07
1546148374.1
1546148374.13
1546148374.17
1546148374.2
1546148374.23
1546148374.27
1546148374.3
1546148374.34
1546148374.37
1546148374.4
1546148374.44
1546148374.47
1546148374.5
1546148374.54
1546148374.57
1546148374.6
1546148374.63
1546148374.67
1546148374.7
1546148374.73
1546148374.77
1546148374.8
1546148374.84
1546148374.87
1546148374.9
1546148374.94
1546148374.97
1546148375.0
1546148375.04
1546148375.07
1546148375.1
1546148375.14
1546148375.17
1546148375.2
1546148375.24
1546148375.27
1546148375.3
1546148375.34
1546148375.37
1546148375.4
1546148375.44
1546148375.47
1546148375.5
1546148375.54
1546148375.57
1546148375.6
1546148375.64
1546148375.67
1546148375.7
1546148375.74
1546148375.77
1546148375.8
1546148375.84
1546148375.87
1546148375.9
1546148375.94
1546148375.97
1546148376.0
1546148376.04
1546148376.07
1546148376.1
1546148376.13
1546148376.16
1546148376.19
1546148376.23
1546148376.26
1546148376.3
1546148376.33
1546148376.36
1546148376.4
1546148376.43
1546148376.46
1546148376.5
1546148376.53
1546148376.56
1546148376.6
1546148376.63
1546148376.66
1546148376.7
1546148376.73
1546148376.76
1546148376.8
1546148376.83
1546148376.86
1546148376.9
1546148376.93
1546148376.96
1546148376.99
1546148377.03
1546148377.06
1546148377.1
1546148377.13
1546148377.16
1546148377.19
1546148377.23
1546148377.26
1546148377.29
1546148377.33
1546148377.36
1546148377.39
1546148377.43
1546148377.46
1546148377.49
1546148377.53
1546148377.56
1546148377.6
1546148377.63
1546148377.66
1546148377.69
1546148377.73
1546148377.76
1546148377.79
1546148377.83
1546148377.86
1546148377.89
1546148377.93
1546148377.96
1546148377.99
1546148378.03
1546148378.06
1546148378.09
1546148378.13
1546148378.16
1546148378.19
1546148378.23
1546148378.26
1546148378.3
1546148378.33
1546148378.36
1546148378.39
1546148378.43
1546148378.46
1546148378.49
1546148378.53
1546148378.56
1546148378.6
1546148378.63
1546148378.66
1546148378.69
1546148378.73
1546148378.76
1546148378.79
1546148378.83
1546148378.86
1546148378.89
1546148378.93
1546148378.96
1546148378.99
1546148379.03
1546148379.06
1546148379.09
1546148379.13
1546148379.16
1546148379.19
1546148379.23
1546148379.26
1546148379.29
1546148379.33
1546148379.36
1546148379.39
1546148379.43
1546148379.46
1546148379.49
1546148379.53
1546148379.56
1546148379.59
1546148379.63
1546148379.66
1546148379.69
1546148379.73
1546148379.76
1546148379.79
1546148379.83
1546148379.86
1546148379.89
1546148379.93
1546148379.96
1546148379.99
1546148380.03
1546148380.06
1546148380.1
1546148380.13
1546148380.16
1546148380.19
1546148380.23
1546148380.26
1546148380.29
1546148380.33
1546148380.36
1546148380.39
1546148380.43
1546148380.46
1546148380.49
1546148380.53
1546148380.56
1546148380.59
1546148380.63
1546148380.66
1546148380.69
1546148380.73
1546148380.76
1546148380.8
1546148380.83
1546148380.86
1546148380.89
1546148380.93
1546148380.96
1546148380.99
1546148381.03
1546148381.06
1546148381.09
1546148381.13
1546148381.16
1546148381.19
1546148381.23
1546148381.26
1546148381.29
1546148381.33
1546148381.36
1546148381.39
1546148381.43
1546148381.46
1546148381.49
1546148381.53
1546148381.56
1546148381.59
1546148381.63
1546148381.66
1546148381.69
1546148381.73
1546148381.76
1546148381.79
1546148381.83
1546148381.86
1546148381.89
1546148381.93
1546148381.96
1546148381.99
1546148382.03
1546148382.06
1546148382.09
1546148382.13
1546148382.16
1546148382.19
1546148382.23
1546148382.26
1546148382.29
1546148382.33
1546148382.36
1546148382.39
1546148382.43
1546148382.46
1546148382.49
1546148382.53
1546148382.56
1546148382.59
1546148382.63
1546148382.66
1546148382.69
1546148382.73
1546148382.76
1546148382.79
1546148382.83
1546148382.86
1546148382.89
1546148382.93
1546148382.96
1546148382.99
1546148383.03
1546148383.06
1546148383.09
1546148383.13
1546148383.16
1546148383.19
1546148383.23
1546148383.26
1546148383.29
1546148383.33
1546148383.36
1546148383.39
1546148383.42
1546148383.46
1546148383.49
1546148383.53
1546148383.56
1546148383.59
1546148383.62
1546148383.66
1546148383.69
1546148383.72
1546148383.76
1546148383.79
1546148383.83
1546148383.86
1546148383.89
1546148383.92
1546148383.96
1546148383.99
1546148384.03
1546148384.06
1546148384.09
1546148384.12
1546148384.16
1546148384.19
1546148384.22
1546148384.26
1546148384.29
1546148384.33
1546148384.36
1546148384.39
1546148384.42
1546148384.46
1546148384.49
1546148384.52
1546148384.56
1546148384.59
1546148384.62
1546148384.66
1546148384.69
1546148384.72
1546148384.76
1546148384.79
1546148384.82
1546148384.86
1546148384.89
1546148384.92
1546148384.96
1546148384.99
1546148385.02
1546148385.06
1546148385.09
1546148385.12
1546148385.16
1546148385.19
1546148385.22
1546148385.26
1546148385.29
1546148385.32
1546148385.36
1546148385.39
1546148385.42
1546148385.46
1546148385.49
1546148385.52
1546148385.56
1546148385.59
1546148385.62
1546148385.66
1546148385.69
1546148385.72
1546148385.76
1546148385.79
1546148385.82
1546148385.86
1546148385.89
1546148385.92
1546148385.96
1546148385.99
1546148386.02
1546148386.06
1546148386.09
1546148386.12
1546148386.16
1546148386.19
1546148386.22
1546148386.26
1546148386.29
1546148386.32
1546148386.36
1546148386.39
1546148386.42
1546148386.45
1546148386.49
1546148386.52
1546148386.56
1546148386.59
1546148386.62
1546148386.66
1546148386.69
1546148386.72
1546148386.76
1546148386.79
1546148386.82
1546148386.86
1546148386.89
1546148386.92
1546148386.96
1546148386.99
1546148387.02
1546148387.06
1546148387.09
1546148387.12
1546148387.15
1546148387.19
1546148387.22
1546148387.26
1546148387.29
1546148387.32
1546148387.36
1546148387.39
1546148387.42
1546148387.45
1546148387.49
1546148387.52
1546148387.56
1546148387.59
1546148387.62
1546148387.65
1546148387.69
1546148387.72
1546148387.76
1546148387.79
1546148387.82
1546148387.86
1546148387.89
1546148387.92
1546148387.95
1546148387.99
1546148388.02
1546148388.06
1546148388.09
1546148388.12
1546148388.15
1546148388.19
1546148388.22
1546148388.26
1546148388.29
1546148388.32
1546148388.36
1546148388.39
1546148388.42
1546148388.45
1546148388.49
1546148388.52
1546148388.56
1546148388.59
1546148388.62
1546148388.66
1546148388.69
1546148388.72
1546148388.76
1546148388.79
1546148388.82
1546148388.86
1546148388.89
1546148388.92
1546148388.95
1546148388.99
1546148389.02
1546148389.06
1546148389.09
1546148389.12
1546148389.15
1546148389.19
1546148389.22
1546148389.26
1546148389.29
1546148389.32
1546148389.35
1546148389.39
1546148389.42
1546148389.45
1546148389.49
1546148389.52
1546148389.55
1546148389.59
1546148389.62
1546148389.65
1546148389.69
1546148389.72
1546148389.76
1546148389.79
1546148389.82
1546148389.86
1546148389.89
1546148389.92
1546148389.95
1546148389.99
1546148390.02
1546148390.06
1546148390.09
1546148390.12
1546148390.15
1546148390.19
1546148390.22
1546148390.26
1546148390.29
1546148390.32
1546148390.35
1546148390.39
1546148390.42
1546148390.45
1546148390.49
1546148390.52
1546148390.56
1546148390.59
1546148390.62
1546148390.65
1546148390.69
1546148390.72
1546148390.75
1546148390.79
1546148390.82
1546148390.85
1546148390.89
1546148390.92
1546148390.95
1546148390.99
1546148391.02
1546148391.05
1546148391.09
1546148391.12
1546148391.15
1546148391.19
1546148391.22
1546148391.25
1546148391.29
1546148391.32
1546148391.35
1546148391.39
1546148391.42
1546148391.45
1546148391.49
1546148391.52
1546148391.55
1546148391.59
1546148391.62
1546148391.65
1546148391.69
1546148391.72
1546148391.75
1546148391.79
1546148391.82
1546148391.85
1546148391.89
1546148391.92
1546148391.95
1546148391.99
1546148392.02
1546148392.05
1546148392.09
1546148392.12
1546148392.15
1546148392.19
1546148392.22
1546148392.25
1546148392.29
1546148392.32
1546148392.35
1546148392.39
1546148392.42
1546148392.45
1546148392.49
1546148392.52
1546148392.56
1546148392.59
1546148392.62
1546148392.65
1546148392.69
1546148392.72
1546148392.75
1546148392.79
1546148392.82
1546148392.85
1546148392.89
1546148392.92
1546148392.95
1546148392.99
1546148393.02
1546148393.06
1546148393.09
1546148393.12
1546148393.15
1546148393.19
1546148393.22
1546148393.26
1546148393.29
1546148393.32
1546148393.36
1546148393.39
1546148393.42
1546148393.45
1546148393.49
1546148393.52
1546148393.56
1546148393.59
1546148393.62
1546148393.65
1546148393.69
1546148393.72
1546148393.76
1546148393.79
1546148393.82
1546148393.86
1546148393.89
1546148393.92
1546148393.95
1546148393.99
1546148394.02
1546148394.06
1546148394.09
1546148394.12
1546148394.15
1546148394.19
1546148394.22
1546148394.26
1546148394.29
1546148394.32
1546148394.36
1546148394.39
1546148394.42
1546148394.46
1546148394.49
1546148394.52
1546148394.56
1546148394.59
1546148394.62
1546148394.66
1546148394.69
1546148394.72
1546148394.76
1546148394.79
1546148394.82
1546148394.86
1546148394.89
1546148394.92
1546148394.95
1546148394.99
1546148395.02
1546148395.06
1546148395.09
1546148395.12
1546148395.16
1546148395.19
1546148395.22
1546148395.26
1546148395.29
1546148395.32
1546148395.36
1546148395.39
1546148395.42
1546148395.46
1546148395.49
1546148395.52
1546148395.56
1546148395.59
1546148395.62
1546148395.66
1546148395.69
1546148395.72
1546148395.76
1546148395.79
1546148395.82
1546148395.86
1546148395.89
1546148395.92
1546148395.96
1546148395.99
1546148396.03
1546148396.06
1546148396.09
1546148396.12
1546148396.16
1546148396.19
1546148396.22
1546148396.26
1546148396.29
1546148396.32
1546148396.36
1546148396.39
1546148396.42
1546148396.46
1546148396.49
1546148396.52
1546148396.56
1546148396.59
1546148396.62
1546148396.66
1546148396.69
1546148396.72
1546148396.76
1546148396.79
1546148396.82
1546148396.86
1546148396.89
1546148396.92
1546148396.96
1546148396.99
1546148397.02
1546148397.06
1546148397.09
1546148397.12
1546148397.16
1546148397.19
1546148397.22
1546148397.26
1546148397.29
1546148397.32
1546148397.36
1546148397.39
1546148397.42
1546148397.46
1546148397.49
1546148397.52
1546148397.56
1546148397.59
1546148397.62
1546148397.66
1546148397.69
1546148397.72
1546148397.76
1546148397.79
1546148397.83
1546148397.86
1546148397.89
1546148397.93
1546148397.96
1546148397.99
1546148398.03
1546148398.06
1546148398.09
1546148398.13
1546148398.16
1546148398.19
1546148398.23
1546148398.26
1546148398.29
1546148398.33
1546148398.36
1546148398.39
1546148398.43
1546148398.46
1546148398.49
1546148398.53
1546148398.56
1546148398.59
1546148398.63
1546148398.66
1546148398.69
1546148398.73
1546148398.76
1546148398.79
1546148398.83
1546148398.86
1546148398.89
1546148398.93
1546148398.96
1546148398.99
1546148399.03
1546148399.06
1546148399.09
1546148399.13
1546148399.16
1546148399.19
1546148399.23
1546148399.26
1546148399.29
1546148399.33
1546148399.36
1546148399.39
1546148399.43
1546148399.46
1546148399.49
1546148399.53
1546148399.56
1546148399.59
1546148399.63
1546148399.66
1546148399.69
1546148399.73
1546148399.76
1546148399.79
1546148399.83
1546148399.86
1546148399.89
1546148399.92
1546148399.95
1546148399.99
1546148400.02
1546148400.05
1546148400.09
1546148400.12
1546148400.15
1546148400.19
1546148400.22
1546148400.25
1546148400.29
1546148400.32
1546148400.35
1546148400.39
1546148400.42
1546148400.45
1546148400.49
1546148400.52
1546148400.55
1546148400.59
1546148400.62
1546148400.65
1546148400.69
1546148400.72
1546148400.75
1546148400.79
1546148400.82
1546148400.85
1546148400.89
1546148400.92
1546148400.95
1546148400.99
1546148401.02
1546148401.05
1546148401.09
1546148401.12
1546148401.15
1546148401.19
1546148401.22
1546148401.25
1546148401.29
1546148401.32
1546148401.35
1546148401.39
1546148401.42
1546148401.45
1546148401.49
1546148401.52
1546148401.55
1546148401.59
1546148401.62
1546148401.65
1546148401.69
1546148401.72
1546148401.75
1546148401.79
1546148401.82
1546148401.85
1546148401.89
1546148401.92
1546148401.95
1546148401.99
1546148402.02
1546148402.05
1546148402.09
1546148402.12
1546148402.15
1546148402.18
1546148402.22
1546148402.25
1546148402.29
1546148402.32
1546148402.35
1546148402.39
1546148402.42
1546148402.45
1546148402.48
1546148402.52
1546148402.55
1546148402.59
1546148402.62
1546148402.65
1546148402.68
1546148402.72
1546148402.75
1546148402.79
1546148402.82
1546148402.85
1546148402.88
1546148402.92
1546148402.95
1546148402.98
1546148403.02
1546148403.05
1546148403.09
1546148403.12
1546148403.15
1546148403.18
1546148403.22
1546148403.25
1546148403.29
1546148403.32
1546148403.35
1546148403.38
1546148403.42
1546148403.45
1546148403.48
1546148403.52
1546148403.55
1546148403.58
1546148403.62
1546148403.65
1546148403.68
1546148403.72
1546148403.75
1546148403.78
1546148403.82
1546148403.85
1546148403.88
1546148403.92
1546148403.95
1546148403.98
1546148404.02
1546148404.05
1546148404.09
1546148404.12
1546148404.15
1546148404.18
1546148404.22
1546148404.25
1546148404.29
1546148404.32
1546148404.35
1546148404.38
1546148404.42
1546148404.45
1546148404.48
1546148404.52
1546148404.55
1546148404.59
1546148404.62
1546148404.65
1546148404.69
1546148404.72
1546148404.75
1546148404.79
1546148404.82
1546148404.85
1546148404.89
1546148404.92
1546148404.95
1546148404.99
1546148405.02
1546148405.05
1546148405.09
1546148405.12
1546148405.15
1546148405.18
1546148405.22
1546148405.25
1546148405.29
1546148405.32
1546148405.35
1546148405.38
1546148405.42
1546148405.45
1546148405.48
1546148405.52
1546148405.55
1546148405.58
1546148405.62
1546148405.65
1546148405.68
1546148405.72
1546148405.75
1546148405.78
1546148405.82
1546148405.85
1546148405.88
1546148405.92
1546148405.95
1546148405.98
1546148406.02
1546148406.05
1546148406.08
1546148406.12
1546148406.15
1546148406.18
1546148406.22
1546148406.25
1546148406.28
1546148406.32
1546148406.35
1546148406.38
1546148406.42
1546148406.45
1546148406.48
1546148406.52
1546148406.55
1546148406.58
1546148406.62
1546148406.65
1546148406.68
1546148406.72
1546148406.75
1546148406.78
1546148406.82
1546148406.85
1546148406.88
1546148406.92
1546148406.95
1546148406.98
1546148407.02
1546148407.05
1546148407.08
1546148407.12
1546148407.15
1546148407.18
1546148407.22
1546148407.25
1546148407.28
1546148407.32
1546148407.35
1546148407.38
1546148407.42
1546148407.45
1546148407.48
1546148407.52
1546148407.55
1546148407.58
1546148407.62
1546148407.65
1546148407.68
1546148407.72
1546148407.75
1546148407.78
1546148407.82
1546148407.85
1546148407.88
1546148407.91
1546148407.95
1546148407.98
1546148408.02
1546148408.05
1546148408.08
1546148408.12
1546148408.15
1546148408.18
1546148408.21
1546148408.25
1546148408.28
1546148408.32
1546148408.35
1546148408.38
1546148408.41
1546148408.45
1546148408.48
1546148408.52
1546148408.55
1546148408.58
1546148408.62
1546148408.65
1546148408.68
1546148408.72
1546148408.75
1546148408.78
1546148408.82
1546148408.85
1546148408.88
1546148408.92
1546148408.95
1546148408.98
1546148409.02
1546148409.05
1546148409.08
1546148409.12
1546148409.15
1546148409.18
1546148409.22
1546148409.25
1546148409.28
1546148409.32
1546148409.35
1546148409.38
1546148409.41
1546148409.45
1546148409.48
1546148409.52
1546148409.55
1546148409.58
1546148409.62
1546148409.65
1546148409.68
1546148409.72
1546148409.75
1546148409.78
1546148409.82
1546148409.85
1546148409.88
1546148409.91
1546148409.95
1546148409.98
1546148410.02
1546148410.05
1546148410.08
1546148410.12
1546148410.15
1546148410.18
1546148410.21
1546148410.25
1546148410.28
1546148410.31
1546148410.35
1546148410.38
1546148410.41
1546148410.45
1546148410.48
1546148410.52
1546148410.55
1546148410.58
1546148410.62
1546148410.65
1546148410.68
1546148410.71
1546148410.75
1546148410.78
1546148410.81
1546148410.85
1546148410.88
1546148410.91
1546148410.95
1546148410.98
1546148411.01
1546148411.05
1546148411.08
1546148411.11
1546148411.15
1546148411.18
1546148411.21
1546148411.25
1546148411.28
1546148411.31
1546148411.35
1546148411.38
1546148411.41
1546148411.45
1546148411.48
1546148411.51
1546148411.55
1546148411.58
1546148411.61
1546148411.64
1546148411.68
1546148411.71
1546148411.75
1546148411.78
1546148411.81
1546148411.85
1546148411.88
1546148411.91
1546148411.95
1546148411.98
1546148412.01
1546148412.05
1546148412.08
1546148412.11
1546148412.15
1546148412.18
1546148412.21
1546148412.25
1546148412.28
1546148412.31
1546148412.35
1546148412.38
1546148412.41
1546148412.45
1546148412.48
1546148412.51
1546148412.55
1546148412.58
1546148412.61
1546148412.65
1546148412.68
1546148412.71
1546148412.75
1546148412.78
1546148412.81
1546148412.85
1546148412.88
1546148412.91
1546148412.95
1546148412.98
1546148413.01
1546148413.05
1546148413.08
1546148413.11
1546148413.14
1546148413.18
1546148413.21
1546148413.24
1546148413.28
1546148413.31
1546148413.35
1546148413.38
1546148413.41
1546148413.44
1546148413.48
1546148413.51
1546148413.54
1546148413.58
1546148413.61
1546148413.64
1546148413.68
1546148413.71
1546148413.74
1546148413.78
1546148413.81
1546148413.84
1546148413.88
1546148413.91
1546148413.94
1546148413.98
1546148414.01
1546148414.04
1546148414.08
1546148414.11
1546148414.14
1546148414.18
1546148414.21
1546148414.24
1546148414.28
1546148414.31
1546148414.34
1546148414.38
1546148414.41
1546148414.44
1546148414.48
1546148414.51
1546148414.54
1546148414.58
1546148414.61
1546148414.64
1546148414.68
1546148414.71
1546148414.74
1546148414.78
1546148414.81
1546148414.84
1546148414.88
1546148414.91
1546148414.94
1546148414.98
1546148415.01
1546148415.04
1546148415.08
1546148415.11
1546148415.14
1546148415.18
1546148415.21
1546148415.24
1546148415.28
1546148415.31
1546148415.34
1546148415.38
1546148415.41
1546148415.44
1546148415.47
1546148415.51
1546148415.54
1546148415.58
1546148415.61
1546148415.64
1546148415.67
1546148415.71
1546148415.74
1546148415.78
1546148415.81
1546148415.84
1546148415.88
1546148415.91
1546148415.94
1546148415.98
1546148416.01
1546148416.04
1546148416.08
1546148416.11
1546148416.14
1546148416.17
1546148416.21
1546148416.24
1546148416.28
1546148416.31
1546148416.34
1546148416.38
1546148416.41
1546148416.44
1546148416.48
1546148416.51
1546148416.54
1546148416.58
1546148416.61
1546148416.64
1546148416.67
1546148416.71
1546148416.74
1546148416.78
1546148416.81
1546148416.84
1546148416.88
1546148416.91
1546148416.94
1546148416.97
1546148417.01
1546148417.04
1546148417.08
1546148417.11
1546148417.14
1546148417.18
1546148417.21
1546148417.24
1546148417.28
1546148417.31
1546148417.34
1546148417.38
1546148417.41
1546148417.44
1546148417.47
1546148417.51
1546148417.54
1546148417.57
1546148417.61
1546148417.64
1546148417.67
1546148417.71
1546148417.74
1546148417.78
1546148417.81
1546148417.84
1546148417.87
1546148417.91
1546148417.94
1546148417.97
1546148418.01
1546148418.04
1546148418.07
1546148418.11
1546148418.14
1546148418.17
1546148418.21
1546148418.24
1546148418.28
1546148418.31
1546148418.34
1546148418.37
1546148418.41
1546148418.44
1546148418.47
1546148418.51
1546148418.54
1546148418.58
1546148418.61
1546148418.64
1546148418.67
1546148418.71
1546148418.74
1546148418.78
1546148418.81
1546148418.84
1546148418.87
1546148418.91
1546148418.94
1546148418.98
1546148419.01
1546148419.04
1546148419.08
1546148419.11
1546148419.14
1546148419.18
1546148419.21
1546148419.24
1546148419.28
1546148419.31
1546148419.34
1546148419.38
1546148419.41
1546148419.44
1546148419.47
1546148419.51
1546148419.54
1546148419.58
1546148419.61
1546148419.64
1546148419.67
1546148419.71
1546148419.74
1546148419.78
1546148419.81
1546148419.84
1546148419.88
1546148419.91
1546148419.94
1546148419.98
1546148420.01
1546148420.04
1546148420.08
1546148420.11
1546148420.14
1546148420.18
1546148420.21
1546148420.24
1546148420.28
1546148420.31
1546148420.34
1546148420.38
1546148420.41
1546148420.44
1546148420.48
1546148420.51
1546148420.55
1546148420.58
1546148420.61
1546148420.64
1546148420.68
1546148420.71
1546148420.74
1546148420.78
1546148420.81
1546148420.85
1546148420.88
1546148420.91
1546148420.94
1546148420.98
1546148421.01
1546148421.05
1546148421.08
1546148421.11
1546148421.14
1546148421.18
1546148421.21
1546148421.24
1546148421.28
1546148421.31
1546148421.35
1546148421.38
1546148421.41
1546148421.45
1546148421.48
1546148421.51
1546148421.55
1546148421.58
1546148421.61
1546148421.64
1546148421.68
1546148421.71
1546148421.75
1546148421.78
1546148421.81
1546148421.85
1546148421.88
1546148421.91
1546148421.94
1546148421.98
1546148422.01
1546148422.05
1546148422.08
1546148422.11
1546148422.15
1546148422.18
1546148422.21
1546148422.25
1546148422.28
1546148422.31
1546148422.35
1546148422.38
1546148422.41
1546148422.45
1546148422.48
1546148422.51
1546148422.55
1546148422.58
1546148422.61
1546148422.65
1546148422.68
1546148422.71
1546148422.75
1546148422.78
1546148422.81
1546148422.85
1546148422.88
1546148422.91
1546148422.95
1546148422.98
1546148423.01
1546148423.05
1546148423.08
1546148423.11
1546148423.15
1546148423.18
1546148423.21
1546148423.25
1546148423.28
1546148423.31
1546148423.35
1546148423.38
1546148423.41
1546148423.45
1546148423.48
1546148423.51
1546148423.54
1546148423.57
1546148423.61
1546148423.64
1546148423.67
1546148423.71
1546148423.74
1546148423.77
1546148423.81
1546148423.84
1546148423.87
1546148423.9
1546148423.94
1546148423.97
1546148424.01
1546148424.04
1546148424.07
1546148424.11
1546148424.14
1546148424.17
1546148424.21
1546148424.24
1546148424.27
1546148424.31
1546148424.34
1546148424.37
1546148424.41
1546148424.44
1546148424.47
1546148424.51
1546148424.54
1546148424.57
1546148424.61
1546148424.64
1546148424.67
1546148424.71
1546148424.74
1546148424.77
1546148424.81
1546148424.84
1546148424.87
1546148424.9
1546148424.94
1546148424.97
1546148425.01
1546148425.04
1546148425.07
1546148425.11
1546148425.14
1546148425.17
1546148425.21
1546148425.24
1546148425.27
1546148425.31
1546148425.34
1546148425.37
1546148425.4
1546148425.44
1546148425.47
1546148425.51
1546148425.54
1546148425.57
1546148425.61
1546148425.64
1546148425.67
1546148425.7
1546148425.74
1546148425.77
1546148425.81
1546148425.84
1546148425.87
1546148425.9
1546148425.94
1546148425.97
1546148426.0
1546148426.04
1546148426.07
1546148426.11
1546148426.14
1546148426.17
1546148426.2
1546148426.24
1546148426.27
1546148426.31
1546148426.34
1546148426.37
1546148426.4
1546148426.44
1546148426.47
1546148426.51
1546148426.54
1546148426.57
1546148426.61
1546148426.64
1546148426.67
1546148426.7
1546148426.74
1546148426.77
1546148426.8
1546148426.84
1546148426.87
1546148426.9
1546148426.94
1546148426.97
1546148427.0
1546148427.04
1546148427.07
1546148427.11
1546148427.14
1546148427.17
1546148427.2
1546148427.24
1546148427.27
1546148427.3
1546148427.34
1546148427.37
1546148427.4
1546148427.44
1546148427.47
1546148427.5
1546148427.54
1546148427.57
1546148427.61
1546148427.64
1546148427.67
1546148427.7
1546148427.74
1546148427.77
1546148427.81
1546148427.84
1546148427.87
1546148427.9
1546148427.94
1546148427.97
1546148428.01
1546148428.04
1546148428.07
1546148428.11
1546148428.14
1546148428.17
1546148428.21
1546148428.24
1546148428.27
1546148428.31
1546148428.34
1546148428.37
1546148428.41
1546148428.44
1546148428.47
1546148428.5
1546148428.54
1546148428.57
1546148428.6
1546148428.64
1546148428.67
1546148428.7
1546148428.74
1546148428.77
1546148428.8
1546148428.84
1546148428.87
1546148428.9
1546148428.94
1546148428.97
1546148429.0
1546148429.04
1546148429.07
1546148429.1
1546148429.14
1546148429.17
1546148429.2
1546148429.24
1546148429.27
1546148429.3
1546148429.34
1546148429.37
1546148429.4
1546148429.44
1546148429.47
1546148429.5
1546148429.54
1546148429.57
1546148429.6
1546148429.64
1546148429.67
1546148429.7
1546148429.74
1546148429.77
1546148429.8
1546148429.84
1546148429.87
1546148429.9
1546148429.94
1546148429.97
1546148430.01
1546148430.04
1546148430.07
1546148430.11
1546148430.14
1546148430.17
1546148430.21
1546148430.24
1546148430.27
1546148430.31
1546148430.34
1546148430.37
1546148430.41
1546148430.44
1546148430.47
1546148430.5
1546148430.54
1546148430.57
1546148430.6
1546148430.64
1546148430.67
1546148430.7
1546148430.74
1546148430.77
1546148430.8
1546148430.84
1546148430.87
1546148430.9
1546148430.94
1546148430.97
1546148431.0
1546148431.04
1546148431.07
1546148431.1
1546148431.14
1546148431.17
1546148431.2
1546148431.24
1546148431.27
1546148431.31
1546148431.34
1546148431.37
1546148431.4
1546148431.44
1546148431.47
1546148431.5
1546148431.54
1546148431.57
1546148431.6
1546148431.64
1546148431.67
1546148431.7
1546148431.73
1546148431.77
1546148431.8
1546148431.83
1546148431.87
1546148431.9
1546148431.93
1546148431.97
1546148432.0
1546148432.04
1546148432.07
1546148432.1
1546148432.13
1546148432.17
1546148432.2
1546148432.23
1546148432.27
1546148432.3
1546148432.33
1546148432.37
1546148432.4
1546148432.43
1546148432.47
1546148432.5
1546148432.53
1546148432.57
1546148432.6
1546148432.63
1546148432.67
1546148432.7
1546148432.73
1546148432.77
1546148432.8
1546148432.83
1546148432.87
1546148432.9
1546148432.93
1546148432.97
1546148433.0
1546148433.03
1546148433.07
1546148433.1
1546148433.13
1546148433.17
1546148433.2
1546148433.23
1546148433.27
1546148433.3
1546148433.33
1546148433.37
1546148433.4
1546148433.43
1546148433.47
1546148433.5
1546148433.53
1546148433.57
1546148433.6
1546148433.63
1546148433.67
1546148433.7
1546148433.73
1546148433.77
1546148433.8
1546148433.83
1546148433.87
1546148433.9
1546148433.93
1546148433.97
1546148434.0
1546148434.03
1546148434.07
1546148434.1
1546148434.13
1546148434.17
1546148434.2
1546148434.23
1546148434.27
1546148434.3
1546148434.33
1546148434.37
1546148434.4
1546148434.43
1546148434.47
1546148434.5
1546148434.53
1546148434.57
1546148434.6
1546148434.64
1546148434.67
1546148434.7
1546148434.73
1546148434.77
1546148434.8
1546148434.83
1546148434.87
1546148434.9
1546148434.93
1546148434.97
1546148435.0
1546148435.03
1546148435.07
1546148435.1
1546148435.13
1546148435.17
1546148435.2
1546148435.23
1546148435.27
1546148435.3
1546148435.33
1546148435.37
1546148435.4
1546148435.43
1546148435.47
1546148435.5
1546148435.53
1546148435.57
1546148435.6
1546148435.63
1546148435.67
1546148435.7
1546148435.73
1546148435.77
1546148435.8
1546148435.83
1546148435.87
1546148435.9
1546148435.93
1546148435.97
1546148436.0
1546148436.03
1546148436.07
1546148436.1
1546148436.13
1546148436.17
1546148436.2
1546148436.23
1546148436.27
1546148436.3
1546148436.33
1546148436.37
1546148436.4
1546148436.43
1546148436.47
1546148436.5
1546148436.53
1546148436.57
1546148436.6
1546148436.63
1546148436.67
1546148436.7
1546148436.73
1546148436.77
1546148436.8
1546148436.83
1546148436.87
1546148436.9
1546148436.93
1546148436.97
1546148437.0
1546148437.03
1546148437.07
1546148437.1
1546148437.13
1546148437.17
1546148437.2
1546148437.23
1546148437.27
1546148437.3
1546148437.33
1546148437.37
1546148437.4
1546148437.43
1546148437.47
1546148437.5
1546148437.53
1546148437.57
1546148437.6
1546148437.63
1546148437.67
1546148437.7
1546148437.73
1546148437.77
1546148437.8
1546148437.83
1546148437.87
1546148437.9
1546148437.93
1546148437.97
1546148438.0
1546148438.03
1546148438.07
1546148438.1
1546148438.13
1546148438.17
1546148438.2
1546148438.23
1546148438.27
1546148438.3
1546148438.33
1546148438.37
1546148438.4
1546148438.43
1546148438.47
1546148438.5
1546148438.53
1546148438.57
1546148438.6
1546148438.63
1546148438.67
1546148438.7
1546148438.73
1546148438.77
1546148438.8
1546148438.83
1546148438.87
1546148438.9
1546148438.93
1546148438.97
1546148439.0
1546148439.03
1546148439.07
1546148439.1
1546148439.13
1546148439.17
1546148439.2
1546148439.23
1546148439.27
1546148439.3
1546148439.33
1546148439.36
1546148439.4
1546148439.43
1546148439.46
1546148439.5
1546148439.53
1546148439.57
1546148439.6
1546148439.63
1546148439.66
1546148439.7
1546148439.73
1546148439.77
1546148439.8
1546148439.83
1546148439.86
1546148439.9
1546148439.93
1546148439.96
1546148440.0
1546148440.03
1546148440.07
1546148440.1
1546148440.13
1546148440.16
1546148440.2
1546148440.23
1546148440.27
1546148440.3
1546148440.33
1546148440.37
1546148440.4
1546148440.43
1546148440.46
1546148440.5
1546148440.53
1546148440.57
1546148440.6
1546148440.63
1546148440.66
1546148440.7
1546148440.73
1546148440.77
1546148440.8
1546148440.83
1546148440.87
1546148440.9
1546148440.93
1546148440.96
1546148441.0
1546148441.03
1546148441.07
1546148441.1
1546148441.13
1546148441.16
1546148441.2
1546148441.23
1546148441.26
1546148441.3
1546148441.33
1546148441.37
1546148441.4
1546148441.43
1546148441.46
1546148441.5
1546148441.53
1546148441.57
1546148441.6
1546148441.63
1546148441.66
1546148441.7
1546148441.73
1546148441.76
1546148441.8
1546148441.83
1546148441.86
1546148441.9
1546148441.93
1546148441.96
1546148442.0
1546148442.03
1546148442.06
1546148442.1
1546148442.13
1546148442.16
1546148442.2
1546148442.23
1546148442.26
1546148442.3
1546148442.33
1546148442.37
1546148442.4
1546148442.43
1546148442.46
1546148442.5
1546148442.53
1546148442.56
1546148442.6
1546148442.63
1546148442.66
1546148442.7
1546148442.73
1546148442.76
1546148442.8
1546148442.83
1546148442.87
1546148442.9
1546148442.93
1546148442.96
1546148443.0
1546148443.03
1546148443.07
1546148443.1
1546148443.13
1546148443.16
1546148443.2
1546148443.23
1546148443.27
1546148443.3
1546148443.33
1546148443.37
1546148443.4
1546148443.43
1546148443.47
1546148443.5
1546148443.53
1546148443.57
1546148443.6
1546148443.63
1546148443.67
1546148443.7
1546148443.73
1546148443.77
1546148443.8
1546148443.83
1546148443.87
1546148443.9
1546148443.93
1546148443.97
1546148444.0
1546148444.03
1546148444.07
1546148444.1
1546148444.13
1546148444.17
1546148444.2
1546148444.23
1546148444.27
1546148444.3
1546148444.33
1546148444.37
1546148444.4
1546148444.43
1546148444.47
1546148444.5
1546148444.53
1546148444.57
1546148444.6
1546148444.63
1546148444.67
1546148444.7
1546148444.73
1546148444.77
1546148444.8
1546148444.83
1546148444.87
1546148444.9
1546148444.93
1546148444.97
1546148445.0
1546148445.03
1546148445.07
1546148445.1
1546148445.13
1546148445.17
1546148445.2
1546148445.23
1546148445.27
1546148445.3
1546148445.33
1546148445.37
1546148445.4
1546148445.43
1546148445.47
1546148445.5
1546148445.53
1546148445.57
1546148445.6
1546148445.63
1546148445.67
1546148445.7
1546148445.73
1546148445.77
1546148445.8
1546148445.84
1546148445.87
1546148445.9
1546148445.93
1546148445.97
1546148446.0
1546148446.04
1546148446.07
1546148446.1
1546148446.13
1546148446.17
1546148446.2
1546148446.23
1546148446.27
1546148446.3
1546148446.34
1546148446.37
1546148446.4
1546148446.43
1546148446.47
1546148446.5
1546148446.53
1546148446.57
1546148446.6
1546148446.63
1546148446.67
1546148446.7
1546148446.73
1546148446.77
1546148446.8
1546148446.84
1546148446.87
1546148446.9
1546148446.94
1546148446.97
1546148447.0
1546148447.03
1546148447.06
1546148447.09
1546148447.13
1546148447.16
1546148447.19
1546148447.23
1546148447.26
1546148447.29
1546148447.33
1546148447.36
1546148447.39
1546148447.43
1546148447.46
1546148447.49
1546148447.53
1546148447.56
1546148447.59
1546148447.63
1546148447.66
1546148447.69
1546148447.73
1546148447.76
1546148447.79
1546148447.83
1546148447.86
1546148447.89
1546148447.93
1546148447.96
1546148447.99
1546148448.03
1546148448.06
1546148448.09
1546148448.13
1546148448.16
1546148448.19
1546148448.23
1546148448.26
1546148448.29
1546148448.33
1546148448.36
1546148448.39
1546148448.43
1546148448.46
1546148448.49
1546148448.53
1546148448.56
1546148448.59
1546148448.63
1546148448.66
1546148448.69
1546148448.73
1546148448.76
1546148448.79
1546148448.82
1546148448.86
1546148448.89
1546148448.92
1546148448.96
1546148448.99
1546148449.03
1546148449.06
1546148449.09
1546148449.12
1546148449.16
1546148449.19
1546148449.22
1546148449.26
1546148449.29
1546148449.33
1546148449.36
1546148449.39
1546148449.42
1546148449.46
1546148449.49
1546148449.53
1546148449.56
1546148449.59
1546148449.62
1546148449.66
1546148449.69
1546148449.72
1546148449.76
1546148449.79
1546148449.82
1546148449.86
1546148449.89
1546148449.92
1546148449.96
1546148449.99
1546148450.02
1546148450.06
1546148450.09
1546148450.12
1546148450.16
1546148450.19
1546148450.22
1546148450.26
1546148450.29
1546148450.33
1546148450.36
1546148450.39
1546148450.42
1546148450.46
1546148450.49
1546148450.53
1546148450.56
1546148450.59
1546148450.62
1546148450.66
1546148450.69
1546148450.72
1546148450.76
1546148450.79
1546148450.82
1546148450.86
1546148450.89
1546148450.93
1546148450.96
1546148450.99
1546148451.03
1546148451.06
1546148451.09
1546148451.12
1546148451.16
1546148451.19
1546148451.22
1546148451.26
1546148451.29
1546148451.33
1546148451.36
1546148451.39
1546148451.43
1546148451.46
1546148451.49
1546148451.52
1546148451.56
1546148451.59
1546148451.62
1546148451.66
1546148451.69
1546148451.72
1546148451.76
1546148451.79
1546148451.83
1546148451.86
1546148451.89
1546148451.92
1546148451.96
1546148451.99
1546148452.03
1546148452.06
1546148452.09
1546148452.12
1546148452.16
1546148452.19
1546148452.23
1546148452.26
1546148452.29
1546148452.33
1546148452.36
1546148452.39
1546148452.42
1546148452.46
1546148452.49
1546148452.52
1546148452.56
1546148452.59
1546148452.62
1546148452.66
1546148452.69
1546148452.72
1546148452.76
1546148452.79
1546148452.83
1546148452.86
1546148452.89
1546148452.92
1546148452.96
1546148452.99
1546148453.02
1546148453.06
1546148453.09
1546148453.12
1546148453.16
1546148453.19
1546148453.22
1546148453.26
1546148453.29
1546148453.32
1546148453.36
1546148453.39
1546148453.42
1546148453.46
1546148453.49
1546148453.53
1546148453.56
1546148453.59
1546148453.62
1546148453.66
1546148453.69
1546148453.72
1546148453.76
1546148453.79
1546148453.82
1546148453.86
1546148453.89
1546148453.92
1546148453.96
1546148453.99
1546148454.02
1546148454.06
1546148454.09
1546148454.12
1546148454.16
1546148454.19
1546148454.22
1546148454.26
1546148454.29
1546148454.32
1546148454.36
1546148454.39
1546148454.42
1546148454.46
1546148454.49
1546148454.53
1546148454.56
1546148454.59
1546148454.62
1546148454.66
1546148454.69
1546148454.72
1546148454.76
1546148454.79
1546148454.82
1546148454.86
1546148454.89
1546148454.92
1546148454.96
1546148454.99
1546148455.02
1546148455.06
1546148455.09
1546148455.12
1546148455.16
1546148455.19
1546148455.22
1546148455.26
1546148455.29
1546148455.32
1546148455.36
1546148455.39
1546148455.42
1546148455.46
1546148455.49
1546148455.52
1546148455.56
1546148455.59
1546148455.62
1546148455.66
1546148455.69
1546148455.72
1546148455.76
1546148455.79
1546148455.82
1546148455.86
1546148455.89
1546148455.92
1546148455.96
1546148455.99
1546148456.02
1546148456.06
1546148456.09
1546148456.12
1546148456.16
1546148456.19
1546148456.22
1546148456.26
1546148456.29
1546148456.32
1546148456.36
1546148456.39
1546148456.42
1546148456.45
1546148456.49
1546148456.52
1546148456.56
1546148456.59
1546148456.62
1546148456.66
1546148456.69
1546148456.72
1546148456.76
1546148456.79
1546148456.82
1546148456.86
1546148456.89
1546148456.92
1546148456.95
1546148456.99
1546148457.02
1546148457.06
1546148457.09
1546148457.12
1546148457.15
1546148457.19
1546148457.22
1546148457.26
1546148457.29
1546148457.32
1546148457.36
1546148457.39
1546148457.42
1546148457.45
1546148457.49
1546148457.52
1546148457.55
1546148457.59
1546148457.62
1546148457.65
1546148457.69
1546148457.72
1546148457.75
1546148457.79
1546148457.82
1546148457.86
1546148457.89
1546148457.92
1546148457.95
1546148457.99
1546148458.02
1546148458.06
1546148458.09
1546148458.12
1546148458.15
1546148458.19
1546148458.22
1546148458.26
1546148458.29
1546148458.32
1546148458.35
1546148458.39
1546148458.42
1546148458.45
1546148458.49
1546148458.52
1546148458.55
1546148458.59
1546148458.62
1546148458.65
1546148458.69
1546148458.72
1546148458.75
1546148458.79
1546148458.82
1546148458.85
1546148458.89
1546148458.92
1546148458.95
1546148458.99
1546148459.02
1546148459.05
1546148459.09
1546148459.12
1546148459.15
1546148459.19
1546148459.22
1546148459.25
1546148459.29
1546148459.32
1546148459.35
1546148459.39
1546148459.42
1546148459.45
1546148459.49
1546148459.52
1546148459.55
1546148459.59
1546148459.62
1546148459.65
1546148459.69
1546148459.72
1546148459.75
1546148459.79
1546148459.82
1546148459.85
1546148459.89
1546148459.92
1546148459.95
1546148459.99
1546148460.02
1546148460.05
1546148460.09
1546148460.12
1546148460.15
1546148460.19
1546148460.22
1546148460.25
1546148460.29
1546148460.32
1546148460.35
1546148460.39
1546148460.42
1546148460.45
1546148460.49
1546148460.52
1546148460.56
1546148460.59
1546148460.62
1546148460.65
1546148460.69
1546148460.72
1546148460.75
1546148460.79
1546148460.82
1546148460.85
1546148460.89
1546148460.92
1546148460.95
1546148460.99
1546148461.02
1546148461.05
1546148461.09
1546148461.12
1546148461.15
1546148461.19
1546148461.22
1546148461.25
1546148461.29
1546148461.32
1546148461.35
1546148461.39
1546148461.42
1546148461.45
1546148461.48
1546148461.52
1546148461.55
1546148461.59
1546148461.62
1546148461.65
1546148461.69
1546148461.72
1546148461.75
1546148461.79
1546148461.82
1546148461.85
1546148461.88
1546148461.92
1546148461.95
1546148461.98
1546148462.02
1546148462.05
1546148462.09
1546148462.12
1546148462.15
1546148462.18
1546148462.22
1546148462.25
1546148462.29
1546148462.32
1546148462.35
1546148462.38
1546148462.42
1546148462.45
1546148462.48
1546148462.52
1546148462.55
1546148462.59
1546148462.62
1546148462.65
1546148462.68
1546148462.72
1546148462.75
1546148462.79
1546148462.82
1546148462.85
1546148462.88
1546148462.92
1546148462.95
1546148462.98
1546148463.02
1546148463.05
1546148463.09
1546148463.12
1546148463.15
1546148463.18
1546148463.22
1546148463.25
1546148463.29
1546148463.32
1546148463.35
1546148463.38
1546148463.42
1546148463.45
1546148463.48
1546148463.52
1546148463.55
1546148463.59
1546148463.62
1546148463.65
1546148463.68
1546148463.72
1546148463.75
1546148463.79
1546148463.82
1546148463.85
1546148463.89
1546148463.92
1546148463.95
1546148463.99
1546148464.02
1546148464.05
1546148464.09
1546148464.12
1546148464.15
1546148464.19
1546148464.22
1546148464.25
1546148464.29
1546148464.32
1546148464.35
1546148464.39
1546148464.42
1546148464.45
1546148464.48
1546148464.52
1546148464.55
1546148464.58
1546148464.62
1546148464.65
1546148464.68
1546148464.72
1546148464.75
1546148464.79
1546148464.82
1546148464.85
1546148464.88
1546148464.92
1546148464.95
1546148464.98
1546148465.02
1546148465.05
1546148465.09
1546148465.12
1546148465.15
1546148465.18
1546148465.22
1546148465.25
1546148465.29
1546148465.32
1546148465.35
1546148465.38
1546148465.42
1546148465.45
1546148465.48
1546148465.52
1546148465.55
1546148465.59
1546148465.62
1546148465.65
1546148465.68
1546148465.72
1546148465.75
1546148465.79
1546148465.82
1546148465.85
1546148465.89
1546148465.92
1546148465.95
1546148465.98
1546148466.02
1546148466.05
1546148466.09
1546148466.12
1546148466.15
1546148466.18
1546148466.22
1546148466.25
1546148466.29
1546148466.32
1546148466.35
1546148466.39
1546148466.42
1546148466.45
1546148466.49
1546148466.52
1546148466.55
1546148466.59
1546148466.62
1546148466.65
1546148466.69
1546148466.72
1546148466.75
1546148466.79
1546148466.82
1546148466.85
1546148466.89
1546148466.92
1546148466.95
1546148466.99
1546148467.02
1546148467.05
1546148467.09
1546148467.12
1546148467.15
1546148467.19
1546148467.22
1546148467.25
1546148467.29
1546148467.32
1546148467.35
1546148467.39
1546148467.42
1546148467.45
1546148467.49
1546148467.52
1546148467.55
1546148467.59
1546148467.62
1546148467.65
1546148467.69
1546148467.72
1546148467.75
1546148467.79
1546148467.82
1546148467.85
1546148467.89
1546148467.92
1546148467.95
1546148467.99
1546148468.02
1546148468.05
1546148468.09
1546148468.12
1546148468.15
1546148468.19
1546148468.22
1546148468.25
1546148468.29
1546148468.32
1546148468.35
1546148468.39
1546148468.42
1546148468.46
1546148468.49
1546148468.52
1546148468.56
1546148468.59
1546148468.62
1546148468.66
1546148468.69
1546148468.72
1546148468.76
1546148468.79
1546148468.82
1546148468.86
1546148468.89
1546148468.92
1546148468.95
1546148468.99
1546148469.02
1546148469.06
1546148469.09
1546148469.12
1546148469.16
1546148469.19
1546148469.22
1546148469.26
1546148469.29
1546148469.32
1546148469.36
1546148469.39
1546148469.42
1546148469.46
1546148469.49
1546148469.52
1546148469.56
1546148469.59
1546148469.62
1546148469.66
1546148469.69
1546148469.72
1546148469.76
1546148469.79
1546148469.82
1546148469.86
1546148469.89
1546148469.92
1546148469.96
1546148469.99
1546148470.02
1546148470.06
1546148470.09
1546148470.12
1546148470.16
1546148470.19
1546148470.22
1546148470.26
1546148470.29
1546148470.32
1546148470.36
1546148470.39
1546148470.42
1546148470.45
1546148470.48
1546148470.52
1546148470.55
1546148470.58
1546148470.62
1546148470.65
1546148470.68
1546148470.72
1546148470.75
1546148470.78
1546148470.82
1546148470.85
1546148470.88
1546148470.92
1546148470.95
1546148470.98
1546148471.02
1546148471.05
1546148471.08
1546148471.12
1546148471.15
1546148471.18
1546148471.22
1546148471.25
1546148471.28
1546148471.32
1546148471.35
1546148471.38
1546148471.42
1546148471.45
1546148471.48
1546148471.52
1546148471.55
1546148471.58
1546148471.62
1546148471.65
1546148471.68
1546148471.72
1546148471.75
1546148471.78
1546148471.82
1546148471.85
1546148471.88
1546148471.92
1546148471.95
1546148471.98
1546148472.02
1546148472.05
1546148472.08
1546148472.12
1546148472.15
1546148472.18
1546148472.22
1546148472.25
1546148472.28
1546148472.32
1546148472.35
1546148472.38
1546148472.41
1546148472.45
1546148472.48
1546148472.52
1546148472.55
1546148472.58
1546148472.62
1546148472.65
1546148472.68
1546148472.71
1546148472.75
1546148472.78
1546148472.82
1546148472.85
1546148472.88
1546148472.92
1546148472.95
1546148472.98
1546148473.02
1546148473.05
1546148473.08
1546148473.12
1546148473.15
1546148473.18
1546148473.22
1546148473.25
1546148473.28
1546148473.32
1546148473.35
1546148473.38
1546148473.42
1546148473.45
1546148473.48
1546148473.52
1546148473.55
1546148473.58
1546148473.62
1546148473.65
1546148473.68
1546148473.71
1546148473.75
1546148473.78
1546148473.82
1546148473.85
1546148473.88
1546148473.92
1546148473.95
1546148473.98
1546148474.02
1546148474.05
1546148474.08
1546148474.11
1546148474.15
1546148474.18
1546148474.21
1546148474.25
1546148474.28
1546148474.32
1546148474.35
1546148474.38
1546148474.41
1546148474.45
1546148474.48
1546148474.51
1546148474.55
1546148474.58
1546148474.61
1546148474.65
1546148474.68
1546148474.71
1546148474.75
1546148474.78
1546148474.82
1546148474.85
1546148474.88
1546148474.91
1546148474.95
1546148474.98
1546148475.01
1546148475.05
1546148475.08
1546148475.11
1546148475.15
1546148475.18
1546148475.21
1546148475.25
1546148475.28
1546148475.31
1546148475.35
1546148475.38
1546148475.41
1546148475.45
1546148475.48
1546148475.51
1546148475.55
1546148475.58
1546148475.61
1546148475.65
1546148475.68
1546148475.71
1546148475.75
1546148475.78
1546148475.81
1546148475.85
1546148475.88
1546148475.91
1546148475.95
1546148475.98
1546148476.01
1546148476.05
1546148476.08
1546148476.11
1546148476.15
1546148476.18
1546148476.21
1546148476.25
1546148476.28
1546148476.31
1546148476.35
1546148476.38
1546148476.41
1546148476.45
1546148476.48
1546148476.51
1546148476.55
1546148476.58
1546148476.61
1546148476.65
1546148476.68
1546148476.71
1546148476.75
1546148476.78
1546148476.81
1546148476.85
1546148476.88
1546148476.91
1546148476.95
1546148476.98
1546148477.01
1546148477.05
1546148477.08
1546148477.11
1546148477.14
1546148477.18
1546148477.21
1546148477.24
1546148477.28
1546148477.31
1546148477.35
1546148477.38
1546148477.41
1546148477.44
1546148477.48
1546148477.51
1546148477.55
1546148477.58
1546148477.61
1546148477.64
1546148477.68
1546148477.71
1546148477.75
1546148477.78
1546148477.81
1546148477.85
1546148477.88
1546148477.91
