1546151719.4
1546151719.54
1546151719.58
1546151719.61
1546151719.64
1546151719.67
1546151719.7
1546151719.73
1546151719.76
1546151719.79
1546151719.83
1546151719.86
1546151719.89
1546151719.93
1546151719.96
1546151719.99
1546151720.03
1546151720.06
1546151720.09
1546151720.13
1546151720.16
1546151720.19
1546151720.23
1546151720.26
1546151720.29
1546151720.33
1546151720.36
1546151720.39
1546151720.43
1546151720.46
1546151720.49
1546151720.53
1546151720.56
1546151720.6
1546151720.63
1546151720.66
1546151720.69
1546151720.73
1546151720.76
1546151720.8
1546151720.83
1546151720.86
1546151720.89
1546151720.93
1546151720.96
1546151721.0
1546151721.03
1546151721.06
1546151721.1
1546151721.13
1546151721.16
1546151721.19
1546151721.23
1546151721.26
1546151721.3
1546151721.33
1546151721.36
1546151721.39
1546151721.43
1546151721.46
1546151721.49
1546151721.53
1546151721.56
1546151721.6
1546151721.63
1546151721.66
1546151721.69
1546151721.73
1546151721.76
1546151721.8
1546151721.83
1546151721.86
1546151721.9
1546151721.93
1546151721.96
1546151721.99
1546151722.03
1546151722.06
1546151722.1
1546151722.13
1546151722.16
1546151722.19
1546151722.23
1546151722.26
1546151722.3
1546151722.33
1546151722.36
1546151722.39
1546151722.43
1546151722.46
1546151722.49
1546151722.53
1546151722.56
1546151722.59
1546151722.63
1546151722.66
1546151722.69
1546151722.73
1546151722.76
1546151722.79
1546151722.83
1546151722.86
1546151722.89
1546151722.93
1546151722.96
1546151722.99
1546151723.03
1546151723.06
1546151723.09
1546151723.13
1546151723.16
1546151723.19
1546151723.23
1546151723.26
1546151723.29
1546151723.33
1546151723.36
1546151723.39
1546151723.43
1546151723.46
1546151723.49
1546151723.53
1546151723.56
1546151723.59
1546151723.63
1546151723.66
1546151723.69
1546151723.73
1546151723.76
1546151723.79
1546151723.83
1546151723.86
1546151723.89
1546151723.93
1546151723.96
1546151723.99
1546151724.03
1546151724.06
1546151724.09
1546151724.13
1546151724.16
1546151724.19
1546151724.23
1546151724.26
1546151724.29
1546151724.33
1546151724.36
1546151724.39
1546151724.43
1546151724.46
1546151724.49
1546151724.53
1546151724.56
1546151724.59
1546151724.63
1546151724.66
1546151724.69
1546151724.73
1546151724.76
1546151724.79
1546151724.83
1546151724.86
1546151724.89
1546151724.93
1546151724.96
1546151724.99
1546151725.03
1546151725.06
1546151725.09
1546151725.13
1546151725.16
1546151725.19
1546151725.23
1546151725.26
1546151725.29
1546151725.33
1546151725.36
1546151725.39
1546151725.43
1546151725.46
1546151725.49
1546151725.53
1546151725.56
1546151725.59
1546151725.63
1546151725.66
1546151725.69
1546151725.73
1546151725.76
1546151725.8
1546151725.83
1546151725.86
1546151725.89
1546151725.93
1546151725.96
1546151725.99
1546151726.03
1546151726.06
1546151726.09
1546151726.13
1546151726.16
1546151726.19
1546151726.23
1546151726.26
1546151726.29
1546151726.33
1546151726.36
1546151726.39
1546151726.43
1546151726.46
1546151726.49
1546151726.53
1546151726.56
1546151726.59
1546151726.63
1546151726.66
1546151726.69
1546151726.72
1546151726.76
1546151726.79
1546151726.83
1546151726.86
1546151726.89
1546151726.92
1546151726.96
1546151726.99
1546151727.03
1546151727.06
1546151727.09
1546151727.13
1546151727.16
1546151727.19
1546151727.23
1546151727.26
1546151727.29
1546151727.33
1546151727.36
1546151727.39
1546151727.43
1546151727.46
1546151727.49
1546151727.53
1546151727.56
1546151727.59
1546151727.63
1546151727.66
1546151727.69
1546151727.73
1546151727.76
1546151727.79
1546151727.83
1546151727.86
1546151727.89
1546151727.93
1546151727.96
1546151727.99
1546151728.03
1546151728.06
1546151728.09
1546151728.13
1546151728.16
1546151728.19
1546151728.23
1546151728.26
1546151728.3
1546151728.33
1546151728.36
1546151728.39
1546151728.43
1546151728.46
1546151728.49
1546151728.53
1546151728.56
1546151728.6
1546151728.63
1546151728.66
1546151728.69
1546151728.73
1546151728.76
1546151728.8
1546151728.83
1546151728.86
1546151728.9
1546151728.93
1546151728.96
1546151728.99
1546151729.03
1546151729.06
1546151729.1
1546151729.13
1546151729.16
1546151729.19
1546151729.23
1546151729.26
1546151729.3
1546151729.33
1546151729.36
1546151729.39
1546151729.43
1546151729.46
1546151729.5
1546151729.53
1546151729.56
1546151729.6
1546151729.63
1546151729.66
1546151729.69
1546151729.73
1546151729.76
1546151729.8
1546151729.83
1546151729.86
1546151729.89
1546151729.93
1546151729.96
1546151730.0
1546151730.03
1546151730.06
1546151730.1
1546151730.13
1546151730.16
1546151730.2
1546151730.23
1546151730.26
1546151730.3
1546151730.33
1546151730.36
1546151730.4
1546151730.43
1546151730.46
1546151730.5
1546151730.53
1546151730.57
1546151730.6
1546151730.63
1546151730.66
1546151730.7
1546151730.73
1546151730.77
1546151730.8
1546151730.83
1546151730.86
1546151730.9
1546151730.93
1546151730.96
1546151731.0
1546151731.03
1546151731.06
1546151731.1
1546151731.13
1546151731.16
1546151731.2
1546151731.23
1546151731.27
1546151731.3
1546151731.33
1546151731.36
1546151731.4
1546151731.43
1546151731.46
1546151731.5
1546151731.53
1546151731.56
1546151731.6
1546151731.63
1546151731.66
1546151731.7
1546151731.73
1546151731.76
1546151731.8
1546151731.83
1546151731.86
1546151731.9
1546151731.93
1546151731.96
1546151732.0
1546151732.03
1546151732.07
1546151732.1
1546151732.13
1546151732.16
1546151732.2
1546151732.23
1546151732.27
1546151732.29
1546151732.32
1546151732.36
1546151732.39
1546151732.42
1546151732.46
1546151732.49
1546151732.52
1546151732.56
1546151732.59
1546151732.62
1546151732.66
1546151732.69
1546151732.72
1546151732.76
1546151732.79
1546151732.82
1546151732.86
1546151732.89
1546151732.92
1546151732.96
1546151732.99
1546151733.03
1546151733.06
1546151733.09
1546151733.12
1546151733.16
1546151733.19
1546151733.22
1546151733.26
1546151733.29
1546151733.32
1546151733.36
1546151733.39
1546151733.42
1546151733.46
1546151733.49
1546151733.52
1546151733.56
1546151733.59
1546151733.62
1546151733.66
1546151733.69
1546151733.72
1546151733.76
1546151733.79
1546151733.82
1546151733.86
1546151733.89
1546151733.92
1546151733.96
1546151733.99
1546151734.02
1546151734.06
1546151734.09
1546151734.12
1546151734.16
1546151734.19
1546151734.22
1546151734.26
1546151734.29
1546151734.32
1546151734.36
1546151734.39
1546151734.42
1546151734.46
1546151734.49
1546151734.53
1546151734.56
1546151734.59
1546151734.62
1546151734.66
1546151734.69
1546151734.72
1546151734.76
1546151734.79
1546151734.82
1546151734.86
1546151734.89
1546151734.92
1546151734.96
1546151734.99
1546151735.03
1546151735.06
1546151735.09
1546151735.12
1546151735.16
1546151735.19
1546151735.22
1546151735.26
1546151735.29
1546151735.32
1546151735.36
1546151735.39
1546151735.42
1546151735.46
1546151735.49
1546151735.53
1546151735.56
1546151735.59
1546151735.62
1546151735.66
1546151735.69
1546151735.72
1546151735.76
1546151735.79
1546151735.82
1546151735.86
1546151735.89
1546151735.92
1546151735.96
1546151735.99
1546151736.03
1546151736.06
1546151736.09
1546151736.12
1546151736.16
1546151736.19
1546151736.22
1546151736.26
1546151736.29
1546151736.33
1546151736.36
1546151736.39
1546151736.42
1546151736.46
1546151736.49
1546151736.52
1546151736.56
1546151736.59
1546151736.62
1546151736.66
1546151736.69
1546151736.72
1546151736.76
1546151736.79
1546151736.83
1546151736.86
1546151736.89
1546151736.92
1546151736.96
1546151736.99
1546151737.02
1546151737.06
1546151737.09
1546151737.12
1546151737.16
1546151737.19
1546151737.22
1546151737.26
1546151737.29
1546151737.32
1546151737.36
1546151737.39
1546151737.42
1546151737.46
1546151737.49
1546151737.52
1546151737.56
1546151737.59
1546151737.62
1546151737.66
1546151737.69
1546151737.72
1546151737.76
1546151737.79
1546151737.82
1546151737.86
1546151737.89
1546151737.92
1546151737.96
1546151737.99
1546151738.03
1546151738.06
1546151738.09
1546151738.13
1546151738.16
1546151738.19
1546151738.22
1546151738.26
1546151738.29
1546151738.33
1546151738.36
1546151738.39
1546151738.42
1546151738.46
1546151738.49
1546151738.53
1546151738.56
1546151738.59
1546151738.62
1546151738.66
1546151738.69
1546151738.72
1546151738.76
1546151738.79
1546151738.83
1546151738.86
1546151738.89
1546151738.93
1546151738.96
1546151738.99
1546151739.03
1546151739.06
1546151739.09
1546151739.12
1546151739.16
1546151739.19
1546151739.23
1546151739.26
1546151739.29
1546151739.33
1546151739.36
1546151739.39
1546151739.43
1546151739.46
1546151739.49
1546151739.53
1546151739.56
1546151739.59
1546151739.63
1546151739.66
1546151739.69
1546151739.73
1546151739.76
1546151739.79
1546151739.83
1546151739.86
1546151739.89
1546151739.93
1546151739.96
1546151739.99
1546151740.03
1546151740.06
1546151740.09
1546151740.13
1546151740.16
1546151740.19
1546151740.23
1546151740.26
1546151740.29
1546151740.33
1546151740.36
1546151740.39
1546151740.43
1546151740.46
1546151740.49
1546151740.53
1546151740.56
1546151740.59
1546151740.63
1546151740.66
1546151740.69
1546151740.72
1546151740.76
1546151740.79
1546151740.83
1546151740.86
1546151740.89
1546151740.93
1546151740.96
1546151740.99
1546151741.03
1546151741.06
1546151741.09
1546151741.13
1546151741.16
1546151741.19
1546151741.23
1546151741.26
1546151741.29
1546151741.33
1546151741.36
1546151741.39
1546151741.43
1546151741.46
1546151741.49
1546151741.53
1546151741.56
1546151741.59
1546151741.63
1546151741.66
1546151741.69
1546151741.73
1546151741.76
1546151741.79
1546151741.83
1546151741.86
1546151741.89
1546151741.93
1546151741.96
1546151741.99
1546151742.03
1546151742.06
1546151742.09
1546151742.13
1546151742.16
1546151742.19
1546151742.23
1546151742.26
1546151742.29
1546151742.33
1546151742.36
1546151742.39
1546151742.42
1546151742.46
1546151742.49
1546151742.53
1546151742.56
1546151742.59
1546151742.62
1546151742.66
1546151742.69
1546151742.72
1546151742.76
1546151742.79
1546151742.83
1546151742.86
1546151742.89
1546151742.92
1546151742.96
1546151742.99
1546151743.02
1546151743.06
1546151743.09
1546151743.12
1546151743.16
1546151743.19
1546151743.22
1546151743.26
1546151743.29
1546151743.33
1546151743.36
1546151743.39
1546151743.42
1546151743.46
1546151743.49
1546151743.52
1546151743.56
1546151743.59
1546151743.62
1546151743.66
1546151743.69
1546151743.72
1546151743.76
1546151743.79
1546151743.82
1546151743.86
1546151743.89
1546151743.92
1546151743.96
1546151743.99
1546151744.02
1546151744.06
1546151744.09
1546151744.12
1546151744.16
1546151744.19
1546151744.22
1546151744.26
1546151744.29
1546151744.33
1546151744.36
1546151744.39
1546151744.42
1546151744.46
1546151744.49
1546151744.52
1546151744.56
1546151744.59
1546151744.62
1546151744.66
1546151744.69
1546151744.72
1546151744.76
1546151744.79
1546151744.82
1546151744.86
1546151744.89
1546151744.92
1546151744.96
1546151744.99
1546151745.02
1546151745.06
1546151745.09
1546151745.12
1546151745.16
1546151745.19
1546151745.22
1546151745.26
1546151745.29
1546151745.32
1546151745.36
1546151745.39
1546151745.42
1546151745.46
1546151745.49
1546151745.52
1546151745.56
1546151745.59
1546151745.62
1546151745.66
1546151745.69
1546151745.72
1546151745.76
1546151745.79
1546151745.82
1546151745.86
1546151745.89
1546151745.92
1546151745.96
1546151745.99
1546151746.02
1546151746.06
1546151746.09
1546151746.12
1546151746.16
1546151746.19
1546151746.22
1546151746.26
1546151746.29
1546151746.32
1546151746.36
1546151746.39
1546151746.42
1546151746.46
1546151746.49
1546151746.52
1546151746.56
1546151746.59
1546151746.62
1546151746.66
1546151746.69
1546151746.72
1546151746.76
1546151746.79
1546151746.82
1546151746.86
1546151746.89
1546151746.92
1546151746.95
1546151746.99
1546151747.02
1546151747.06
1546151747.09
1546151747.12
1546151747.15
1546151747.19
1546151747.22
1546151747.26
1546151747.29
1546151747.32
1546151747.36
1546151747.39
1546151747.42
1546151747.45
1546151747.49
1546151747.52
1546151747.56
1546151747.59
1546151747.62
1546151747.65
1546151747.69
1546151747.72
1546151747.76
1546151747.79
1546151747.82
1546151747.86
1546151747.89
1546151747.92
1546151747.95
1546151747.99
1546151748.02
1546151748.06
1546151748.09
1546151748.12
1546151748.15
1546151748.19
1546151748.22
1546151748.25
1546151748.29
1546151748.32
1546151748.36
1546151748.39
1546151748.42
1546151748.45
1546151748.49
1546151748.52
1546151748.56
1546151748.59
1546151748.62
1546151748.65
1546151748.69
1546151748.72
1546151748.76
1546151748.79
1546151748.82
1546151748.85
1546151748.89
1546151748.92
1546151748.95
1546151748.99
1546151749.02
1546151749.05
1546151749.09
1546151749.12
1546151749.15
1546151749.19
1546151749.22
1546151749.25
1546151749.29
1546151749.32
1546151749.35
1546151749.39
1546151749.42
1546151749.45
1546151749.49
1546151749.52
1546151749.55
1546151749.59
1546151749.62
1546151749.65
1546151749.69
1546151749.72
1546151749.75
1546151749.79
1546151749.82
1546151749.85
1546151749.89
1546151749.92
1546151749.95
1546151749.99
1546151750.02
1546151750.05
1546151750.09
1546151750.12
1546151750.15
1546151750.19
1546151750.22
1546151750.25
1546151750.29
1546151750.32
1546151750.35
1546151750.39
1546151750.42
1546151750.45
1546151750.49
1546151750.52
1546151750.55
1546151750.59
1546151750.62
1546151750.65
1546151750.69
1546151750.72
1546151750.75
1546151750.79
1546151750.82
1546151750.85
1546151750.89
1546151750.92
1546151750.95
1546151750.99
1546151751.02
1546151751.05
1546151751.09
1546151751.12
1546151751.15
1546151751.19
1546151751.22
1546151751.25
1546151751.29
1546151751.32
1546151751.35
1546151751.39
1546151751.42
1546151751.45
1546151751.49
1546151751.52
1546151751.55
1546151751.59
1546151751.62
1546151751.65
1546151751.69
1546151751.72
1546151751.75
1546151751.79
1546151751.82
1546151751.85
1546151751.89
1546151751.92
1546151751.95
1546151751.99
1546151752.02
1546151752.05
1546151752.09
1546151752.12
1546151752.15
1546151752.19
1546151752.22
1546151752.25
1546151752.29
1546151752.32
1546151752.36
1546151752.39
1546151752.42
1546151752.45
1546151752.49
1546151752.52
1546151752.56
1546151752.59
1546151752.62
1546151752.65
1546151752.69
1546151752.72
1546151752.76
1546151752.79
1546151752.82
1546151752.86
1546151752.89
1546151752.92
1546151752.95
1546151752.99
1546151753.02
1546151753.06
1546151753.09
1546151753.12
1546151753.15
1546151753.19
1546151753.22
1546151753.25
1546151753.29
1546151753.32
1546151753.36
1546151753.39
1546151753.42
1546151753.46
1546151753.49
1546151753.52
1546151753.56
1546151753.59
1546151753.62
1546151753.66
1546151753.69
1546151753.72
1546151753.76
1546151753.79
1546151753.82
1546151753.86
1546151753.89
1546151753.92
1546151753.96
1546151753.99
1546151754.02
1546151754.06
1546151754.09
1546151754.12
1546151754.15
1546151754.19
1546151754.22
1546151754.26
1546151754.29
1546151754.32
1546151754.36
1546151754.39
1546151754.42
1546151754.46
1546151754.49
1546151754.52
1546151754.56
1546151754.59
1546151754.62
1546151754.66
1546151754.69
1546151754.72
1546151754.76
1546151754.79
1546151754.82
1546151754.86
1546151754.89
1546151754.92
1546151754.96
1546151754.99
1546151755.02
1546151755.06
1546151755.09
1546151755.12
1546151755.16
1546151755.19
1546151755.22
1546151755.26
1546151755.29
1546151755.33
1546151755.36
1546151755.39
1546151755.43
1546151755.46
1546151755.49
1546151755.53
1546151755.56
1546151755.59
1546151755.63
1546151755.66
1546151755.69
1546151755.73
1546151755.76
1546151755.79
1546151755.83
1546151755.86
1546151755.89
1546151755.93
1546151755.96
1546151755.99
1546151756.03
1546151756.06
1546151756.09
1546151756.13
1546151756.16
1546151756.19
1546151756.23
1546151756.26
1546151756.29
1546151756.32
1546151756.35
1546151756.39
1546151756.42
1546151756.45
1546151756.49
1546151756.52
1546151756.55
1546151756.59
1546151756.62
1546151756.65
1546151756.69
1546151756.72
1546151756.75
1546151756.79
1546151756.82
1546151756.85
1546151756.89
1546151756.92
1546151756.95
1546151756.98
1546151757.02
1546151757.05
1546151757.09
1546151757.12
1546151757.15
1546151757.18
1546151757.22
1546151757.25
1546151757.29
1546151757.32
1546151757.35
1546151757.38
1546151757.42
1546151757.45
1546151757.48
1546151757.52
1546151757.55
1546151757.58
1546151757.62
1546151757.65
1546151757.68
1546151757.72
1546151757.75
1546151757.79
1546151757.82
1546151757.85
1546151757.88
1546151757.92
1546151757.95
1546151757.98
1546151758.02
1546151758.05
1546151758.09
1546151758.12
1546151758.15
1546151758.18
1546151758.22
1546151758.25
1546151758.29
1546151758.32
1546151758.35
1546151758.39
1546151758.42
1546151758.45
1546151758.48
1546151758.52
1546151758.55
1546151758.59
1546151758.62
1546151758.65
1546151758.68
1546151758.72
1546151758.75
1546151758.79
1546151758.82
1546151758.85
1546151758.88
1546151758.92
1546151758.95
1546151758.98
1546151759.02
1546151759.05
1546151759.09
1546151759.12
1546151759.15
1546151759.19
1546151759.22
1546151759.25
1546151759.29
1546151759.32
1546151759.35
1546151759.38
1546151759.42
1546151759.45
1546151759.48
1546151759.52
1546151759.55
1546151759.59
1546151759.62
1546151759.65
1546151759.68
1546151759.72
1546151759.75
1546151759.78
1546151759.82
1546151759.85
1546151759.88
1546151759.92
1546151759.95
1546151759.98
1546151760.02
1546151760.05
1546151760.08
1546151760.12
1546151760.15
1546151760.18
1546151760.22
1546151760.25
1546151760.28
1546151760.32
1546151760.35
1546151760.38
1546151760.42
1546151760.45
1546151760.48
1546151760.52
1546151760.55
1546151760.58
1546151760.62
1546151760.65
1546151760.68
1546151760.72
1546151760.75
1546151760.78
1546151760.82
1546151760.85
1546151760.88
1546151760.92
1546151760.95
1546151760.98
1546151761.02
1546151761.05
1546151761.09
1546151761.12
1546151761.15
1546151761.18
1546151761.22
1546151761.25
1546151761.28
1546151761.32
1546151761.35
1546151761.38
1546151761.42
1546151761.45
1546151761.48
1546151761.52
1546151761.55
1546151761.58
1546151761.62
1546151761.65
1546151761.68
1546151761.72
1546151761.75
1546151761.78
1546151761.82
1546151761.85
1546151761.88
1546151761.92
1546151761.95
1546151761.98
1546151762.02
1546151762.05
1546151762.08
1546151762.12
1546151762.15
1546151762.18
1546151762.22
1546151762.25
1546151762.28
1546151762.32
1546151762.35
1546151762.38
1546151762.42
1546151762.45
1546151762.48
1546151762.52
1546151762.55
1546151762.58
1546151762.62
1546151762.65
1546151762.68
1546151762.72
1546151762.75
1546151762.78
1546151762.82
1546151762.85
1546151762.88
1546151762.91
1546151762.95
1546151762.98
1546151763.02
1546151763.05
1546151763.08
1546151763.12
1546151763.15
1546151763.18
1546151763.21
1546151763.25
1546151763.28
1546151763.32
1546151763.35
1546151763.38
1546151763.41
1546151763.45
1546151763.48
1546151763.52
1546151763.55
1546151763.58
1546151763.62
1546151763.65
1546151763.68
1546151763.71
1546151763.75
1546151763.78
1546151763.82
1546151763.85
1546151763.88
1546151763.91
1546151763.95
1546151763.98
1546151764.02
1546151764.05
1546151764.08
1546151764.12
1546151764.15
1546151764.18
1546151764.21
1546151764.25
1546151764.28
1546151764.32
1546151764.35
1546151764.38
1546151764.42
1546151764.45
1546151764.48
1546151764.52
1546151764.55
1546151764.58
1546151764.62
1546151764.65
1546151764.68
1546151764.72
1546151764.75
1546151764.78
1546151764.82
1546151764.85
1546151764.88
1546151764.91
1546151764.95
1546151764.98
1546151765.02
1546151765.05
1546151765.08
1546151765.12
1546151765.15
1546151765.18
1546151765.21
1546151765.25
1546151765.28
1546151765.31
1546151765.35
1546151765.38
1546151765.41
1546151765.45
1546151765.48
1546151765.51
1546151765.55
1546151765.58
1546151765.62
1546151765.65
1546151765.68
1546151765.71
1546151765.75
1546151765.78
1546151765.82
1546151765.85
1546151765.88
1546151765.91
1546151765.95
1546151765.98
1546151766.02
1546151766.05
1546151766.08
1546151766.12
1546151766.15
1546151766.18
1546151766.21
1546151766.25
1546151766.28
1546151766.32
1546151766.35
1546151766.38
1546151766.41
1546151766.45
1546151766.48
1546151766.52
1546151766.55
1546151766.58
1546151766.61
1546151766.65
1546151766.68
1546151766.71
1546151766.75
1546151766.78
1546151766.82
1546151766.85
1546151766.88
1546151766.91
1546151766.95
1546151766.98
1546151767.02
1546151767.05
1546151767.08
1546151767.12
1546151767.15
1546151767.18
1546151767.22
1546151767.25
1546151767.28
1546151767.32
1546151767.35
1546151767.38
1546151767.41
1546151767.45
1546151767.48
1546151767.52
1546151767.55
1546151767.58
1546151767.62
1546151767.65
1546151767.68
1546151767.71
1546151767.75
1546151767.78
1546151767.82
1546151767.85
1546151767.88
1546151767.91
1546151767.95
1546151767.98
1546151768.02
1546151768.05
1546151768.08
1546151768.12
1546151768.15
1546151768.18
1546151768.22
1546151768.25
1546151768.28
1546151768.32
1546151768.35
1546151768.38
1546151768.42
1546151768.45
1546151768.48
1546151768.52
1546151768.55
1546151768.58
1546151768.62
1546151768.65
1546151768.68
1546151768.72
1546151768.75
1546151768.78
1546151768.82
1546151768.85
1546151768.88
1546151768.92
1546151768.95
1546151768.98
1546151769.02
1546151769.05
1546151769.08
1546151769.12
1546151769.15
1546151769.18
1546151769.21
1546151769.25
1546151769.28
1546151769.32
1546151769.35
1546151769.38
1546151769.41
1546151769.45
1546151769.48
1546151769.52
1546151769.55
1546151769.58
1546151769.62
1546151769.65
1546151769.68
1546151769.71
1546151769.75
1546151769.78
1546151769.82
1546151769.85
1546151769.88
1546151769.91
1546151769.95
1546151769.98
1546151770.02
1546151770.05
1546151770.08
1546151770.12
1546151770.15
1546151770.18
1546151770.21
1546151770.25
1546151770.28
1546151770.32
1546151770.35
1546151770.38
1546151770.41
1546151770.45
1546151770.48
1546151770.52
1546151770.55
1546151770.58
1546151770.62
1546151770.65
1546151770.68
1546151770.71
1546151770.75
1546151770.78
1546151770.82
1546151770.85
1546151770.88
1546151770.91
1546151770.95
1546151770.98
1546151771.02
1546151771.05
1546151771.08
1546151771.12
1546151771.15
1546151771.18
1546151771.22
1546151771.25
1546151771.28
1546151771.32
1546151771.35
1546151771.38
1546151771.42
1546151771.45
1546151771.48
1546151771.52
1546151771.55
1546151771.58
1546151771.62
1546151771.65
1546151771.68
1546151771.72
1546151771.75
1546151771.78
1546151771.82
1546151771.85
1546151771.88
1546151771.92
1546151771.95
1546151771.98
1546151772.02
1546151772.05
1546151772.08
1546151772.12
1546151772.15
1546151772.18
1546151772.22
1546151772.25
1546151772.28
1546151772.32
1546151772.35
1546151772.38
1546151772.41
1546151772.45
1546151772.48
1546151772.52
1546151772.55
1546151772.58
1546151772.62
1546151772.65
1546151772.68
1546151772.71
1546151772.75
1546151772.78
1546151772.82
1546151772.85
1546151772.88
1546151772.92
1546151772.95
1546151772.98
1546151773.02
1546151773.05
1546151773.08
1546151773.12
1546151773.15
1546151773.18
1546151773.22
1546151773.25
1546151773.28
1546151773.32
1546151773.35
1546151773.38
1546151773.42
1546151773.45
1546151773.48
1546151773.52
1546151773.55
1546151773.59
1546151773.62
1546151773.65
1546151773.68
1546151773.72
1546151773.75
1546151773.78
1546151773.82
1546151773.85
1546151773.88
1546151773.92
1546151773.95
1546151773.98
1546151774.02
1546151774.05
1546151774.08
1546151774.12
1546151774.15
1546151774.18
1546151774.22
1546151774.25
1546151774.28
1546151774.32
1546151774.35
1546151774.38
1546151774.42
1546151774.45
1546151774.48
1546151774.52
1546151774.55
1546151774.58
1546151774.62
1546151774.65
1546151774.68
1546151774.72
1546151774.75
1546151774.79
1546151774.82
1546151774.85
1546151774.88
1546151774.92
1546151774.95
1546151774.98
1546151775.02
1546151775.05
1546151775.08
1546151775.12
1546151775.15
1546151775.18
1546151775.22
1546151775.25
1546151775.28
1546151775.32
1546151775.35
1546151775.38
1546151775.42
1546151775.45
1546151775.48
1546151775.52
1546151775.55
1546151775.58
1546151775.62
1546151775.65
1546151775.68
1546151775.72
1546151775.75
1546151775.78
1546151775.82
1546151775.85
1546151775.88
1546151775.92
1546151775.95
1546151775.98
1546151776.02
1546151776.05
1546151776.09
1546151776.12
1546151776.15
1546151776.19
1546151776.22
1546151776.25
1546151776.29
1546151776.32
1546151776.35
1546151776.39
1546151776.42
1546151776.45
1546151776.49
1546151776.52
1546151776.55
1546151776.59
1546151776.62
1546151776.65
1546151776.69
1546151776.72
1546151776.75
1546151776.79
1546151776.82
1546151776.85
1546151776.89
1546151776.92
1546151776.95
1546151776.99
1546151777.02
1546151777.05
1546151777.09
1546151777.12
1546151777.15
1546151777.19
1546151777.22
1546151777.25
1546151777.29
1546151777.32
1546151777.35
1546151777.39
1546151777.42
1546151777.45
1546151777.49
1546151777.52
1546151777.55
1546151777.59
1546151777.62
1546151777.65
1546151777.69
1546151777.72
1546151777.75
1546151777.79
1546151777.82
1546151777.85
1546151777.89
1546151777.92
1546151777.95
1546151777.99
1546151778.02
1546151778.05
1546151778.09
1546151778.12
1546151778.15
1546151778.19
1546151778.22
1546151778.25
1546151778.29
1546151778.32
1546151778.36
1546151778.39
1546151778.42
1546151778.45
1546151778.49
1546151778.52
1546151778.56
1546151778.59
1546151778.62
1546151778.65
1546151778.69
1546151778.72
1546151778.76
1546151778.79
1546151778.82
1546151778.86
1546151778.89
1546151778.92
1546151778.96
1546151778.99
1546151779.02
1546151779.06
1546151779.09
1546151779.12
1546151779.16
1546151779.19
1546151779.22
1546151779.26
1546151779.29
1546151779.32
1546151779.36
1546151779.39
1546151779.42
1546151779.46
1546151779.49
1546151779.52
1546151779.56
1546151779.59
1546151779.62
1546151779.66
1546151779.69
1546151779.72
1546151779.76
1546151779.79
1546151779.82
1546151779.86
1546151779.89
1546151779.92
1546151779.96
1546151779.99
1546151780.02
1546151780.06
1546151780.09
1546151780.12
1546151780.15
1546151780.18
1546151780.22
1546151780.25
1546151780.28
1546151780.32
1546151780.35
1546151780.38
1546151780.41
1546151780.45
1546151780.48
1546151780.51
1546151780.55
1546151780.58
1546151780.62
1546151780.65
1546151780.68
1546151780.71
1546151780.75
1546151780.78
1546151780.82
1546151780.85
1546151780.88
1546151780.91
1546151780.95
1546151780.98
1546151781.01
1546151781.05
1546151781.08
1546151781.11
1546151781.15
1546151781.18
1546151781.21
1546151781.25
1546151781.28
1546151781.31
1546151781.35
1546151781.38
1546151781.41
1546151781.45
1546151781.48
1546151781.51
1546151781.55
1546151781.58
1546151781.61
1546151781.65
1546151781.68
1546151781.71
1546151781.75
1546151781.78
1546151781.82
1546151781.85
1546151781.88
1546151781.91
1546151781.95
1546151781.98
1546151782.02
1546151782.05
1546151782.08
1546151782.12
1546151782.15
1546151782.18
1546151782.21
1546151782.25
1546151782.28
1546151782.31
1546151782.35
1546151782.38
1546151782.41
1546151782.45
1546151782.48
1546151782.51
1546151782.55
1546151782.58
1546151782.61
1546151782.65
1546151782.68
1546151782.71
1546151782.75
1546151782.78
1546151782.81
1546151782.85
1546151782.88
1546151782.91
1546151782.95
1546151782.98
1546151783.01
1546151783.05
1546151783.08
1546151783.11
1546151783.15
1546151783.18
1546151783.21
1546151783.25
1546151783.28
1546151783.31
1546151783.35
1546151783.38
1546151783.41
1546151783.45
1546151783.48
1546151783.51
1546151783.55
1546151783.58
1546151783.61
1546151783.65
1546151783.68
1546151783.71
1546151783.74
1546151783.78
1546151783.81
1546151783.85
1546151783.88
1546151783.91
1546151783.95
1546151783.98
1546151784.01
1546151784.05
1546151784.08
1546151784.11
1546151784.15
1546151784.18
1546151784.21
1546151784.25
1546151784.28
1546151784.31
1546151784.35
1546151784.38
1546151784.41
1546151784.45
1546151784.48
1546151784.51
1546151784.55
1546151784.58
1546151784.61
1546151784.65
1546151784.68
1546151784.71
1546151784.75
1546151784.78
1546151784.81
1546151784.85
1546151784.88
1546151784.91
1546151784.94
1546151784.98
1546151785.01
1546151785.05
1546151785.08
1546151785.11
1546151785.15
1546151785.18
1546151785.21
1546151785.25
1546151785.28
1546151785.31
1546151785.35
1546151785.38
1546151785.41
1546151785.44
1546151785.48
1546151785.51
1546151785.55
1546151785.58
1546151785.61
1546151785.64
1546151785.68
1546151785.71
1546151785.75
1546151785.78
1546151785.81
1546151785.85
1546151785.88
1546151785.91
1546151785.94
1546151785.98
1546151786.01
1546151786.05
1546151786.08
1546151786.11
1546151786.15
1546151786.18
1546151786.21
1546151786.24
1546151786.28
1546151786.31
1546151786.35
1546151786.38
1546151786.41
1546151786.45
1546151786.48
1546151786.51
1546151786.55
1546151786.58
1546151786.61
1546151786.65
1546151786.68
1546151786.71
1546151786.75
1546151786.78
1546151786.81
1546151786.85
1546151786.88
1546151786.91
1546151786.94
1546151786.98
1546151787.01
1546151787.05
1546151787.08
1546151787.11
1546151787.15
1546151787.18
1546151787.21
1546151787.24
1546151787.28
1546151787.31
1546151787.35
1546151787.38
1546151787.41
1546151787.44
1546151787.48
1546151787.51
1546151787.55
1546151787.58
1546151787.61
1546151787.64
1546151787.68
1546151787.71
1546151787.75
1546151787.78
1546151787.81
1546151787.85
1546151787.88
1546151787.91
1546151787.94
1546151787.98
1546151788.01
1546151788.05
1546151788.08
1546151788.11
1546151788.14
1546151788.18
1546151788.21
1546151788.24
1546151788.28
1546151788.31
1546151788.35
1546151788.38
1546151788.41
1546151788.44
1546151788.48
1546151788.51
1546151788.55
1546151788.58
1546151788.61
1546151788.64
1546151788.68
1546151788.71
1546151788.74
1546151788.78
1546151788.81
1546151788.84
1546151788.88
1546151788.91
1546151788.94
1546151788.98
1546151789.01
1546151789.04
1546151789.08
1546151789.11
1546151789.14
1546151789.18
1546151789.21
1546151789.24
1546151789.28
1546151789.31
1546151789.34
1546151789.38
1546151789.41
1546151789.44
1546151789.48
1546151789.51
1546151789.54
1546151789.58
1546151789.61
1546151789.64
1546151789.68
1546151789.71
1546151789.74
1546151789.78
1546151789.81
1546151789.84
1546151789.88
1546151789.91
1546151789.94
1546151789.98
1546151790.01
1546151790.04
1546151790.08
1546151790.11
1546151790.14
1546151790.18
1546151790.21
1546151790.24
1546151790.28
1546151790.31
1546151790.35
1546151790.38
1546151790.41
1546151790.45
1546151790.48
1546151790.51
1546151790.55
1546151790.58
1546151790.61
1546151790.64
1546151790.68
1546151790.71
1546151790.75
1546151790.78
1546151790.81
1546151790.85
1546151790.88
1546151790.91
1546151790.95
1546151790.98
1546151791.01
1546151791.05
1546151791.08
1546151791.11
1546151791.15
1546151791.18
1546151791.21
1546151791.25
1546151791.28
1546151791.31
1546151791.35
1546151791.38
1546151791.41
1546151791.45
1546151791.48
1546151791.51
1546151791.55
1546151791.58
1546151791.61
1546151791.65
1546151791.68
1546151791.71
1546151791.74
1546151791.78
1546151791.81
1546151791.85
1546151791.88
1546151791.91
1546151791.95
1546151791.98
1546151792.01
1546151792.05
1546151792.08
1546151792.11
1546151792.15
1546151792.18
1546151792.21
1546151792.25
1546151792.28
1546151792.31
1546151792.35
1546151792.38
1546151792.41
1546151792.44
1546151792.48
1546151792.51
1546151792.55
1546151792.58
1546151792.61
1546151792.64
1546151792.68
1546151792.71
1546151792.74
1546151792.78
1546151792.81
1546151792.85
1546151792.88
1546151792.91
1546151792.94
1546151792.98
1546151793.01
1546151793.04
1546151793.08
1546151793.11
1546151793.14
1546151793.18
1546151793.21
1546151793.24
1546151793.28
1546151793.31
1546151793.34
1546151793.38
1546151793.41
1546151793.44
1546151793.48
1546151793.51
1546151793.54
1546151793.58
1546151793.61
1546151793.64
1546151793.68
1546151793.71
1546151793.75
1546151793.78
1546151793.81
1546151793.84
1546151793.88
1546151793.91
1546151793.94
1546151793.98
1546151794.01
1546151794.04
1546151794.08
1546151794.11
1546151794.14
1546151794.18
1546151794.21
1546151794.24
1546151794.28
1546151794.31
1546151794.34
1546151794.38
1546151794.41
1546151794.44
1546151794.48
1546151794.51
1546151794.54
1546151794.58
1546151794.61
1546151794.64
1546151794.68
1546151794.71
1546151794.74
1546151794.78
1546151794.81
1546151794.84
1546151794.88
1546151794.91
1546151794.94
1546151794.98
1546151795.01
1546151795.04
1546151795.08
1546151795.11
1546151795.14
1546151795.18
1546151795.21
1546151795.24
1546151795.28
1546151795.31
1546151795.34
1546151795.38
1546151795.41
1546151795.44
1546151795.48
1546151795.51
1546151795.54
1546151795.58
1546151795.61
1546151795.64
1546151795.68
1546151795.71
1546151795.74
1546151795.78
1546151795.81
1546151795.84
1546151795.88
1546151795.91
1546151795.94
1546151795.98
1546151796.01
1546151796.04
1546151796.08
1546151796.11
1546151796.14
1546151796.18
1546151796.21
1546151796.24
1546151796.28
1546151796.31
1546151796.34
1546151796.38
1546151796.41
1546151796.44
1546151796.48
1546151796.51
1546151796.54
1546151796.58
1546151796.61
1546151796.64
1546151796.68
1546151796.71
1546151796.74
1546151796.78
1546151796.81
1546151796.84
1546151796.88
1546151796.91
1546151796.94
1546151796.98
1546151797.01
1546151797.04
1546151797.08
1546151797.11
1546151797.14
1546151797.18
1546151797.21
1546151797.24
1546151797.28
1546151797.31
1546151797.34
1546151797.38
1546151797.41
1546151797.44
1546151797.48
1546151797.51
1546151797.54
1546151797.58
1546151797.61
1546151797.64
1546151797.68
1546151797.71
1546151797.74
1546151797.78
1546151797.81
1546151797.84
1546151797.88
1546151797.91
1546151797.94
1546151797.98
1546151798.01
1546151798.04
1546151798.08
1546151798.11
1546151798.14
1546151798.18
1546151798.21
1546151798.24
1546151798.28
1546151798.31
1546151798.34
1546151798.38
1546151798.41
1546151798.44
1546151798.48
1546151798.51
1546151798.54
1546151798.58
1546151798.61
1546151798.64
1546151798.68
1546151798.71
1546151798.74
1546151798.78
1546151798.81
1546151798.84
1546151798.88
1546151798.91
1546151798.94
1546151798.98
1546151799.01
1546151799.04
1546151799.08
1546151799.11
1546151799.14
1546151799.18
1546151799.21
1546151799.24
1546151799.28
1546151799.31
1546151799.34
1546151799.38
1546151799.41
1546151799.44
1546151799.48
1546151799.51
1546151799.54
1546151799.58
1546151799.61
1546151799.64
1546151799.68
1546151799.71
1546151799.74
1546151799.78
1546151799.81
1546151799.84
1546151799.88
1546151799.91
1546151799.94
1546151799.98
1546151800.01
1546151800.05
1546151800.08
1546151800.11
1546151800.15
1546151800.18
1546151800.21
1546151800.24
1546151800.28
1546151800.31
1546151800.35
1546151800.38
1546151800.41
1546151800.44
1546151800.48
1546151800.51
1546151800.55
1546151800.58
1546151800.61
1546151800.64
1546151800.68
1546151800.71
1546151800.75
1546151800.78
1546151800.81
1546151800.85
1546151800.88
1546151800.91
1546151800.95
1546151800.98
1546151801.01
1546151801.05
1546151801.08
1546151801.11
1546151801.15
1546151801.18
1546151801.21
1546151801.25
1546151801.28
1546151801.31
1546151801.35
1546151801.38
1546151801.41
1546151801.45
1546151801.48
1546151801.52
1546151801.55
1546151801.58
1546151801.61
1546151801.65
1546151801.68
1546151801.71
1546151801.75
1546151801.78
1546151801.82
1546151801.85
1546151801.88
1546151801.91
1546151801.95
1546151801.98
1546151802.02
1546151802.05
1546151802.08
1546151802.12
1546151802.15
1546151802.18
1546151802.22
1546151802.25
1546151802.28
1546151802.32
1546151802.35
1546151802.38
1546151802.41
1546151802.45
1546151802.48
1546151802.52
1546151802.55
1546151802.58
1546151802.62
1546151802.65
1546151802.68
1546151802.72
1546151802.75
1546151802.78
1546151802.82
1546151802.85
1546151802.88
1546151802.91
1546151802.95
1546151802.98
1546151803.02
1546151803.05
1546151803.08
1546151803.12
1546151803.15
1546151803.18
1546151803.21
1546151803.25
1546151803.28
1546151803.32
1546151803.35
1546151803.38
1546151803.41
1546151803.45
1546151803.48
1546151803.52
1546151803.55
1546151803.58
1546151803.62
1546151803.65
1546151803.68
1546151803.72
1546151803.75
1546151803.78
1546151803.82
1546151803.84
1546151803.88
1546151803.91
1546151803.94
1546151803.98
1546151804.01
1546151804.04
1546151804.08
1546151804.11
1546151804.14
1546151804.18
1546151804.21
1546151804.24
1546151804.28
1546151804.31
1546151804.34
1546151804.38
1546151804.41
1546151804.44
1546151804.47
1546151804.51
1546151804.54
1546151804.58
1546151804.61
1546151804.64
1546151804.67
1546151804.71
1546151804.74
1546151804.78
1546151804.81
1546151804.84
1546151804.88
1546151804.91
1546151804.94
1546151804.98
1546151805.01
1546151805.04
1546151805.08
1546151805.11
1546151805.14
1546151805.18
1546151805.21
1546151805.24
1546151805.28
1546151805.31
1546151805.34
1546151805.38
1546151805.41
1546151805.44
1546151805.48
1546151805.51
1546151805.54
1546151805.58
1546151805.61
1546151805.64
1546151805.68
1546151805.71
1546151805.74
1546151805.78
1546151805.81
1546151805.84
1546151805.88
1546151805.91
1546151805.94
1546151805.97
1546151806.01
1546151806.04
1546151806.08
1546151806.11
1546151806.14
1546151806.17
1546151806.21
1546151806.24
1546151806.28
1546151806.31
1546151806.34
1546151806.38
1546151806.41
1546151806.44
1546151806.48
1546151806.51
1546151806.54
1546151806.58
1546151806.61
1546151806.64
1546151806.68
1546151806.71
1546151806.74
1546151806.78
1546151806.81
1546151806.84
1546151806.88
1546151806.91
1546151806.94
1546151806.98
1546151807.01
1546151807.04
1546151807.08
1546151807.11
1546151807.14
1546151807.18
1546151807.21
1546151807.24
1546151807.28
1546151807.31
1546151807.34
1546151807.38
1546151807.41
1546151807.44
1546151807.47
1546151807.51
1546151807.54
1546151807.58
1546151807.61
1546151807.64
1546151807.68
1546151807.71
1546151807.74
1546151807.78
1546151807.81
1546151807.85
1546151807.88
1546151807.91
1546151807.94
1546151807.98
1546151808.01
1546151808.04
1546151808.08
1546151808.11
1546151808.14
1546151808.18
1546151808.21
1546151808.24
1546151808.28
1546151808.31
1546151808.34
1546151808.38
1546151808.41
1546151808.44
1546151808.47
1546151808.51
1546151808.54
1546151808.58
1546151808.61
1546151808.64
1546151808.68
1546151808.71
1546151808.74
1546151808.78
1546151808.81
1546151808.84
1546151808.88
1546151808.91
1546151808.94
1546151808.97
1546151809.01
1546151809.04
1546151809.08
1546151809.11
1546151809.14
1546151809.17
1546151809.21
1546151809.24
1546151809.27
1546151809.31
1546151809.34
1546151809.37
1546151809.41
1546151809.44
1546151809.47
1546151809.51
1546151809.54
1546151809.57
1546151809.61
1546151809.64
1546151809.67
1546151809.71
1546151809.74
1546151809.78
1546151809.81
1546151809.84
1546151809.87
1546151809.91
1546151809.94
1546151809.97
1546151810.01
1546151810.04
1546151810.08
1546151810.11
1546151810.14
1546151810.17
1546151810.21
1546151810.24
1546151810.27
1546151810.31
1546151810.34
1546151810.38
1546151810.41
1546151810.44
1546151810.47
1546151810.51
1546151810.54
1546151810.58
1546151810.61
1546151810.64
1546151810.67
1546151810.71
1546151810.74
1546151810.77
1546151810.81
1546151810.84
1546151810.87
1546151810.91
1546151810.94
1546151810.97
1546151811.01
1546151811.04
1546151811.07
1546151811.11
1546151811.14
1546151811.17
1546151811.21
1546151811.24
1546151811.27
1546151811.31
1546151811.34
1546151811.37
1546151811.41
1546151811.44
1546151811.47
1546151811.51
1546151811.54
1546151811.57
1546151811.61
1546151811.64
1546151811.67
1546151811.71
1546151811.74
1546151811.77
1546151811.81
1546151811.84
1546151811.87
1546151811.91
1546151811.94
1546151811.97
1546151812.01
1546151812.04
1546151812.07
1546151812.11
1546151812.14
1546151812.17
1546151812.21
1546151812.24
1546151812.27
1546151812.31
1546151812.34
1546151812.37
1546151812.41
1546151812.44
1546151812.47
1546151812.51
1546151812.54
1546151812.57
1546151812.61
1546151812.64
1546151812.67
1546151812.7
1546151812.74
1546151812.77
1546151812.81
1546151812.84
1546151812.87
1546151812.9
1546151812.94
1546151812.97
1546151813.01
1546151813.04
1546151813.07
1546151813.11
1546151813.14
1546151813.17
1546151813.2
1546151813.24
1546151813.27
1546151813.31
1546151813.34
1546151813.37
1546151813.41
1546151813.44
1546151813.47
1546151813.51
1546151813.54
1546151813.57
1546151813.61
1546151813.64
1546151813.67
1546151813.7
1546151813.74
1546151813.77
1546151813.81
1546151813.84
1546151813.87
1546151813.9
1546151813.94
1546151813.97
1546151814.01
1546151814.04
1546151814.07
1546151814.1
1546151814.14
1546151814.17
1546151814.2
1546151814.24
1546151814.27
1546151814.3
1546151814.34
1546151814.37
1546151814.4
1546151814.44
1546151814.47
1546151814.5
1546151814.54
1546151814.57
1546151814.6
1546151814.64
1546151814.67
1546151814.7
1546151814.74
1546151814.77
1546151814.81
1546151814.84
1546151814.87
1546151814.9
1546151814.94
1546151814.97
1546151815.01
1546151815.04
1546151815.07
1546151815.1
1546151815.14
1546151815.17
1546151815.2
1546151815.24
1546151815.27
1546151815.3
1546151815.34
1546151815.37
1546151815.4
1546151815.44
1546151815.47
1546151815.5
1546151815.54
1546151815.57
1546151815.6
1546151815.64
1546151815.67
1546151815.7
1546151815.74
1546151815.77
1546151815.8
1546151815.84
1546151815.87
1546151815.9
1546151815.94
1546151815.97
1546151816.0
1546151816.04
1546151816.07
1546151816.1
1546151816.14
1546151816.17
1546151816.2
1546151816.24
1546151816.27
1546151816.3
1546151816.34
1546151816.37
1546151816.4
1546151816.44
1546151816.47
1546151816.5
1546151816.54
1546151816.57
1546151816.6
1546151816.64
1546151816.67
1546151816.7
1546151816.74
1546151816.77
1546151816.8
1546151816.84
1546151816.87
1546151816.9
1546151816.94
1546151816.97
1546151817.0
1546151817.04
1546151817.07
1546151817.1
1546151817.14
1546151817.17
1546151817.2
1546151817.24
1546151817.27
1546151817.3
1546151817.34
1546151817.37
1546151817.4
1546151817.44
1546151817.47
1546151817.5
1546151817.54
1546151817.57
1546151817.6
1546151817.64
1546151817.67
1546151817.7
1546151817.74
1546151817.77
1546151817.8
1546151817.84
1546151817.87
1546151817.9
1546151817.94
1546151817.97
1546151818.0
1546151818.04
1546151818.07
1546151818.1
1546151818.14
1546151818.17
1546151818.2
1546151818.24
1546151818.27
1546151818.3
1546151818.34
1546151818.37
1546151818.4
1546151818.44
1546151818.47
1546151818.5
1546151818.54
1546151818.57
1546151818.61
1546151818.64
1546151818.67
1546151818.7
1546151818.74
1546151818.77
1546151818.8
1546151818.84
1546151818.87
1546151818.9
1546151818.94
1546151818.97
1546151819.0
1546151819.04
1546151819.07
1546151819.1
1546151819.14
1546151819.17
1546151819.2
1546151819.24
1546151819.27
1546151819.3
1546151819.34
1546151819.37
1546151819.4
1546151819.44
1546151819.47
1546151819.5
1546151819.54
1546151819.57
1546151819.6
1546151819.64
1546151819.67
1546151819.7
1546151819.74
1546151819.77
1546151819.8
1546151819.84
1546151819.87
1546151819.9
1546151819.94
1546151819.97
1546151820.0
1546151820.04
1546151820.07
1546151820.1
1546151820.13
1546151820.17
1546151820.2
1546151820.24
1546151820.27
1546151820.3
1546151820.34
1546151820.37
1546151820.4
1546151820.44
1546151820.47
1546151820.5
1546151820.54
1546151820.57
1546151820.6
1546151820.64
1546151820.67
1546151820.7
1546151820.74
1546151820.77
1546151820.8
1546151820.84
1546151820.87
1546151820.9
1546151820.93
1546151820.97
1546151821.0
1546151821.04
1546151821.07
1546151821.1
1546151821.13
1546151821.17
1546151821.2
1546151821.23
1546151821.27
1546151821.3
1546151821.34
1546151821.37
1546151821.4
1546151821.44
1546151821.47
1546151821.5
1546151821.54
1546151821.57
1546151821.6
1546151821.64
1546151821.67
1546151821.7
1546151821.74
1546151821.77
1546151821.8
1546151821.84
1546151821.87
1546151821.9
1546151821.94
1546151821.97
1546151822.0
1546151822.04
1546151822.07
1546151822.1
1546151822.14
1546151822.17
1546151822.2
1546151822.24
1546151822.27
1546151822.3
1546151822.34
1546151822.37
1546151822.4
1546151822.44
1546151822.47
1546151822.5
1546151822.54
1546151822.57
1546151822.6
1546151822.64
1546151822.67
1546151822.7
1546151822.74
1546151822.77
1546151822.8
1546151822.84
1546151822.87
1546151822.9
1546151822.94
1546151822.97
1546151823.0
1546151823.04
1546151823.07
1546151823.1
1546151823.14
1546151823.17
1546151823.2
1546151823.24
1546151823.27
1546151823.3
1546151823.34
1546151823.37
1546151823.4
1546151823.44
1546151823.47
1546151823.51
1546151823.54
1546151823.57
1546151823.6
1546151823.64
1546151823.67
1546151823.7
1546151823.74
1546151823.77
1546151823.8
1546151823.84
1546151823.87
1546151823.9
1546151823.94
1546151823.97
1546151824.01
1546151824.04
1546151824.07
1546151824.11
1546151824.14
1546151824.17
1546151824.2
1546151824.24
1546151824.27
1546151824.31
1546151824.34
1546151824.37
1546151824.4
1546151824.44
1546151824.47
1546151824.51
1546151824.54
1546151824.57
1546151824.61
1546151824.64
1546151824.67
1546151824.71
1546151824.74
1546151824.77
1546151824.81
1546151824.84
1546151824.87
1546151824.91
1546151824.94
1546151824.97
1546151825.01
1546151825.04
1546151825.07
1546151825.11
1546151825.14
1546151825.17
1546151825.21
1546151825.24
1546151825.27
1546151825.31
1546151825.34
1546151825.38
1546151825.41
1546151825.44
1546151825.47
1546151825.51
1546151825.54
1546151825.58
1546151825.61
1546151825.64
1546151825.67
1546151825.71
1546151825.74
1546151825.78
1546151825.81
1546151825.84
1546151825.88
1546151825.91
1546151825.94
1546151825.97
1546151826.01
1546151826.04
1546151826.08
1546151826.11
1546151826.14
1546151826.17
1546151826.21
1546151826.24
1546151826.28
1546151826.31
1546151826.34
1546151826.38
1546151826.41
1546151826.44
1546151826.48
1546151826.51
1546151826.54
1546151826.58
1546151826.61
1546151826.64
1546151826.68
1546151826.71
1546151826.74
1546151826.78
1546151826.81
1546151826.84
1546151826.88
1546151826.91
1546151826.94
1546151826.98
1546151827.01
1546151827.04
1546151827.08
1546151827.11
1546151827.14
1546151827.18
1546151827.21
1546151827.24
1546151827.28
1546151827.31
1546151827.34
1546151827.38
1546151827.4
1546151827.44
1546151827.47
1546151827.5
1546151827.54
1546151827.57
1546151827.6
1546151827.64
1546151827.67
1546151827.7
1546151827.74
1546151827.77
1546151827.8
1546151827.84
1546151827.87
1546151827.9
1546151827.93
1546151827.97
1546151828.0
1546151828.04
1546151828.07
1546151828.1
1546151828.13
1546151828.17
1546151828.2
1546151828.23
1546151828.27
1546151828.3
1546151828.34
1546151828.37
1546151828.4
1546151828.43
1546151828.47
1546151828.5
1546151828.54
1546151828.57
1546151828.6
1546151828.63
1546151828.67
1546151828.7
1546151828.73
1546151828.77
1546151828.8
1546151828.84
1546151828.87
1546151828.9
1546151828.93
1546151828.97
1546151829.0
