1546151936.54
1546151936.67
1546151936.71
1546151936.74
1546151936.77
1546151936.8
1546151936.83
1546151936.86
1546151936.89
1546151936.93
1546151936.96
1546151936.99
1546151937.03
1546151937.06
1546151937.09
1546151937.13
1546151937.16
1546151937.19
1546151937.23
1546151937.26
1546151937.29
1546151937.33
1546151937.36
1546151937.39
1546151937.43
1546151937.46
1546151937.49
1546151937.53
1546151937.56
1546151937.59
1546151937.63
1546151937.66
1546151937.69
1546151937.73
1546151937.76
1546151937.79
1546151937.83
1546151937.86
1546151937.89
1546151937.93
1546151937.96
1546151937.99
1546151938.03
1546151938.06
1546151938.09
1546151938.13
1546151938.16
1546151938.19
1546151938.23
1546151938.26
1546151938.29
1546151938.33
1546151938.36
1546151938.39
1546151938.43
1546151938.46
1546151938.49
1546151938.53
1546151938.56
1546151938.59
1546151938.62
1546151938.66
1546151938.69
1546151938.72
1546151938.76
1546151938.79
1546151938.83
1546151938.86
1546151938.89
1546151938.93
1546151938.96
1546151938.99
1546151939.03
1546151939.06
1546151939.09
1546151939.13
1546151939.16
1546151939.19
1546151939.23
1546151939.26
1546151939.29
1546151939.33
1546151939.36
1546151939.39
1546151939.43
1546151939.46
1546151939.49
1546151939.53
1546151939.56
1546151939.59
1546151939.63
1546151939.66
1546151939.69
1546151939.73
1546151939.76
1546151939.79
1546151939.83
1546151939.86
1546151939.89
1546151939.92
1546151939.96
1546151939.99
1546151940.03
1546151940.06
1546151940.09
1546151940.12
1546151940.16
1546151940.19
1546151940.22
1546151940.26
1546151940.29
1546151940.33
1546151940.36
1546151940.39
1546151940.43
1546151940.46
1546151940.49
1546151940.53
1546151940.56
1546151940.59
1546151940.62
1546151940.66
1546151940.69
1546151940.72
1546151940.76
1546151940.79
1546151940.83
1546151940.86
1546151940.89
1546151940.92
1546151940.96
1546151940.99
1546151941.02
1546151941.06
1546151941.09
1546151941.12
1546151941.16
1546151941.19
1546151941.22
1546151941.26
1546151941.29
1546151941.32
1546151941.36
1546151941.39
1546151941.42
1546151941.46
1546151941.49
1546151941.53
1546151941.56
1546151941.59
1546151941.62
1546151941.66
1546151941.69
1546151941.72
1546151941.76
1546151941.79
1546151941.82
1546151941.86
1546151941.89
1546151941.92
1546151941.96
1546151941.99
1546151942.02
1546151942.06
1546151942.09
1546151942.12
1546151942.16
1546151942.19
1546151942.22
1546151942.26
1546151942.29
1546151942.32
1546151942.36
1546151942.39
1546151942.42
1546151942.46
1546151942.49
1546151942.53
1546151942.56
1546151942.59
1546151942.62
1546151942.66
1546151942.69
1546151942.73
1546151942.76
1546151942.79
1546151942.83
1546151942.86
1546151942.89
1546151942.92
1546151942.96
1546151942.99
1546151943.03
1546151943.06
1546151943.09
1546151943.12
1546151943.16
1546151943.19
1546151943.22
1546151943.26
1546151943.29
1546151943.33
1546151943.36
1546151943.39
1546151943.42
1546151943.46
1546151943.49
1546151943.52
1546151943.56
1546151943.59
1546151943.62
1546151943.66
1546151943.69
1546151943.72
1546151943.76
1546151943.79
1546151943.82
1546151943.86
1546151943.89
1546151943.92
1546151943.96
1546151943.99
1546151944.03
1546151944.06
1546151944.09
1546151944.12
1546151944.16
1546151944.19
1546151944.22
1546151944.26
1546151944.29
1546151944.32
1546151944.36
1546151944.39
1546151944.42
1546151944.46
1546151944.49
1546151944.53
1546151944.56
1546151944.59
1546151944.62
1546151944.66
1546151944.69
1546151944.72
1546151944.76
1546151944.79
1546151944.83
1546151944.86
1546151944.89
1546151944.92
1546151944.96
1546151944.99
1546151945.03
1546151945.06
1546151945.09
1546151945.13
1546151945.16
1546151945.19
1546151945.22
1546151945.26
1546151945.29
1546151945.33
1546151945.36
1546151945.39
1546151945.42
1546151945.46
1546151945.49
1546151945.53
1546151945.56
1546151945.59
1546151945.62
1546151945.66
1546151945.69
1546151945.73
1546151945.76
1546151945.79
1546151945.83
1546151945.86
1546151945.89
1546151945.93
1546151945.96
1546151945.99
1546151946.03
1546151946.06
1546151946.09
1546151946.12
1546151946.16
1546151946.19
1546151946.22
1546151946.26
1546151946.29
1546151946.33
1546151946.36
1546151946.39
1546151946.43
1546151946.46
1546151946.49
1546151946.53
1546151946.56
1546151946.59
1546151946.62
1546151946.66
1546151946.69
1546151946.73
1546151946.76
1546151946.79
1546151946.83
1546151946.86
1546151946.89
1546151946.92
1546151946.96
1546151946.99
1546151947.03
1546151947.06
1546151947.09
1546151947.12
1546151947.16
1546151947.19
1546151947.22
1546151947.26
1546151947.29
1546151947.33
1546151947.36
1546151947.39
1546151947.43
1546151947.46
1546151947.49
1546151947.53
1546151947.56
1546151947.59
1546151947.63
1546151947.66
1546151947.69
1546151947.73
1546151947.76
1546151947.79
1546151947.83
1546151947.86
1546151947.89
1546151947.93
1546151947.96
1546151947.99
1546151948.03
1546151948.06
1546151948.09
1546151948.13
1546151948.16
1546151948.19
1546151948.23
1546151948.26
1546151948.29
1546151948.33
1546151948.36
1546151948.39
1546151948.43
1546151948.46
1546151948.49
1546151948.53
1546151948.56
1546151948.59
1546151948.63
1546151948.66
1546151948.69
1546151948.73
1546151948.76
1546151948.79
1546151948.83
1546151948.86
1546151948.89
1546151948.93
1546151948.96
1546151948.99
1546151949.03
1546151949.06
1546151949.1
1546151949.13
1546151949.16
1546151949.19
1546151949.23
1546151949.26
1546151949.29
1546151949.32
1546151949.36
1546151949.39
1546151949.42
1546151949.45
1546151949.49
1546151949.52
1546151949.55
1546151949.59
1546151949.62
1546151949.65
1546151949.69
1546151949.72
1546151949.75
1546151949.79
1546151949.82
1546151949.85
1546151949.89
1546151949.92
1546151949.95
1546151949.99
1546151950.02
1546151950.05
1546151950.09
1546151950.12
1546151950.15
1546151950.19
1546151950.22
1546151950.25
1546151950.29
1546151950.32
1546151950.35
1546151950.39
1546151950.42
1546151950.45
1546151950.49
1546151950.52
1546151950.55
1546151950.59
1546151950.62
1546151950.65
1546151950.69
1546151950.72
1546151950.75
1546151950.79
1546151950.82
1546151950.85
1546151950.89
1546151950.92
1546151950.95
1546151950.99
1546151951.02
1546151951.06
1546151951.09
1546151951.12
1546151951.15
1546151951.19
1546151951.22
1546151951.26
1546151951.29
1546151951.32
1546151951.36
1546151951.39
1546151951.42
1546151951.45
1546151951.49
1546151951.52
1546151951.56
1546151951.59
1546151951.62
1546151951.65
1546151951.69
1546151951.72
1546151951.76
1546151951.79
1546151951.82
1546151951.86
1546151951.89
1546151951.92
1546151951.95
1546151951.99
1546151952.02
1546151952.05
1546151952.09
1546151952.12
1546151952.15
1546151952.19
1546151952.22
1546151952.25
1546151952.29
1546151952.32
1546151952.35
1546151952.39
1546151952.42
1546151952.45
1546151952.49
1546151952.52
1546151952.55
1546151952.59
1546151952.62
1546151952.65
1546151952.69
1546151952.72
1546151952.75
1546151952.79
1546151952.82
1546151952.85
1546151952.89
1546151952.92
1546151952.95
1546151952.99
1546151953.02
1546151953.05
1546151953.09
1546151953.12
1546151953.15
1546151953.19
1546151953.22
1546151953.25
1546151953.29
1546151953.32
1546151953.35
1546151953.38
1546151953.42
1546151953.45
1546151953.48
1546151953.52
1546151953.55
1546151953.59
1546151953.62
1546151953.65
1546151953.69
1546151953.72
1546151953.75
1546151953.79
1546151953.82
1546151953.85
1546151953.88
1546151953.92
1546151953.95
1546151953.99
1546151954.02
1546151954.05
1546151954.09
1546151954.12
1546151954.15
1546151954.18
1546151954.22
1546151954.25
1546151954.28
1546151954.32
1546151954.35
1546151954.38
1546151954.42
1546151954.45
1546151954.48
1546151954.52
1546151954.55
1546151954.58
1546151954.62
1546151954.65
1546151954.68
1546151954.72
1546151954.75
1546151954.78
1546151954.82
1546151954.85
1546151954.88
1546151954.92
1546151954.95
1546151954.98
1546151955.02
1546151955.05
1546151955.08
1546151955.12
1546151955.15
1546151955.18
1546151955.22
1546151955.25
1546151955.28
1546151955.32
1546151955.35
1546151955.38
1546151955.42
1546151955.45
1546151955.48
1546151955.52
1546151955.55
1546151955.58
1546151955.62
1546151955.65
1546151955.68
1546151955.72
1546151955.75
1546151955.78
1546151955.82
1546151955.85
1546151955.88
1546151955.92
1546151955.95
1546151955.98
1546151956.02
1546151956.05
1546151956.08
1546151956.12
1546151956.15
1546151956.18
1546151956.22
1546151956.25
1546151956.28
1546151956.32
1546151956.35
1546151956.38
1546151956.41
1546151956.45
1546151956.48
1546151956.52
1546151956.55
1546151956.58
1546151956.62
1546151956.65
1546151956.68
1546151956.72
1546151956.75
1546151956.78
1546151956.82
1546151956.85
1546151956.88
1546151956.91
1546151956.95
1546151956.98
1546151957.02
1546151957.05
1546151957.08
1546151957.12
1546151957.15
1546151957.18
1546151957.21
1546151957.25
1546151957.28
1546151957.32
1546151957.35
1546151957.38
1546151957.41
1546151957.45
1546151957.48
1546151957.51
1546151957.55
1546151957.58
1546151957.62
1546151957.65
1546151957.68
1546151957.71
1546151957.75
1546151957.78
1546151957.81
1546151957.85
1546151957.88
1546151957.91
1546151957.95
1546151957.98
1546151958.02
1546151958.05
1546151958.08
1546151958.11
1546151958.15
1546151958.18
1546151958.21
1546151958.25
1546151958.28
1546151958.31
1546151958.35
1546151958.38
1546151958.41
1546151958.45
1546151958.48
1546151958.51
1546151958.55
1546151958.58
1546151958.61
1546151958.65
1546151958.68
1546151958.71
1546151958.75
1546151958.78
1546151958.81
1546151958.85
1546151958.88
1546151958.91
1546151958.95
1546151958.98
1546151959.01
1546151959.05
1546151959.08
1546151959.11
1546151959.15
1546151959.18
1546151959.21
1546151959.25
1546151959.28
1546151959.31
1546151959.35
1546151959.38
1546151959.41
1546151959.45
1546151959.48
1546151959.51
1546151959.55
1546151959.58
1546151959.61
1546151959.64
1546151959.68
1546151959.71
1546151959.74
1546151959.78
1546151959.81
1546151959.85
1546151959.88
1546151959.91
1546151959.95
1546151959.98
1546151960.01
1546151960.05
1546151960.08
1546151960.11
1546151960.15
1546151960.18
1546151960.21
1546151960.25
1546151960.28
1546151960.31
1546151960.35
1546151960.38
1546151960.41
1546151960.45
1546151960.48
1546151960.51
1546151960.55
1546151960.58
1546151960.61
1546151960.65
1546151960.68
1546151960.71
1546151960.75
1546151960.78
1546151960.81
1546151960.85
1546151960.88
1546151960.91
1546151960.95
1546151960.98
1546151961.01
1546151961.05
1546151961.08
1546151961.11
1546151961.15
1546151961.18
1546151961.21
1546151961.25
1546151961.28
1546151961.31
1546151961.35
1546151961.38
1546151961.41
1546151961.44
1546151961.48
1546151961.51
1546151961.55
1546151961.58
1546151961.61
1546151961.65
1546151961.68
1546151961.71
1546151961.75
1546151961.78
1546151961.81
1546151961.85
1546151961.88
1546151961.91
1546151961.95
1546151961.98
1546151962.01
1546151962.05
1546151962.08
1546151962.11
1546151962.15
1546151962.18
1546151962.21
1546151962.25
1546151962.28
1546151962.31
1546151962.35
1546151962.38
1546151962.41
1546151962.45
1546151962.48
1546151962.51
1546151962.55
1546151962.58
1546151962.61
1546151962.65
1546151962.68
1546151962.71
1546151962.75
1546151962.78
1546151962.81
1546151962.85
1546151962.88
1546151962.91
1546151962.95
1546151962.98
1546151963.01
1546151963.05
1546151963.08
1546151963.11
1546151963.14
1546151963.18
1546151963.21
1546151963.24
1546151963.28
1546151963.31
1546151963.35
1546151963.38
1546151963.41
1546151963.44
1546151963.48
1546151963.51
1546151963.55
1546151963.58
1546151963.61
1546151963.64
1546151963.68
1546151963.71
1546151963.74
1546151963.78
1546151963.81
1546151963.85
1546151963.88
1546151963.91
1546151963.94
1546151963.98
1546151964.01
1546151964.05
1546151964.08
1546151964.11
1546151964.14
1546151964.18
1546151964.21
1546151964.24
1546151964.28
1546151964.31
1546151964.34
1546151964.38
1546151964.41
1546151964.44
1546151964.48
1546151964.51
1546151964.54
1546151964.58
1546151964.61
1546151964.64
1546151964.68
1546151964.71
1546151964.74
1546151964.78
1546151964.81
1546151964.84
1546151964.88
1546151964.91
1546151964.94
1546151964.98
1546151965.01
1546151965.05
1546151965.08
1546151965.11
1546151965.14
1546151965.18
1546151965.21
1546151965.24
1546151965.28
1546151965.31
1546151965.34
1546151965.38
1546151965.41
1546151965.44
1546151965.48
1546151965.51
1546151965.54
1546151965.58
1546151965.61
1546151965.64
1546151965.68
1546151965.71
1546151965.74
1546151965.78
1546151965.81
1546151965.84
1546151965.88
1546151965.91
1546151965.94
1546151965.98
1546151966.01
1546151966.04
1546151966.08
1546151966.11
1546151966.14
1546151966.18
1546151966.21
1546151966.24
1546151966.28
1546151966.31
1546151966.34
1546151966.38
1546151966.41
1546151966.44
1546151966.47
1546151966.51
1546151966.54
1546151966.58
1546151966.61
1546151966.64
1546151966.67
1546151966.71
1546151966.74
1546151966.78
1546151966.81
1546151966.84
1546151966.88
1546151966.91
1546151966.94
1546151966.98
1546151967.01
1546151967.04
1546151967.08
1546151967.11
1546151967.14
1546151967.18
1546151967.21
1546151967.24
1546151967.28
1546151967.31
1546151967.34
1546151967.38
1546151967.41
1546151967.44
1546151967.48
1546151967.51
1546151967.54
1546151967.58
1546151967.61
1546151967.64
1546151967.68
1546151967.71
1546151967.74
1546151967.78
1546151967.81
1546151967.84
1546151967.88
1546151967.91
1546151967.94
1546151967.98
1546151968.01
1546151968.04
1546151968.08
1546151968.11
1546151968.14
1546151968.18
1546151968.21
1546151968.24
1546151968.28
1546151968.31
1546151968.34
1546151968.38
1546151968.41
1546151968.44
1546151968.48
1546151968.51
1546151968.54
1546151968.58
1546151968.61
1546151968.64
1546151968.68
1546151968.71
1546151968.74
1546151968.78
1546151968.81
1546151968.84
1546151968.88
1546151968.91
1546151968.94
1546151968.98
1546151969.01
1546151969.04
1546151969.08
1546151969.11
1546151969.14
1546151969.18
1546151969.21
1546151969.24
1546151969.28
1546151969.31
1546151969.34
1546151969.38
1546151969.41
1546151969.44
1546151969.48
1546151969.51
1546151969.54
1546151969.58
1546151969.61
1546151969.64
1546151969.68
1546151969.71
1546151969.74
1546151969.78
1546151969.81
1546151969.84
1546151969.88
1546151969.91
1546151969.94
1546151969.98
1546151970.01
1546151970.04
1546151970.08
1546151970.11
1546151970.14
1546151970.18
1546151970.21
1546151970.24
1546151970.28
1546151970.31
1546151970.34
1546151970.38
1546151970.41
1546151970.44
1546151970.48
1546151970.51
1546151970.54
1546151970.58
1546151970.61
1546151970.64
1546151970.68
1546151970.71
1546151970.74
1546151970.78
1546151970.81
1546151970.85
1546151970.88
1546151970.91
1546151970.94
1546151970.98
1546151971.01
1546151971.05
1546151971.08
1546151971.11
1546151971.15
1546151971.18
1546151971.21
1546151971.25
1546151971.28
1546151971.31
1546151971.35
1546151971.38
1546151971.41
1546151971.45
1546151971.48
1546151971.51
1546151971.55
1546151971.58
1546151971.61
1546151971.65
1546151971.68
1546151971.71
1546151971.75
1546151971.78
1546151971.81
1546151971.85
1546151971.88
1546151971.91
1546151971.95
1546151971.98
1546151972.01
1546151972.05
1546151972.08
1546151972.11
1546151972.15
1546151972.18
1546151972.21
1546151972.25
1546151972.28
1546151972.32
1546151972.35
1546151972.38
1546151972.41
1546151972.45
1546151972.48
1546151972.51
1546151972.55
1546151972.58
1546151972.62
1546151972.65
1546151972.68
1546151972.71
1546151972.75
1546151972.78
1546151972.82
1546151972.85
1546151972.88
1546151972.91
1546151972.95
1546151972.98
1546151973.02
1546151973.05
1546151973.08
1546151973.11
1546151973.14
1546151973.17
1546151973.21
1546151973.24
1546151973.27
1546151973.31
1546151973.34
1546151973.37
1546151973.41
1546151973.44
1546151973.47
1546151973.51
1546151973.54
1546151973.57
1546151973.61
1546151973.64
1546151973.67
1546151973.71
1546151973.74
1546151973.77
1546151973.81
1546151973.84
1546151973.87
1546151973.91
1546151973.94
1546151973.97
1546151974.01
1546151974.04
1546151974.07
1546151974.11
1546151974.14
1546151974.17
1546151974.21
1546151974.24
1546151974.28
1546151974.31
1546151974.34
1546151974.38
1546151974.41
1546151974.44
1546151974.47
1546151974.51
1546151974.54
1546151974.58
1546151974.61
1546151974.64
1546151974.67
1546151974.71
1546151974.74
1546151974.77
1546151974.81
1546151974.84
1546151974.87
1546151974.91
1546151974.94
1546151974.97
1546151975.01
1546151975.04
1546151975.07
1546151975.11
1546151975.14
1546151975.17
1546151975.21
1546151975.24
1546151975.28
1546151975.31
1546151975.34
1546151975.38
1546151975.41
1546151975.44
1546151975.47
1546151975.51
1546151975.54
1546151975.58
1546151975.61
1546151975.64
1546151975.67
1546151975.71
1546151975.74
1546151975.78
1546151975.81
1546151975.84
1546151975.87
1546151975.91
1546151975.94
1546151975.97
1546151976.01
1546151976.04
1546151976.07
1546151976.11
1546151976.14
1546151976.17
1546151976.21
1546151976.24
1546151976.27
1546151976.31
1546151976.34
1546151976.37
1546151976.41
1546151976.44
1546151976.47
1546151976.51
1546151976.54
1546151976.57
1546151976.61
1546151976.64
1546151976.67
1546151976.71
1546151976.74
1546151976.77
1546151976.81
1546151976.84
1546151976.87
1546151976.91
1546151976.94
1546151976.97
1546151977.01
1546151977.04
1546151977.07
1546151977.11
1546151977.14
1546151977.17
1546151977.21
1546151977.24
1546151977.28
1546151977.31
1546151977.34
1546151977.38
1546151977.41
1546151977.44
1546151977.47
1546151977.51
1546151977.54
1546151977.58
1546151977.61
1546151977.64
1546151977.67
1546151977.71
1546151977.74
1546151977.78
1546151977.81
1546151977.84
1546151977.87
1546151977.91
1546151977.94
1546151977.97
1546151978.01
1546151978.04
1546151978.07
1546151978.11
1546151978.14
1546151978.17
1546151978.21
1546151978.24
1546151978.27
1546151978.31
1546151978.34
1546151978.37
1546151978.41
1546151978.44
1546151978.47
1546151978.51
1546151978.54
1546151978.58
1546151978.61
1546151978.64
1546151978.67
1546151978.71
1546151978.74
1546151978.77
1546151978.81
1546151978.84
1546151978.87
1546151978.91
1546151978.94
1546151978.97
1546151979.01
1546151979.04
1546151979.07
1546151979.11
1546151979.14
1546151979.17
1546151979.21
1546151979.24
1546151979.27
1546151979.31
1546151979.34
1546151979.38
1546151979.41
1546151979.44
1546151979.47
1546151979.51
1546151979.54
1546151979.57
1546151979.61
1546151979.64
1546151979.67
1546151979.71
1546151979.74
1546151979.77
1546151979.81
1546151979.84
1546151979.87
1546151979.91
1546151979.94
1546151979.97
1546151980.01
1546151980.04
1546151980.07
1546151980.11
1546151980.14
1546151980.17
1546151980.21
1546151980.24
1546151980.27
1546151980.31
1546151980.34
1546151980.37
1546151980.41
1546151980.44
1546151980.47
1546151980.51
1546151980.54
1546151980.57
1546151980.61
1546151980.64
1546151980.67
1546151980.71
1546151980.74
1546151980.77
1546151980.81
1546151980.84
1546151980.88
1546151980.91
1546151980.94
1546151980.97
1546151981.01
1546151981.04
1546151981.08
1546151981.11
1546151981.14
1546151981.17
1546151981.21
1546151981.24
1546151981.28
1546151981.31
1546151981.34
1546151981.38
1546151981.41
1546151981.44
1546151981.47
1546151981.51
1546151981.54
1546151981.58
1546151981.61
1546151981.64
1546151981.68
1546151981.71
1546151981.74
1546151981.78
1546151981.81
1546151981.84
1546151981.87
1546151981.91
1546151981.94
1546151981.97
1546151982.01
1546151982.04
1546151982.07
1546151982.11
1546151982.14
1546151982.17
1546151982.21
1546151982.24
1546151982.27
1546151982.31
1546151982.34
1546151982.37
1546151982.41
1546151982.44
1546151982.47
1546151982.51
1546151982.54
1546151982.57
1546151982.61
1546151982.64
1546151982.67
1546151982.71
1546151982.74
1546151982.78
1546151982.81
1546151982.84
1546151982.88
1546151982.91
1546151982.94
1546151982.97
1546151983.01
1546151983.04
1546151983.08
1546151983.11
1546151983.14
1546151983.18
1546151983.21
1546151983.24
1546151983.27
1546151983.31
1546151983.34
1546151983.37
1546151983.41
1546151983.44
1546151983.47
1546151983.51
1546151983.54
1546151983.58
1546151983.61
1546151983.64
1546151983.67
1546151983.71
1546151983.74
1546151983.77
1546151983.81
1546151983.84
1546151983.87
1546151983.91
1546151983.94
1546151983.97
1546151984.01
1546151984.04
1546151984.07
1546151984.11
1546151984.14
1546151984.17
1546151984.21
1546151984.24
1546151984.27
1546151984.31
1546151984.34
1546151984.37
1546151984.41
1546151984.44
1546151984.47
1546151984.51
1546151984.54
1546151984.57
1546151984.61
1546151984.64
1546151984.67
1546151984.71
1546151984.74
1546151984.77
1546151984.81
1546151984.84
1546151984.87
1546151984.91
1546151984.94
1546151984.97
1546151985.01
1546151985.04
1546151985.07
1546151985.11
1546151985.14
1546151985.17
1546151985.21
1546151985.24
1546151985.27
1546151985.31
1546151985.34
1546151985.37
1546151985.4
1546151985.44
1546151985.47
1546151985.51
1546151985.54
1546151985.57
1546151985.61
1546151985.64
1546151985.67
1546151985.71
1546151985.74
1546151985.77
1546151985.81
1546151985.84
1546151985.87
1546151985.91
1546151985.94
1546151985.97
1546151986.01
1546151986.04
1546151986.07
1546151986.11
1546151986.14
1546151986.17
1546151986.21
1546151986.24
1546151986.27
1546151986.31
1546151986.34
1546151986.37
1546151986.41
1546151986.44
1546151986.47
1546151986.51
1546151986.54
1546151986.57
1546151986.61
1546151986.64
1546151986.67
1546151986.71
1546151986.74
1546151986.77
1546151986.81
1546151986.84
1546151986.87
1546151986.91
1546151986.94
1546151986.97
1546151987.01
1546151987.04
1546151987.07
1546151987.11
1546151987.14
1546151987.17
1546151987.21
1546151987.24
1546151987.27
1546151987.31
1546151987.34
1546151987.37
1546151987.41
1546151987.44
1546151987.47
1546151987.51
1546151987.54
1546151987.57
1546151987.61
1546151987.64
1546151987.67
1546151987.71
1546151987.74
1546151987.77
1546151987.81
1546151987.84
1546151987.87
1546151987.91
1546151987.94
1546151987.97
1546151988.01
1546151988.04
1546151988.07
1546151988.11
1546151988.14
1546151988.17
1546151988.21
1546151988.24
1546151988.27
1546151988.31
1546151988.34
1546151988.37
1546151988.41
1546151988.44
1546151988.47
1546151988.51
1546151988.54
1546151988.57
1546151988.61
1546151988.64
1546151988.67
1546151988.71
1546151988.74
1546151988.77
1546151988.81
1546151988.84
1546151988.87
1546151988.91
1546151988.94
1546151988.97
1546151989.01
1546151989.04
1546151989.07
1546151989.11
1546151989.14
1546151989.17
1546151989.21
1546151989.24
1546151989.27
1546151989.31
1546151989.34
1546151989.37
1546151989.41
1546151989.44
1546151989.47
1546151989.51
1546151989.54
1546151989.57
1546151989.61
1546151989.64
1546151989.67
1546151989.71
1546151989.74
1546151989.77
1546151989.81
1546151989.84
1546151989.87
1546151989.91
1546151989.94
1546151989.97
1546151990.01
1546151990.04
1546151990.07
1546151990.11
1546151990.14
1546151990.17
1546151990.2
1546151990.24
1546151990.27
1546151990.31
1546151990.34
1546151990.37
1546151990.41
1546151990.44
1546151990.47
1546151990.5
1546151990.54
1546151990.57
1546151990.6
1546151990.64
1546151990.67
1546151990.7
1546151990.74
1546151990.77
1546151990.81
1546151990.84
1546151990.87
1546151990.9
1546151990.94
1546151990.97
1546151991.01
1546151991.04
1546151991.07
1546151991.11
1546151991.14
1546151991.17
1546151991.21
1546151991.24
1546151991.27
1546151991.31
1546151991.34
1546151991.37
1546151991.41
1546151991.44
1546151991.47
1546151991.51
1546151991.54
1546151991.57
1546151991.61
1546151991.64
1546151991.67
1546151991.71
1546151991.74
1546151991.77
1546151991.81
1546151991.84
1546151991.87
1546151991.91
1546151991.94
1546151991.97
1546151992.01
1546151992.04
1546151992.07
1546151992.11
1546151992.14
1546151992.17
1546151992.21
1546151992.24
1546151992.27
1546151992.31
1546151992.34
1546151992.37
1546151992.41
1546151992.44
1546151992.47
1546151992.51
1546151992.54
1546151992.57
1546151992.61
1546151992.64
1546151992.67
1546151992.71
1546151992.74
1546151992.78
1546151992.81
1546151992.84
1546151992.88
1546151992.91
1546151992.94
1546151992.98
1546151993.01
1546151993.04
1546151993.08
1546151993.11
1546151993.14
1546151993.18
1546151993.21
1546151993.24
1546151993.28
1546151993.31
1546151993.34
1546151993.38
1546151993.41
1546151993.44
1546151993.48
1546151993.51
1546151993.54
1546151993.58
1546151993.61
1546151993.64
1546151993.68
1546151993.71
1546151993.74
1546151993.78
1546151993.81
1546151993.84
1546151993.88
1546151993.91
1546151993.94
1546151993.98
1546151994.01
1546151994.04
1546151994.08
1546151994.11
1546151994.14
1546151994.18
1546151994.21
1546151994.24
1546151994.28
1546151994.31
1546151994.34
1546151994.38
1546151994.41
1546151994.44
1546151994.48
1546151994.51
1546151994.54
1546151994.58
1546151994.61
1546151994.64
1546151994.68
1546151994.71
1546151994.74
1546151994.78
1546151994.81
1546151994.84
1546151994.88
1546151994.91
1546151994.94
1546151994.98
1546151995.01
1546151995.04
1546151995.08
1546151995.11
1546151995.14
1546151995.18
1546151995.21
1546151995.24
1546151995.28
1546151995.31
1546151995.34
1546151995.38
1546151995.41
1546151995.44
1546151995.48
1546151995.51
1546151995.55
1546151995.58
1546151995.61
1546151995.64
1546151995.68
1546151995.71
1546151995.74
1546151995.78
1546151995.81
1546151995.84
1546151995.88
1546151995.91
1546151995.94
1546151995.98
1546151996.01
1546151996.05
1546151996.08
1546151996.11
1546151996.14
1546151996.18
1546151996.21
1546151996.24
1546151996.28
1546151996.31
1546151996.35
1546151996.38
1546151996.41
1546151996.44
1546151996.48
1546151996.51
1546151996.55
1546151996.58
1546151996.61
1546151996.65
1546151996.68
1546151996.71
1546151996.74
1546151996.77
1546151996.8
1546151996.84
1546151996.87
1546151996.9
1546151996.94
1546151996.97
1546151997.0
1546151997.04
1546151997.07
1546151997.1
1546151997.14
1546151997.17
1546151997.2
1546151997.24
1546151997.27
1546151997.31
1546151997.34
1546151997.37
1546151997.4
1546151997.44
1546151997.47
1546151997.51
1546151997.54
1546151997.57
1546151997.61
1546151997.64
1546151997.67
1546151997.7
1546151997.74
1546151997.77
1546151997.81
1546151997.84
1546151997.87
1546151997.9
1546151997.94
1546151997.97
1546151998.0
1546151998.04
1546151998.07
1546151998.1
1546151998.14
1546151998.17
1546151998.2
1546151998.24
1546151998.27
1546151998.31
1546151998.34
1546151998.37
1546151998.4
1546151998.44
1546151998.47
1546151998.5
1546151998.54
1546151998.57
1546151998.6
1546151998.64
1546151998.67
1546151998.7
1546151998.74
1546151998.77
1546151998.8
1546151998.84
1546151998.87
1546151998.9
1546151998.94
1546151998.97
1546151999.0
1546151999.04
1546151999.07
1546151999.1
1546151999.14
1546151999.5
1546151999.53
1546151999.56
1546151999.59
1546151999.62
1546151999.65
1546151999.68
1546151999.71
1546151999.74
1546151999.77
1546151999.81
1546151999.84
1546151999.87
1546151999.9
1546151999.94
1546151999.97
1546152000.0
1546152000.04
1546152000.07
1546152000.11
1546152000.14
1546152000.17
1546152000.2
1546152000.24
1546152000.27
1546152000.31
1546152000.34
1546152000.37
1546152000.41
1546152000.44
1546152000.47
1546152000.51
1546152000.54
1546152000.57
1546152000.61
1546152000.64
1546152000.67
1546152000.71
1546152000.74
1546152000.77
1546152000.81
1546152000.84
1546152000.87
1546152000.91
1546152000.94
1546152000.97
1546152001.01
1546152001.04
1546152001.07
1546152001.11
1546152001.14
1546152001.17
1546152001.21
1546152001.24
1546152001.27
1546152001.31
1546152001.34
1546152001.37
1546152001.41
1546152001.44
1546152001.47
1546152001.51
1546152001.54
1546152001.57
1546152001.61
1546152001.64
1546152001.67
1546152001.71
1546152001.74
1546152001.77
1546152001.81
1546152001.84
1546152001.87
1546152001.91
1546152001.94
1546152001.97
1546152002.01
1546152002.04
1546152002.07
1546152002.11
1546152002.14
1546152002.17
1546152002.21
1546152002.24
1546152002.27
1546152002.31
1546152002.34
1546152002.37
1546152002.41
1546152002.44
1546152002.47
1546152002.51
1546152002.54
1546152002.57
1546152002.61
1546152002.64
1546152002.67
1546152002.71
1546152002.74
1546152002.77
1546152002.81
1546152002.84
1546152002.87
1546152002.91
1546152002.94
1546152002.97
1546152003.01
1546152003.04
1546152003.07
1546152003.11
1546152003.14
1546152003.17
1546152003.21
1546152003.24
1546152003.27
1546152003.31
1546152003.34
1546152003.37
1546152003.41
1546152003.44
1546152003.47
1546152003.51
1546152003.54
1546152003.57
1546152003.61
1546152003.64
1546152003.67
1546152003.71
1546152003.74
1546152003.77
1546152003.81
1546152003.84
1546152003.87
1546152003.91
1546152003.94
1546152003.97
1546152004.01
1546152004.04
1546152004.07
1546152004.11
1546152004.14
1546152004.17
1546152004.21
1546152004.24
1546152004.27
1546152004.31
1546152004.34
1546152004.37
1546152004.41
1546152004.44
1546152004.47
1546152004.51
1546152004.54
1546152004.57
1546152004.61
1546152004.64
1546152004.67
1546152004.71
1546152004.74
1546152004.77
1546152004.81
1546152004.84
1546152004.87
1546152004.91
1546152004.94
1546152004.97
1546152005.01
1546152005.04
1546152005.07
1546152005.11
1546152005.14
1546152005.17
1546152005.21
1546152005.24
1546152005.27
1546152005.31
1546152005.34
1546152005.37
1546152005.4
1546152005.44
1546152005.47
1546152005.51
1546152005.54
1546152005.57
1546152005.61
1546152005.64
1546152005.67
1546152005.7
1546152005.74
1546152005.77
1546152005.81
1546152005.84
1546152005.87
1546152005.9
1546152005.94
1546152005.97
1546152006.0
1546152006.04
1546152006.07
1546152006.1
1546152006.14
1546152006.17
1546152006.2
1546152006.24
1546152006.27
1546152006.31
1546152006.34
1546152006.37
1546152006.4
1546152006.44
1546152006.47
1546152006.51
1546152006.54
1546152006.57
1546152006.61
1546152006.64
1546152006.67
1546152006.71
1546152006.74
1546152006.77
1546152006.81
1546152006.84
1546152006.87
1546152006.91
1546152006.94
1546152006.97
1546152007.01
1546152007.04
1546152007.07
1546152007.11
1546152007.14
1546152007.17
1546152007.2
1546152007.24
1546152007.27
1546152007.31
1546152007.34
1546152007.37
1546152007.41
1546152007.44
1546152007.47
1546152007.51
1546152007.54
1546152007.57
1546152007.61
1546152007.64
1546152007.67
1546152007.71
1546152007.74
1546152007.77
1546152007.81
1546152007.84
1546152007.87
1546152007.91
1546152007.94
1546152007.97
1546152008.01
1546152008.04
1546152008.07
1546152008.11
1546152008.14
1546152008.17
1546152008.2
1546152008.24
1546152008.27
1546152008.31
1546152008.34
1546152008.37
1546152008.4
1546152008.44
1546152008.47
1546152008.51
1546152008.54
1546152008.57
1546152008.6
1546152008.64
1546152008.67
1546152008.7
1546152008.74
1546152008.77
1546152008.81
1546152008.84
1546152008.87
1546152008.9
1546152008.94
1546152008.97
1546152009.0
1546152009.04
1546152009.07
1546152009.1
1546152009.14
1546152009.17
1546152009.2
1546152009.24
1546152009.27
1546152009.3
1546152009.34
1546152009.37
1546152009.4
1546152009.44
1546152009.47
1546152009.5
1546152009.54
1546152009.57
1546152009.61
1546152009.64
1546152009.67
1546152009.7
1546152009.74
1546152009.77
1546152009.8
1546152009.84
1546152009.87
1546152009.9
1546152009.94
1546152009.97
1546152010.0
1546152010.04
1546152010.07
1546152010.1
1546152010.14
1546152010.17
1546152010.2
1546152010.24
1546152010.27
1546152010.3
1546152010.34
1546152010.37
1546152010.4
1546152010.44
1546152010.47
1546152010.51
1546152010.54
1546152010.57
1546152010.6
1546152010.64
1546152010.67
1546152010.7
1546152010.74
1546152010.77
1546152010.8
1546152010.84
1546152010.87
1546152010.9
1546152010.94
1546152010.97
1546152011.0
1546152011.04
1546152011.07
1546152011.1
1546152011.14
1546152011.17
1546152011.2
1546152011.24
1546152011.27
1546152011.3
1546152011.34
1546152011.37
1546152011.4
1546152011.44
1546152011.47
1546152011.5
1546152011.54
1546152011.57
1546152011.6
1546152011.64
1546152011.67
1546152011.7
1546152011.74
1546152011.77
1546152011.8
1546152011.84
1546152011.87
1546152011.9
1546152011.93
1546152011.97
1546152012.0
1546152012.04
1546152012.07
1546152012.1
1546152012.14
1546152012.17
1546152012.2
1546152012.24
1546152012.27
1546152012.3
1546152012.34
1546152012.37
1546152012.4
1546152012.44
1546152012.47
1546152012.5
1546152012.54
1546152012.57
1546152012.6
1546152012.64
1546152012.67
1546152012.7
1546152012.74
1546152012.77
1546152012.8
1546152012.84
1546152012.87
1546152012.9
1546152012.94
1546152012.97
1546152013.0
1546152013.04
1546152013.07
1546152013.1
1546152013.14
1546152013.17
1546152013.2
1546152013.24
1546152013.27
1546152013.3
1546152013.34
1546152013.37
1546152013.4
1546152013.44
1546152013.47
1546152013.5
1546152013.54
1546152013.57
1546152013.6
1546152013.64
1546152013.67
1546152013.7
1546152013.74
1546152013.77
1546152013.8
1546152013.84
1546152013.87
1546152013.9
1546152013.94
1546152013.97
1546152014.0
1546152014.04
1546152014.07
1546152014.1
1546152014.14
1546152014.17
1546152014.2
1546152014.24
1546152014.27
1546152014.3
1546152014.34
1546152014.37
1546152014.4
1546152014.44
1546152014.47
1546152014.5
1546152014.54
1546152014.57
1546152014.6
1546152014.64
1546152014.67
1546152014.7
1546152014.74
1546152014.77
1546152014.8
1546152014.84
1546152014.87
1546152014.9
1546152014.94
1546152014.97
1546152015.0
1546152015.04
1546152015.07
1546152015.1
1546152015.14
1546152015.17
1546152015.2
1546152015.24
1546152015.27
1546152015.3
1546152015.34
1546152015.37
1546152015.4
1546152015.44
1546152015.47
1546152015.5
1546152015.54
1546152015.57
1546152015.6
1546152015.64
1546152015.67
1546152015.7
1546152015.74
1546152015.77
1546152015.8
1546152015.84
1546152015.87
1546152015.9
1546152015.94
1546152015.97
1546152016.0
1546152016.04
1546152016.07
1546152016.1
1546152016.14
1546152016.17
1546152016.2
1546152016.24
1546152016.27
1546152016.3
1546152016.34
1546152016.37
1546152016.4
1546152016.44
1546152016.47
1546152016.5
1546152016.54
1546152016.57
1546152016.61
1546152016.64
1546152016.67
1546152016.7
1546152016.74
1546152016.77
1546152016.81
1546152016.84
1546152016.87
1546152016.9
1546152016.94
1546152016.97
1546152017.01
1546152017.04
1546152017.07
1546152017.11
1546152017.14
1546152017.17
1546152017.21
1546152017.24
1546152017.27
1546152017.31
1546152017.34
1546152017.37
1546152017.41
1546152017.44
1546152017.47
1546152017.51
1546152017.54
1546152017.57
1546152017.61
1546152017.64
1546152017.67
1546152017.71
1546152017.74
1546152017.78
1546152017.81
1546152017.84
1546152017.88
1546152017.91
1546152017.94
1546152017.97
1546152018.01
1546152018.04
1546152018.07
1546152018.11
1546152018.14
1546152018.17
1546152018.21
1546152018.24
1546152018.28
1546152018.31
1546152018.34
1546152018.38
1546152018.41
1546152018.44
1546152018.47
1546152018.51
1546152018.54
1546152018.58
1546152018.61
1546152018.64
1546152018.68
1546152018.71
1546152018.74
1546152018.78
1546152018.81
1546152018.84
1546152018.88
1546152018.91
1546152018.94
1546152018.97
1546152019.01
1546152019.04
1546152019.08
1546152019.11
1546152019.14
1546152019.17
1546152019.21
1546152019.24
1546152019.28
1546152019.31
1546152019.34
1546152019.38
1546152019.41
1546152019.44
1546152019.47
1546152019.51
1546152019.54
1546152019.58
1546152019.61
1546152019.64
1546152019.68
1546152019.71
1546152019.74
1546152019.78
1546152019.81
1546152019.84
1546152019.88
1546152019.91
1546152019.94
1546152019.98
1546152020.01
1546152020.04
1546152020.08
1546152020.11
1546152020.14
1546152020.18
1546152020.21
1546152020.24
1546152020.27
1546152020.3
1546152020.34
1546152020.37
1546152020.4
1546152020.44
1546152020.47
1546152020.5
1546152020.54
1546152020.57
1546152020.6
1546152020.64
1546152020.67
1546152020.7
1546152020.73
1546152020.77
1546152020.8
1546152020.84
1546152020.87
1546152020.9
1546152020.94
1546152020.97
1546152021.0
1546152021.04
1546152021.07
1546152021.1
1546152021.13
1546152021.17
1546152021.2
1546152021.24
1546152021.27
1546152021.3
1546152021.34
1546152021.37
1546152021.4
1546152021.44
1546152021.47
1546152021.5
1546152021.54
1546152021.57
1546152021.6
1546152021.63
1546152021.67
1546152021.7
1546152021.73
1546152021.77
1546152021.8
1546152021.84
1546152021.87
1546152021.9
1546152021.93
1546152021.97
1546152022.0
1546152022.03
1546152022.07
1546152022.1
1546152022.13
1546152022.17
1546152022.2
1546152022.23
1546152022.27
1546152022.3
1546152022.33
1546152022.37
1546152022.4
1546152022.43
1546152022.47
1546152022.5
1546152022.54
1546152022.57
1546152022.6
1546152022.63
1546152022.67
1546152022.7
1546152022.73
1546152022.77
1546152022.8
1546152022.83
1546152022.87
1546152022.9
1546152022.93
1546152022.97
1546152023.0
1546152023.03
1546152023.07
1546152023.1
1546152023.13
1546152023.17
1546152023.2
1546152023.23
1546152023.27
1546152023.3
1546152023.33
1546152023.37
1546152023.4
1546152023.43
1546152023.47
1546152023.5
1546152023.53
1546152023.57
1546152023.6
1546152023.63
1546152023.67
1546152023.7
1546152023.73
1546152023.77
1546152023.8
1546152023.83
1546152023.87
1546152023.9
1546152023.93
1546152023.97
1546152024.0
1546152024.03
1546152024.07
1546152024.1
1546152024.13
1546152024.17
1546152024.2
1546152024.23
1546152024.27
1546152024.3
1546152024.33
1546152024.37
1546152024.4
1546152024.43
1546152024.47
1546152024.5
1546152024.53
1546152024.57
1546152024.6
1546152024.63
1546152024.67
1546152024.7
1546152024.73
1546152024.77
1546152024.8
1546152024.83
1546152024.87
1546152024.9
1546152024.93
1546152024.97
1546152025.0
1546152025.03
1546152025.07
1546152025.1
1546152025.13
1546152025.16
1546152025.2
1546152025.23
1546152025.27
1546152025.3
1546152025.33
1546152025.37
1546152025.4
1546152025.43
1546152025.47
1546152025.5
1546152025.53
1546152025.57
1546152025.6
1546152025.63
1546152025.66
1546152025.7
1546152025.73
1546152025.77
1546152025.8
1546152025.83
1546152025.87
1546152025.9
1546152025.93
1546152025.97
1546152026.0
1546152026.03
1546152026.07
1546152026.1
1546152026.13
1546152026.16
1546152026.2
1546152026.23
1546152026.27
1546152026.3
1546152026.33
1546152026.37
1546152026.4
1546152026.43
1546152026.46
1546152026.5
1546152026.53
1546152026.57
1546152026.6
1546152026.63
1546152026.66
1546152026.7
1546152026.73
1546152026.77
1546152026.8
1546152026.83
1546152026.86
1546152026.9
1546152026.93
1546152026.96
1546152027.0
1546152027.03
1546152027.07
1546152027.1
1546152027.13
1546152027.16
1546152027.2
1546152027.23
1546152027.26
1546152027.3
1546152027.33
1546152027.36
1546152027.4
1546152027.43
1546152027.46
1546152027.5
1546152027.53
1546152027.56
1546152027.6
1546152027.63
1546152027.66
1546152027.7
1546152027.73
1546152027.77
1546152027.8
1546152027.83
1546152027.86
1546152027.9
1546152027.93
1546152027.96
1546152028.0
1546152028.03
1546152028.06
1546152028.1
1546152028.13
1546152028.16
1546152028.2
1546152028.23
1546152028.26
1546152028.3
1546152028.33
1546152028.36
1546152028.4
1546152028.43
1546152028.46
1546152028.5
1546152028.53
1546152028.56
1546152028.6
1546152028.63
1546152028.66
1546152028.7
1546152028.73
1546152028.76
1546152028.8
1546152028.83
1546152028.86
1546152028.9
1546152028.93
1546152028.96
1546152029.0
1546152029.03
1546152029.06
1546152029.1
1546152029.13
1546152029.16
1546152029.2
1546152029.23
1546152029.26
1546152029.3
1546152029.33
1546152029.36
1546152029.4
1546152029.43
1546152029.46
1546152029.5
1546152029.53
1546152029.56
1546152029.6
1546152029.63
1546152029.66
1546152029.7
1546152029.73
1546152029.77
1546152029.8
1546152029.83
1546152029.86
1546152029.9
1546152029.93
1546152029.96
1546152030.0
1546152030.03
1546152030.06
1546152030.1
1546152030.13
1546152030.16
1546152030.2
1546152030.23
1546152030.26
1546152030.3
1546152030.33
1546152030.37
1546152030.4
1546152030.43
1546152030.46
1546152030.5
1546152030.53
1546152030.57
1546152030.6
1546152030.63
1546152030.66
1546152030.7
1546152030.73
1546152030.77
1546152030.8
1546152030.83
1546152030.87
1546152030.9
1546152030.93
1546152030.96
1546152031.0
1546152031.03
1546152031.07
1546152031.1
1546152031.13
1546152031.16
1546152031.2
1546152031.23
1546152031.27
1546152031.3
1546152031.33
1546152031.36
1546152031.4
1546152031.43
1546152031.46
1546152031.5
1546152031.53
1546152031.57
1546152031.6
1546152031.63
1546152031.66
1546152031.7
1546152031.73
1546152031.77
1546152031.8
1546152031.83
1546152031.86
1546152031.9
1546152031.93
1546152031.96
1546152032.0
1546152032.03
1546152032.06
1546152032.1
1546152032.13
1546152032.16
1546152032.2
1546152032.23
1546152032.26
1546152032.3
1546152032.33
1546152032.36
1546152032.4
1546152032.43
1546152032.46
1546152032.5
1546152032.53
1546152032.56
1546152032.6
1546152032.63
1546152032.66
1546152032.7
1546152032.73
1546152032.76
1546152032.8
1546152032.83
1546152032.86
1546152032.9
1546152032.93
1546152032.96
1546152033.0
1546152033.03
1546152033.06
1546152033.1
1546152033.13
1546152033.16
1546152033.2
1546152033.23
1546152033.26
1546152033.3
1546152033.33
1546152033.36
1546152033.4
1546152033.43
1546152033.46
1546152033.5
1546152033.53
1546152033.57
1546152033.6
1546152033.63
1546152033.66
1546152033.7
1546152033.73
1546152033.76
1546152033.8
1546152033.83
1546152033.86
1546152033.9
1546152033.93
1546152033.96
1546152034.0
1546152034.03
1546152034.06
1546152034.1
1546152034.13
1546152034.16
1546152034.2
1546152034.23
1546152034.26
1546152034.3
1546152034.33
1546152034.37
1546152034.4
1546152034.43
1546152034.46
1546152034.5
1546152034.53
1546152034.56
1546152034.6
1546152034.63
1546152034.66
1546152034.7
1546152034.73
1546152034.77
1546152034.8
1546152034.83
1546152034.86
1546152034.9
1546152034.93
1546152034.96
1546152035.0
1546152035.03
1546152035.07
1546152035.1
1546152035.13
1546152035.17
1546152035.2
1546152035.23
1546152035.27
1546152035.3
1546152035.33
1546152035.37
1546152035.4
1546152035.43
1546152035.46
1546152035.5
1546152035.53
1546152035.56
1546152035.6
1546152035.63
1546152035.66
1546152035.7
1546152035.73
1546152035.76
1546152035.8
1546152035.83
1546152035.87
1546152035.9
1546152035.93
1546152035.96
1546152036.0
1546152036.03
1546152036.07
1546152036.1
1546152036.13
1546152036.16
1546152036.2
1546152036.23
1546152036.27
1546152036.3
1546152036.33
1546152036.37
1546152036.4
1546152036.43
1546152036.46
1546152036.5
1546152036.53
1546152036.57
1546152036.6
1546152036.63
1546152036.66
1546152036.7
1546152036.73
1546152036.77
1546152036.8
1546152036.83
1546152036.87
1546152036.9
1546152036.93
1546152036.96
1546152037.0
1546152037.03
1546152037.07
1546152037.1
1546152037.13
1546152037.16
1546152037.2
1546152037.23
1546152037.27
1546152037.3
1546152037.33
1546152037.37
1546152037.4
1546152037.43
1546152037.46
1546152037.5
1546152037.53
1546152037.57
1546152037.6
1546152037.63
1546152037.66
1546152037.7
1546152037.73
1546152037.76
1546152037.8
1546152037.83
1546152037.87
1546152037.9
1546152037.93
1546152037.96
1546152038.0
1546152038.03
1546152038.06
1546152038.1
1546152038.13
1546152038.16
1546152038.2
1546152038.23
1546152038.26
1546152038.3
1546152038.33
1546152038.36
1546152038.4
1546152038.43
1546152038.46
1546152038.5
1546152038.53
1546152038.57
1546152038.6
1546152038.63
1546152038.66
1546152038.7
1546152038.73
1546152038.77
1546152038.8
1546152038.83
1546152038.87
1546152038.9
1546152038.93
1546152038.96
1546152039.0
1546152039.03
1546152039.07
1546152039.1
1546152039.13
1546152039.16
1546152039.2
1546152039.23
1546152039.26
1546152039.3
1546152039.33
1546152039.37
1546152039.4
1546152039.43
1546152039.46
1546152039.5
1546152039.53
1546152039.57
1546152039.6
1546152039.63
1546152039.66
1546152039.7
1546152039.73
1546152039.77
1546152039.8
1546152039.83
1546152039.87
1546152039.9
1546152039.93
1546152039.96
1546152040.0
1546152040.03
1546152040.07
1546152040.1
1546152040.13
1546152040.17
1546152040.2
1546152040.23
1546152040.27
1546152040.3
1546152040.33
1546152040.37
1546152040.4
1546152040.43
1546152040.47
1546152040.5
1546152040.53
1546152040.57
1546152040.6
1546152040.63
1546152040.67
1546152040.7
1546152040.73
1546152040.77
1546152040.8
1546152040.83
1546152040.87
1546152040.9
1546152040.93
1546152040.97
1546152041.0
1546152041.03
1546152041.07
1546152041.1
1546152041.13
1546152041.17
1546152041.2
1546152041.23
1546152041.27
1546152041.3
1546152041.34
1546152041.37
1546152041.4
1546152041.44
1546152041.47
1546152041.5
1546152041.54
1546152041.57
1546152041.6
1546152041.64
1546152041.67
1546152041.7
1546152041.74
1546152041.77
1546152041.8
1546152041.84
1546152041.87
1546152041.9
1546152041.94
1546152041.97
1546152042.0
1546152042.04
1546152042.07
1546152042.1
1546152042.14
1546152042.17
1546152042.2
1546152042.24
1546152042.27
1546152042.3
1546152042.34
1546152042.37
1546152042.4
1546152042.44
1546152042.47
1546152042.51
1546152042.54
1546152042.57
1546152042.61
1546152042.64
1546152042.67
1546152042.7
1546152042.74
1546152042.77
1546152042.81
1546152042.84
1546152042.87
1546152042.9
1546152042.94
1546152042.97
1546152043.0
1546152043.04
1546152043.07
1546152043.1
1546152043.14
1546152043.17
1546152043.2
1546152043.24
1546152043.27
1546152043.31
1546152043.34
1546152043.37
1546152043.4
1546152043.44
1546152043.47
1546152043.5
1546152043.54
1546152043.57
1546152043.61
1546152043.64
1546152043.67
1546152043.7
1546152043.73
1546152043.76
1546152043.8
1546152043.83
1546152043.86
1546152043.9
1546152043.93
1546152043.96
1546152044.0
1546152044.03
1546152044.07
1546152044.1
1546152044.13
1546152044.16
1546152044.2
1546152044.23
1546152044.26
1546152044.3
1546152044.33
1546152044.36
1546152044.4
1546152044.43
1546152044.46
1546152044.5
1546152044.53
1546152044.56
1546152044.6
1546152044.63
1546152044.67
1546152044.7
1546152044.73
1546152044.76
1546152044.8
1546152044.83
1546152044.86
1546152044.9
1546152044.93
1546152044.96
1546152045.0
1546152045.03
1546152045.06
1546152045.1
1546152045.13
1546152045.16
1546152045.2
1546152045.23
1546152045.26
1546152045.3
1546152045.33
1546152045.36
1546152045.4
1546152045.43
1546152045.46
1546152045.5
1546152045.53
1546152045.56
1546152045.6
1546152045.63
1546152045.66
1546152045.7
1546152045.73
1546152045.76
1546152045.8
1546152045.83
1546152045.86
1546152045.9
1546152045.93
1546152045.96
1546152046.0
1546152046.03
1546152046.06
1546152046.1
1546152046.13
1546152046.16
1546152046.2
1546152046.23
1546152046.26
1546152046.3
1546152046.33
1546152046.36
1546152046.4
1546152046.43
1546152046.46
1546152046.5
1546152046.53
1546152046.56
1546152046.6
1546152046.63
1546152046.66
1546152046.7
1546152046.73
1546152046.77
1546152046.8
1546152046.83
1546152046.86
1546152046.9
1546152046.93
1546152046.96
1546152047.0
1546152047.03
1546152047.06
1546152047.1
1546152047.13
1546152047.16
1546152047.2
1546152047.23
1546152047.26
1546152047.3
1546152047.33
1546152047.36
1546152047.39
1546152047.43
1546152047.46
1546152047.5
1546152047.53
1546152047.56
1546152047.6
1546152047.63
1546152047.66
1546152047.7
1546152047.73
1546152047.76
1546152047.8
1546152047.83
1546152047.86
1546152047.9
1546152047.93
1546152047.96
1546152048.0
1546152048.03
1546152048.06
1546152048.1
1546152048.13
1546152048.16
1546152048.2
1546152048.23
1546152048.26
1546152048.3
1546152048.33
1546152048.36
1546152048.4
1546152048.43
1546152048.46
1546152048.5
1546152048.53
1546152048.56
1546152048.6
1546152048.63
1546152048.66
1546152048.7
1546152048.73
1546152048.76
1546152048.8
1546152048.83
1546152048.86
1546152048.9
1546152048.93
1546152048.96
1546152049.0
1546152049.03
1546152049.06
1546152049.1
1546152049.13
1546152049.16
1546152049.2
1546152049.23
1546152049.26
1546152049.3
1546152049.33
1546152049.36
1546152049.4
1546152049.43
1546152049.46
1546152049.5
1546152049.53
1546152049.56
1546152049.6
1546152049.63
1546152049.66
1546152049.69
1546152049.73
1546152049.76
1546152049.8
1546152049.83
1546152049.86
1546152049.89
1546152049.93
1546152049.96
1546152049.99
1546152050.03
1546152050.06
1546152050.1
1546152050.13
1546152050.16
1546152050.19
1546152050.23
1546152050.26
1546152050.3
1546152050.33
1546152050.36
1546152050.39
1546152050.43
1546152050.46
1546152050.49
1546152050.53
1546152050.56
1546152050.6
1546152050.63
1546152050.66
1546152050.7
1546152050.73
1546152050.76
1546152050.79
1546152050.83
1546152050.86
1546152050.89
1546152050.93
1546152050.96
1546152050.99
1546152051.03
1546152051.06
1546152051.1
1546152051.13
1546152051.16
1546152051.19
1546152051.23
1546152051.26
1546152051.29
1546152051.33
1546152051.36
1546152051.39
1546152051.43
1546152051.46
1546152051.49
1546152051.53
1546152051.56
1546152051.6
1546152051.63
1546152051.66
1546152051.69
1546152051.73
1546152051.76
1546152051.79
1546152051.83
1546152051.86
1546152051.89
1546152051.93
1546152051.96
1546152051.99
1546152052.03
1546152052.06
1546152052.09
1546152052.13
1546152052.16
1546152052.19
1546152052.23
1546152052.26
1546152052.29
1546152052.33
1546152052.36
1546152052.39
1546152052.43
1546152052.46
1546152052.49
1546152052.53
1546152052.56
1546152052.6
1546152052.63
1546152052.66
1546152052.69
1546152052.73
1546152052.76
1546152052.8
1546152052.83
1546152052.86
1546152052.89
1546152052.93
1546152052.96
1546152052.99
1546152053.03
1546152053.06
1546152053.09
1546152053.13
1546152053.16
1546152053.19
1546152053.23
1546152053.26
1546152053.29
1546152053.33
1546152053.36
1546152053.39
1546152053.43
1546152053.46
1546152053.49
1546152053.53
1546152053.56
1546152053.59
1546152053.63
1546152053.66
1546152053.69
1546152053.73
1546152053.76
1546152053.79
1546152053.83
1546152053.86
1546152053.89
1546152053.93
1546152053.96
1546152053.99
1546152054.03
1546152054.06
1546152054.09
1546152054.13
1546152054.16
1546152054.19
1546152054.23
1546152054.26
1546152054.29
1546152054.33
1546152054.36
1546152054.39
1546152054.43
1546152054.46
1546152054.49
1546152054.53
1546152054.56
1546152054.59
1546152054.63
1546152054.66
1546152054.69
1546152054.73
1546152054.76
1546152054.79
1546152054.83
1546152054.86
1546152054.89
1546152054.93
1546152054.96
1546152054.99
1546152055.03
1546152055.06
1546152055.09
1546152055.13
1546152055.16
1546152055.19
1546152055.23
1546152055.26
1546152055.29
1546152055.33
1546152055.36
1546152055.39
1546152055.42
1546152055.46
1546152055.49
1546152055.53
1546152055.56
1546152055.59
1546152055.63
1546152055.66
1546152055.69
1546152055.73
1546152055.76
1546152055.79
1546152055.83
1546152055.86
1546152055.89
1546152055.92
1546152055.96
1546152055.99
1546152056.03
1546152056.06
1546152056.09
1546152056.12
1546152056.16
1546152056.19
1546152056.23
1546152056.26
1546152056.29
1546152056.32
1546152056.36
1546152056.39
1546152056.42
1546152056.46
1546152056.49
1546152056.52
1546152056.56
1546152056.59
1546152056.62
1546152056.66
1546152056.69
1546152056.72
1546152056.76
1546152056.79
1546152056.82
1546152056.86
1546152056.89
1546152056.92
1546152056.96
1546152056.99
1546152057.02
1546152057.06
1546152057.09
1546152057.12
1546152057.16
1546152057.19
1546152057.22
1546152057.26
1546152057.29
1546152057.32
1546152057.36
1546152057.39
1546152057.42
1546152057.46
1546152057.49
1546152057.52
1546152057.56
1546152057.59
1546152057.62
1546152057.66
1546152057.69
1546152057.72
1546152057.76
1546152057.79
1546152057.83
1546152057.86
1546152057.89
1546152057.92
1546152057.96
1546152057.99
1546152058.02
1546152058.06
1546152058.09
1546152058.12
1546152058.16
1546152058.19
1546152058.22
1546152058.26
1546152058.29
1546152058.32
1546152058.36
1546152058.39
1546152058.42
1546152058.46
1546152058.49
1546152058.53
1546152058.56
1546152058.59
1546152058.62
1546152058.66
1546152058.69
1546152058.72
1546152058.76
1546152058.79
1546152058.82
1546152058.86
1546152058.89
1546152058.92
1546152058.96
1546152058.99
1546152059.02
1546152059.06
1546152059.09
1546152059.12
1546152059.16
1546152059.19
1546152059.22
1546152059.26
1546152059.29
1546152059.32
1546152059.36
1546152059.39
1546152059.42
1546152059.46
1546152059.49
1546152059.52
1546152059.56
1546152059.59
1546152059.62
1546152059.66
1546152059.69
1546152059.72
1546152059.76
1546152059.79
1546152059.83
1546152059.86
1546152059.89
1546152059.92
1546152059.96
1546152059.99
1546152060.02
1546152060.06
1546152060.09
1546152060.12
1546152060.16
1546152060.19
1546152060.22
1546152060.26
1546152060.29
1546152060.32
1546152060.36
1546152060.39
1546152060.42
1546152060.46
1546152060.49
1546152060.52
1546152060.56
1546152060.59
1546152060.62
1546152060.66
1546152060.69
1546152060.72
1546152060.76
1546152060.79
1546152060.82
1546152060.86
1546152060.89
1546152060.92
1546152060.96
1546152060.99
1546152061.02
1546152061.06
1546152061.09
1546152061.12
1546152061.16
1546152061.19
1546152061.22
1546152061.26
1546152061.29
1546152061.32
1546152061.36
1546152061.39
1546152061.42
1546152061.46
1546152061.49
1546152061.52
1546152061.56
1546152061.59
1546152061.62
1546152061.66
1546152061.69
1546152061.72
1546152061.76
1546152061.79
1546152061.82
1546152061.86
1546152061.89
1546152061.92
1546152061.96
1546152061.99
1546152062.02
1546152062.06
1546152062.09
1546152062.12
1546152062.16
1546152062.19
1546152062.22
1546152062.26
1546152062.29
1546152062.33
1546152062.36
1546152062.39
1546152062.42
1546152062.46
1546152062.49
1546152062.53
1546152062.56
1546152062.59
1546152062.62
1546152062.66
1546152062.69
1546152062.73
1546152062.76
1546152062.79
1546152062.83
1546152062.86
1546152062.89
1546152062.92
1546152062.96
1546152062.99
1546152063.03
1546152063.06
1546152063.09
1546152063.12
1546152063.16
1546152063.19
1546152063.23
1546152063.26
1546152063.29
1546152063.33
1546152063.36
1546152063.39
1546152063.43
1546152063.46
1546152063.49
1546152063.53
1546152063.56
1546152063.59
1546152063.63
1546152063.66
1546152063.69
1546152063.73
1546152063.76
1546152063.79
1546152063.83
1546152063.86
1546152063.89
1546152063.93
1546152063.96
1546152063.99
1546152064.03
1546152064.06
1546152064.09
1546152064.13
1546152064.16
1546152064.19
1546152064.23
1546152064.26
1546152064.3
1546152064.33
1546152064.36
1546152064.39
1546152064.43
1546152064.46
1546152064.49
1546152064.53
1546152064.56
1546152064.59
1546152064.63
1546152064.66
1546152064.69
1546152064.73
1546152064.76
1546152064.8
1546152064.83
1546152064.86
1546152064.89
1546152064.93
1546152064.96
1546152065.0
1546152065.03
1546152065.06
1546152065.1
1546152065.13
1546152065.16
1546152065.19
1546152065.23
1546152065.26
1546152065.3
1546152065.33
1546152065.36
1546152065.39
1546152065.43
1546152065.46
1546152065.49
1546152065.53
