1546231278.12
1546231278.26
1546231278.3
1546231278.33
1546231278.36
1546231278.39
1546231278.42
1546231278.45
1546231278.48
1546231278.51
1546231278.55
1546231278.58
1546231278.61
1546231278.64
1546231278.68
1546231278.71
1546231278.74
1546231278.78
1546231278.81
1546231278.85
1546231278.88
1546231278.91
1546231278.94
1546231278.98
1546231279.01
1546231279.05
1546231279.08
1546231279.11
1546231279.14
1546231279.18
1546231279.21
1546231279.24
1546231279.28
1546231279.31
1546231279.35
1546231279.38
1546231279.41
1546231279.44
1546231279.48
1546231279.51
1546231279.55
1546231279.58
1546231279.61
1546231279.65
1546231279.68
1546231279.71
1546231279.74
1546231279.78
1546231279.81
1546231279.85
1546231279.88
1546231279.91
1546231279.94
1546231279.98
1546231280.01
1546231280.05
1546231280.08
1546231280.11
1546231280.15
1546231280.18
1546231280.21
1546231280.25
1546231280.28
1546231280.31
1546231280.35
1546231280.38
1546231280.41
1546231280.45
1546231280.48
1546231280.51
1546231280.55
1546231280.58
1546231280.61
1546231280.65
1546231280.68
1546231280.71
1546231280.75
1546231280.78
1546231280.81
1546231280.85
1546231280.88
1546231280.91
1546231280.95
1546231280.98
1546231281.01
1546231281.05
1546231281.08
1546231281.11
1546231281.15
1546231281.18
1546231281.21
1546231281.24
1546231281.28
1546231281.31
1546231281.35
1546231281.38
1546231281.41
1546231281.45
1546231281.48
1546231281.51
1546231281.55
1546231281.58
1546231281.61
1546231281.65
1546231281.68
1546231281.71
1546231281.75
1546231281.78
1546231281.81
1546231281.85
1546231281.88
1546231281.91
1546231281.95
1546231281.98
1546231282.01
1546231282.05
1546231282.08
1546231282.11
1546231282.15
1546231282.18
1546231282.21
1546231282.25
1546231282.28
1546231282.31
1546231282.35
1546231282.38
1546231282.41
1546231282.44
1546231282.48
1546231282.51
1546231282.55
1546231282.58
1546231282.61
1546231282.65
1546231282.68
1546231282.71
1546231282.75
1546231282.78
1546231282.81
1546231282.85
1546231282.88
1546231282.91
1546231282.94
1546231282.98
1546231283.01
1546231283.05
1546231283.08
1546231283.11
1546231283.14
1546231283.18
1546231283.21
1546231283.24
1546231283.28
1546231283.31
1546231283.35
1546231283.38
1546231283.41
1546231283.44
1546231283.48
1546231283.51
1546231283.55
1546231283.58
1546231283.61
1546231283.64
1546231283.68
1546231283.71
1546231283.74
1546231283.78
1546231283.81
1546231283.84
1546231283.88
1546231283.91
1546231283.94
1546231283.98
1546231284.01
1546231284.05
1546231284.08
1546231284.11
1546231284.14
1546231284.18
1546231284.21
1546231284.24
1546231284.28
1546231284.31
1546231284.34
1546231284.38
1546231284.41
1546231284.44
1546231284.48
1546231284.51
1546231284.55
1546231284.58
1546231284.61
1546231284.64
1546231284.68
1546231284.71
1546231284.74
1546231284.78
1546231284.81
1546231284.84
1546231284.88
1546231284.91
1546231284.94
1546231284.98
1546231285.01
1546231285.04
1546231285.08
1546231285.11
1546231285.14
1546231285.18
1546231285.21
1546231285.24
1546231285.28
1546231285.31
1546231285.35
1546231285.38
1546231285.41
1546231285.44
1546231285.48
1546231285.51
1546231285.55
1546231285.58
1546231285.61
1546231285.64
1546231285.68
1546231285.71
1546231285.74
1546231285.78
1546231285.81
1546231285.85
1546231285.88
1546231285.91
1546231285.94
1546231285.98
1546231286.01
1546231286.05
1546231286.08
1546231286.11
1546231286.14
1546231286.18
1546231286.21
1546231286.25
1546231286.28
1546231286.31
1546231286.35
1546231286.38
1546231286.41
1546231286.45
1546231286.48
1546231286.51
1546231286.55
1546231286.58
1546231286.61
1546231286.65
1546231286.68
1546231286.71
1546231286.75
1546231286.78
1546231286.81
1546231286.85
1546231286.88
1546231286.91
1546231286.95
1546231286.98
1546231287.02
1546231287.05
1546231287.08
1546231287.11
1546231287.15
1546231287.18
1546231287.21
1546231287.25
1546231287.28
1546231287.31
1546231287.35
1546231287.38
1546231287.41
1546231287.45
1546231287.48
1546231287.52
1546231287.55
1546231287.58
1546231287.61
1546231287.65
1546231287.68
1546231287.71
1546231287.75
1546231287.78
1546231287.81
1546231287.85
1546231287.88
1546231287.92
1546231287.95
1546231287.98
1546231288.02
1546231288.05
1546231288.08
1546231288.12
1546231288.15
1546231288.18
1546231288.21
1546231288.25
1546231288.28
1546231288.32
1546231288.35
1546231288.38
1546231288.41
1546231288.45
1546231288.48
1546231288.52
1546231288.55
1546231288.58
1546231288.62
1546231288.65
1546231288.68
1546231288.71
1546231288.75
1546231288.78
1546231288.82
1546231288.85
1546231288.88
1546231288.91
1546231288.95
1546231288.98
1546231289.02
1546231289.05
1546231289.08
1546231289.12
1546231289.15
1546231289.18
1546231289.22
1546231289.25
1546231289.28
1546231289.32
1546231289.35
1546231289.38
1546231289.42
1546231289.45
1546231289.48
1546231289.52
1546231289.55
1546231289.58
1546231289.62
1546231289.65
1546231289.68
1546231289.72
1546231289.75
1546231289.78
1546231289.82
1546231289.85
1546231289.88
1546231289.92
1546231289.95
1546231289.98
1546231290.02
1546231290.05
1546231290.08
1546231290.12
1546231290.15
1546231290.18
1546231290.22
1546231290.25
1546231290.29
1546231290.32
1546231290.35
1546231290.38
1546231290.42
1546231290.45
1546231290.48
1546231290.52
1546231290.55
1546231290.58
1546231290.62
1546231290.65
1546231290.68
1546231290.72
1546231290.75
1546231290.78
1546231290.81
1546231290.84
1546231290.88
1546231290.91
1546231290.94
1546231290.98
1546231291.01
1546231291.04
1546231291.08
1546231291.11
1546231291.14
1546231291.18
1546231291.21
1546231291.24
1546231291.28
1546231291.31
1546231291.34
1546231291.38
1546231291.41
1546231291.44
1546231291.48
1546231291.51
1546231291.54
1546231291.58
1546231291.61
1546231291.64
1546231291.68
1546231291.71
1546231291.74
1546231291.78
1546231291.81
1546231291.84
1546231291.88
1546231291.91
1546231291.94
1546231291.98
1546231292.01
1546231292.04
1546231292.08
1546231292.11
1546231292.14
1546231292.18
1546231292.21
1546231292.24
1546231292.28
1546231292.31
1546231292.34
1546231292.38
1546231292.41
1546231292.44
1546231292.47
1546231292.51
1546231292.54
1546231292.58
1546231292.61
1546231292.64
1546231292.67
1546231292.71
1546231292.74
1546231292.78
1546231292.81
1546231292.84
1546231292.87
1546231292.91
1546231292.94
1546231292.97
1546231293.01
1546231293.04
1546231293.07
1546231293.11
1546231293.14
1546231293.17
1546231293.21
1546231293.24
1546231293.28
1546231293.31
1546231293.34
1546231293.37
1546231293.41
1546231293.44
1546231293.47
1546231293.51
1546231293.54
1546231293.58
1546231293.61
1546231293.64
1546231293.67
1546231293.71
1546231293.74
1546231293.78
1546231293.81
1546231293.84
1546231293.88
1546231293.91
1546231293.94
1546231293.97
1546231294.01
1546231294.04
1546231294.07
1546231294.11
1546231294.14
1546231294.17
1546231294.21
1546231294.24
1546231294.27
1546231294.31
1546231294.34
1546231294.38
1546231294.41
1546231294.44
1546231294.47
1546231294.51
1546231294.54
1546231294.57
1546231294.61
1546231294.64
1546231294.67
1546231294.71
1546231294.74
1546231294.77
1546231294.81
1546231294.84
1546231294.87
1546231294.91
1546231294.94
1546231294.97
1546231295.01
1546231295.04
1546231295.07
1546231295.11
1546231295.14
1546231295.18
1546231295.21
1546231295.24
1546231295.28
1546231295.31
1546231295.34
1546231295.38
1546231295.41
1546231295.44
1546231295.47
1546231295.51
1546231295.54
1546231295.58
1546231295.61
1546231295.64
1546231295.67
1546231295.71
1546231295.74
1546231295.77
1546231295.81
1546231295.84
1546231295.87
1546231295.91
1546231295.94
1546231295.97
1546231296.01
1546231296.04
1546231296.07
1546231296.11
1546231296.14
1546231296.17
1546231296.21
1546231296.24
1546231296.27
1546231296.31
1546231296.34
1546231296.37
1546231296.41
1546231296.44
1546231296.47
1546231296.51
1546231296.54
1546231296.57
1546231296.61
1546231296.64
1546231296.67
1546231296.71
1546231296.74
1546231296.77
1546231296.81
1546231296.84
1546231296.87
1546231296.91
1546231296.94
1546231296.97
1546231297.01
1546231297.04
1546231297.07
1546231297.11
1546231297.14
1546231297.17
1546231297.21
1546231297.24
1546231297.27
1546231297.31
1546231297.34
1546231297.37
1546231297.41
1546231297.44
1546231297.47
1546231297.51
1546231297.54
1546231297.57
1546231297.61
1546231297.64
1546231297.67
1546231297.71
1546231297.74
1546231297.77
1546231297.81
1546231297.84
1546231297.87
1546231297.91
1546231297.94
1546231297.97
1546231298.01
1546231298.04
1546231298.07
1546231298.11
1546231298.14
1546231298.17
1546231298.21
1546231298.24
1546231298.27
1546231298.31
1546231298.34
1546231298.37
1546231298.41
1546231298.44
1546231298.47
1546231298.51
1546231298.54
1546231298.57
1546231298.61
1546231298.64
1546231298.67
1546231298.71
1546231298.74
1546231298.77
1546231298.81
1546231298.84
1546231298.87
1546231298.91
1546231298.94
1546231298.97
1546231299.01
1546231299.04
1546231299.07
1546231299.11
1546231299.14
1546231299.17
1546231299.21
1546231299.24
1546231299.27
1546231299.31
1546231299.34
1546231299.38
1546231299.41
1546231299.44
1546231299.47
1546231299.51
1546231299.54
1546231299.57
1546231299.61
1546231299.64
1546231299.67
1546231299.71
1546231299.74
1546231299.77
1546231299.81
1546231299.84
1546231299.87
1546231299.91
1546231299.94
1546231299.97
1546231300.01
1546231300.04
1546231300.08
1546231300.11
1546231300.14
1546231300.17
1546231300.21
1546231300.24
1546231300.27
1546231300.31
1546231300.34
1546231300.38
1546231300.41
1546231300.44
1546231300.47
1546231300.51
1546231300.54
1546231300.57
1546231300.61
1546231300.64
1546231300.67
1546231300.71
1546231300.74
1546231300.77
1546231300.81
1546231300.84
1546231300.88
1546231300.91
1546231300.94
1546231300.97
1546231301.01
1546231301.04
1546231301.08
1546231301.11
1546231301.14
1546231301.17
1546231301.21
1546231301.24
1546231301.28
1546231301.31
1546231301.34
1546231301.37
1546231301.41
1546231301.44
1546231301.47
1546231301.51
1546231301.54
1546231301.57
1546231301.61
1546231301.64
1546231301.67
1546231301.71
1546231301.74
1546231301.77
1546231301.81
1546231301.84
1546231301.87
1546231301.91
1546231301.94
1546231301.97
1546231302.01
1546231302.04
1546231302.07
1546231302.11
1546231302.14
1546231302.17
1546231302.21
1546231302.24
1546231302.27
1546231302.31
1546231302.34
1546231302.37
1546231302.41
1546231302.44
1546231302.47
1546231302.51
1546231302.54
1546231302.57
1546231302.61
1546231302.64
1546231302.67
1546231302.71
1546231302.74
1546231302.78
1546231302.81
1546231302.84
1546231302.88
1546231302.91
1546231302.94
1546231302.97
1546231303.01
1546231303.04
1546231303.08
1546231303.11
1546231303.14
1546231303.17
1546231303.21
1546231303.24
1546231303.27
1546231303.31
1546231303.34
1546231303.38
1546231303.41
1546231303.44
1546231303.47
1546231303.51
1546231303.54
1546231303.58
1546231303.61
1546231303.64
1546231303.67
1546231303.71
1546231303.74
1546231303.78
1546231303.81
1546231303.84
1546231303.87
1546231303.91
1546231303.94
1546231303.97
1546231304.01
1546231304.04
1546231304.07
1546231304.11
1546231304.14
1546231304.17
1546231304.21
1546231304.24
1546231304.28
1546231304.31
1546231304.34
1546231304.37
1546231304.41
1546231304.44
1546231304.47
1546231304.51
1546231304.54
1546231304.57
1546231304.61
1546231304.64
1546231304.67
1546231304.71
1546231304.74
1546231304.77
1546231304.81
1546231304.84
1546231304.87
1546231304.91
1546231304.94
1546231304.97
1546231305.01
1546231305.04
1546231305.07
1546231305.11
1546231305.14
1546231305.17
1546231305.21
1546231305.24
1546231305.27
1546231305.31
1546231305.34
1546231305.37
1546231305.41
1546231305.44
1546231305.47
1546231305.51
1546231305.54
1546231305.57
1546231305.61
1546231305.64
1546231305.67
1546231305.71
1546231305.74
1546231305.77
1546231305.81
1546231305.84
1546231305.87
1546231305.91
1546231305.94
1546231305.97
1546231306.01
1546231306.04
1546231306.07
1546231306.11
1546231306.14
1546231306.17
1546231306.21
1546231306.24
1546231306.27
1546231306.31
1546231306.34
1546231306.37
1546231306.41
1546231306.44
1546231306.47
1546231306.51
1546231306.54
1546231306.57
1546231306.61
1546231306.64
1546231306.67
1546231306.7
1546231306.74
1546231306.77
1546231306.81
1546231306.84
1546231306.87
1546231306.91
1546231306.94
1546231306.97
1546231307.01
1546231307.04
1546231307.07
1546231307.11
1546231307.14
1546231307.17
1546231307.21
1546231307.24
1546231307.27
1546231307.31
1546231307.34
1546231307.37
1546231307.41
1546231307.44
1546231307.47
1546231307.51
1546231307.54
1546231307.57
1546231307.61
1546231307.64
1546231307.67
1546231307.71
1546231307.74
1546231307.77
1546231307.81
1546231307.84
1546231307.87
1546231307.9
1546231307.94
1546231307.97
1546231308.01
1546231308.04
1546231308.07
1546231308.11
1546231308.14
1546231308.17
1546231308.2
1546231308.24
1546231308.27
1546231308.31
1546231308.34
1546231308.37
1546231308.4
1546231308.44
1546231308.47
1546231308.51
1546231308.54
1546231308.57
1546231308.61
1546231308.64
1546231308.67
1546231308.7
1546231308.74
1546231308.77
1546231308.8
1546231308.84
1546231308.87
1546231308.9
1546231308.94
1546231308.97
1546231309.01
1546231309.04
1546231309.07
1546231309.11
1546231309.14
1546231309.17
1546231309.2
1546231309.24
1546231309.27
1546231309.3
1546231309.34
1546231309.37
1546231309.4
1546231309.44
1546231309.47
1546231309.51
1546231309.54
1546231309.57
1546231309.61
1546231309.64
1546231309.67
1546231309.7
1546231309.74
1546231309.77
1546231309.8
1546231309.84
1546231309.87
1546231309.9
1546231309.94
1546231309.97
1546231310.0
1546231310.04
1546231310.07
1546231310.11
1546231310.14
1546231310.17
1546231310.2
1546231310.24
1546231310.27
1546231310.31
1546231310.34
1546231310.37
1546231310.4
1546231310.44
1546231310.47
1546231310.51
1546231310.54
1546231310.57
1546231310.61
1546231310.64
1546231310.67
1546231310.71
1546231310.74
1546231310.77
1546231310.81
1546231310.84
1546231310.87
1546231310.9
1546231310.94
1546231310.97
1546231311.01
1546231311.04
1546231311.07
1546231311.11
1546231311.14
1546231311.17
1546231311.21
1546231311.24
1546231311.27
1546231311.31
1546231311.34
1546231311.37
1546231311.4
1546231311.44
1546231311.47
1546231311.51
1546231311.54
1546231311.57
1546231311.61
1546231311.64
1546231311.67
1546231311.71
1546231311.74
1546231311.77
1546231311.81
1546231311.84
1546231311.87
1546231311.91
1546231311.94
1546231311.97
1546231312.01
1546231312.04
1546231312.07
1546231312.11
1546231312.14
1546231312.17
1546231312.2
1546231312.24
1546231312.27
1546231312.31
1546231312.34
1546231312.37
1546231312.41
1546231312.44
1546231312.47
1546231312.51
1546231312.54
1546231312.57
1546231312.61
1546231312.64
1546231312.67
1546231312.71
1546231312.74
1546231312.77
1546231312.81
1546231312.84
1546231312.87
1546231312.91
1546231312.94
1546231312.97
1546231313.01
1546231313.04
1546231313.07
1546231313.11
1546231313.14
1546231313.17
1546231313.21
1546231313.24
1546231313.27
1546231313.31
1546231313.34
1546231313.37
1546231313.41
1546231313.44
1546231313.47
1546231313.51
1546231313.54
1546231313.58
1546231313.61
1546231313.64
1546231313.67
1546231313.71
1546231313.74
1546231313.78
1546231313.81
1546231313.84
1546231313.88
1546231313.91
1546231313.94
1546231313.97
1546231314.01
1546231314.04
1546231314.08
1546231314.11
1546231314.14
1546231314.18
1546231314.21
1546231314.24
1546231314.27
1546231314.3
1546231314.34
1546231314.37
1546231314.4
1546231314.43
1546231314.47
1546231314.5
1546231314.54
1546231314.57
1546231314.6
1546231314.64
1546231314.67
1546231314.7
1546231314.74
1546231314.77
1546231314.8
1546231314.84
1546231314.87
1546231314.9
1546231314.94
1546231314.97
1546231315.0
1546231315.04
1546231315.07
1546231315.1
1546231315.14
1546231315.17
1546231315.2
1546231315.23
1546231315.27
1546231315.3
1546231315.34
1546231315.37
1546231315.4
1546231315.44
1546231315.47
1546231315.5
1546231315.54
1546231315.57
1546231315.6
1546231315.63
1546231315.67
1546231315.7
1546231315.73
1546231315.77
1546231315.8
1546231315.83
1546231315.87
1546231315.9
1546231315.93
1546231315.97
1546231316.0
1546231316.03
1546231316.07
1546231316.1
1546231316.13
1546231316.17
1546231316.2
1546231316.23
1546231316.27
1546231316.3
1546231316.33
1546231316.37
1546231316.4
1546231316.43
1546231316.47
1546231316.5
1546231316.53
1546231316.57
1546231316.6
1546231316.63
1546231316.67
1546231316.7
1546231316.73
1546231316.77
1546231316.8
1546231316.83
1546231316.87
1546231316.9
1546231316.93
1546231316.97
1546231317.0
1546231317.03
1546231317.07
1546231317.1
1546231317.13
1546231317.17
1546231317.2
1546231317.23
1546231317.27
1546231317.3
1546231317.33
1546231317.37
1546231317.4
1546231317.43
1546231317.47
1546231317.5
1546231317.53
1546231317.57
1546231317.6
1546231317.63
1546231317.67
1546231317.7
1546231317.73
1546231317.77
1546231317.8
1546231317.83
1546231317.87
1546231317.9
1546231317.93
1546231317.97
1546231318.0
1546231318.03
1546231318.07
1546231318.1
1546231318.13
1546231318.16
1546231318.2
1546231318.23
1546231318.27
1546231318.3
1546231318.33
1546231318.37
1546231318.4
1546231318.43
1546231318.47
1546231318.5
1546231318.53
1546231318.57
1546231318.6
1546231318.63
1546231318.67
1546231318.7
1546231318.73
1546231318.77
1546231318.8
1546231318.83
1546231318.87
1546231318.9
1546231318.93
1546231318.97
1546231319.0
1546231319.03
1546231319.07
1546231319.1
1546231319.13
1546231319.17
1546231319.2
1546231319.23
1546231319.27
1546231319.3
1546231319.33
1546231319.37
1546231319.4
1546231319.43
1546231319.47
1546231319.5
1546231319.53
1546231319.57
1546231319.6
1546231319.63
1546231319.67
1546231319.7
1546231319.73
1546231319.77
1546231319.8
1546231319.83
1546231319.87
1546231319.9
1546231319.93
1546231319.97
1546231320.0
1546231320.03
1546231320.07
1546231320.1
1546231320.13
1546231320.16
1546231320.2
1546231320.23
1546231320.27
1546231320.3
1546231320.33
1546231320.37
1546231320.4
1546231320.43
1546231320.47
1546231320.5
1546231320.53
1546231320.56
1546231320.6
1546231320.63
1546231320.66
1546231320.7
1546231320.73
1546231320.77
1546231320.8
1546231320.83
1546231320.87
1546231320.9
1546231320.93
1546231320.96
1546231321.0
1546231321.03
1546231321.06
1546231321.1
1546231321.13
1546231321.16
1546231321.2
1546231321.23
1546231321.26
1546231321.3
1546231321.33
1546231321.36
1546231321.4
1546231321.43
1546231321.46
1546231321.5
1546231321.53
1546231321.56
1546231321.6
1546231321.63
1546231321.66
1546231321.7
1546231321.73
1546231321.76
1546231321.8
1546231321.83
1546231321.86
1546231321.9
1546231321.93
1546231321.96
1546231322.0
1546231322.03
1546231322.07
1546231322.1
1546231322.13
1546231322.16
1546231322.2
1546231322.23
1546231322.27
1546231322.3
1546231322.33
1546231322.36
1546231322.4
1546231322.43
1546231322.46
1546231322.5
1546231322.53
1546231322.56
1546231322.6
1546231322.63
1546231322.66
1546231322.7
1546231322.73
1546231322.77
1546231322.8
1546231322.83
1546231322.86
1546231322.9
1546231322.93
1546231322.96
1546231323.0
1546231323.03
1546231323.07
1546231323.1
1546231323.13
1546231323.16
1546231323.2
1546231323.23
1546231323.27
1546231323.3
1546231323.33
1546231323.37
1546231323.4
1546231323.43
1546231323.47
1546231323.5
1546231323.53
1546231323.57
1546231323.6
1546231323.63
1546231323.66
1546231323.7
1546231323.73
1546231323.77
1546231323.8
1546231323.83
1546231323.87
1546231323.9
1546231323.93
1546231323.97
1546231324.0
1546231324.03
1546231324.07
1546231324.1
1546231324.13
1546231324.17
1546231324.2
1546231324.23
1546231324.27
1546231324.3
1546231324.33
1546231324.37
1546231324.4
1546231324.43
1546231324.46
1546231324.5
1546231324.53
1546231324.57
1546231324.6
1546231324.63
1546231324.66
1546231324.7
1546231324.73
1546231324.77
1546231324.8
1546231324.83
1546231324.87
1546231324.9
1546231324.93
1546231324.97
1546231325.0
1546231325.03
1546231325.07
1546231325.1
1546231325.13
1546231325.16
1546231325.2
1546231325.23
1546231325.26
1546231325.3
1546231325.33
1546231325.37
1546231325.4
1546231325.43
1546231325.46
1546231325.5
1546231325.53
1546231325.56
1546231325.6
1546231325.63
1546231325.66
1546231325.7
1546231325.73
1546231325.76
1546231325.8
1546231325.83
1546231325.86
1546231325.9
1546231325.93
1546231325.96
1546231326.0
1546231326.03
1546231326.06
1546231326.1
1546231326.13
1546231326.16
1546231326.2
1546231326.23
1546231326.26
1546231326.3
1546231326.33
1546231326.36
1546231326.4
1546231326.43
1546231326.46
1546231326.5
1546231326.53
1546231326.56
1546231326.6
1546231326.63
1546231326.66
1546231326.7
1546231326.73
1546231326.76
1546231326.8
1546231326.83
1546231326.86
1546231326.9
1546231326.93
1546231326.96
1546231327.0
1546231327.03
1546231327.07
1546231327.1
1546231327.13
1546231327.16
1546231327.2
1546231327.23
1546231327.26
1546231327.3
1546231327.33
1546231327.36
1546231327.4
1546231327.43
1546231327.46
1546231327.5
1546231327.53
1546231327.56
1546231327.6
1546231327.63
1546231327.66
1546231327.7
1546231327.73
1546231327.76
1546231327.8
1546231327.83
1546231327.86
1546231327.9
1546231327.93
1546231327.96
1546231328.0
1546231328.03
1546231328.06
1546231328.1
1546231328.13
1546231328.16
1546231328.2
1546231328.23
1546231328.27
1546231328.3
1546231328.33
1546231328.36
1546231328.4
1546231328.43
1546231328.46
1546231328.5
1546231328.53
1546231328.56
1546231328.6
1546231328.63
1546231328.66
1546231328.7
1546231328.73
1546231328.76
1546231328.8
1546231328.83
1546231328.86
1546231328.9
1546231328.93
1546231328.96
1546231329.0
1546231329.03
1546231329.06
1546231329.1
1546231329.13
1546231329.16
1546231329.2
1546231329.23
1546231329.26
1546231329.3
1546231329.33
1546231329.36
1546231329.4
1546231329.43
1546231329.46
1546231329.5
1546231329.53
1546231329.56
1546231329.6
1546231329.63
1546231329.66
1546231329.69
1546231329.73
1546231329.76
1546231329.8
1546231329.83
1546231329.86
1546231329.89
1546231329.93
1546231329.96
1546231329.99
1546231330.03
1546231330.06
1546231330.1
1546231330.13
1546231330.16
1546231330.2
1546231330.23
1546231330.26
1546231330.3
1546231330.33
1546231330.36
1546231330.4
1546231330.43
1546231330.46
1546231330.5
1546231330.53
1546231330.56
1546231330.6
1546231330.63
1546231330.66
1546231330.7
1546231330.73
1546231330.76
1546231330.8
1546231330.83
1546231330.86
1546231330.9
1546231330.93
1546231330.96
1546231330.99
1546231331.03
1546231331.06
1546231331.1
1546231331.13
1546231331.16
1546231331.2
1546231331.23
1546231331.26
1546231331.3
1546231331.33
1546231331.36
1546231331.4
1546231331.43
1546231331.46
1546231331.5
1546231331.53
1546231331.56
1546231331.6
1546231331.63
1546231331.66
1546231331.7
1546231331.73
1546231331.76
1546231331.8
1546231331.83
1546231331.86
1546231331.9
1546231331.93
1546231331.96
1546231332.0
1546231332.03
1546231332.06
1546231332.1
1546231332.13
1546231332.16
1546231332.2
1546231332.23
1546231332.26
1546231332.3
1546231332.33
1546231332.36
1546231332.4
1546231332.43
1546231332.46
1546231332.5
1546231332.53
1546231332.56
1546231332.6
1546231332.63
1546231332.66
1546231332.7
1546231332.73
1546231332.76
1546231332.8
1546231332.83
1546231332.86
1546231332.9
1546231332.93
1546231332.96
1546231333.0
1546231333.03
1546231333.06
1546231333.1
1546231333.13
1546231333.16
1546231333.2
1546231333.23
1546231333.26
1546231333.3
1546231333.33
1546231333.36
1546231333.4
1546231333.43
1546231333.46
1546231333.5
1546231333.53
1546231333.57
1546231333.6
1546231333.63
1546231333.66
1546231333.7
1546231333.73
1546231333.77
1546231333.8
1546231333.83
1546231333.87
1546231333.9
1546231333.93
1546231333.97
1546231334.0
1546231334.03
1546231334.07
1546231334.1
1546231334.13
1546231334.17
1546231334.2
1546231334.23
1546231334.27
1546231334.3
1546231334.33
1546231334.37
1546231334.4
1546231334.43
1546231334.47
1546231334.5
1546231334.53
1546231334.57
1546231334.6
1546231334.63
1546231334.67
1546231334.7
1546231334.73
1546231334.77
1546231334.8
1546231334.83
1546231334.87
1546231334.9
1546231334.93
1546231334.97
1546231335.0
1546231335.03
1546231335.07
1546231335.1
1546231335.13
1546231335.17
1546231335.2
1546231335.23
1546231335.27
1546231335.3
1546231335.33
1546231335.37
1546231335.4
1546231335.43
1546231335.47
1546231335.5
1546231335.53
1546231335.57
1546231335.6
1546231335.63
1546231335.67
1546231335.7
1546231335.73
1546231335.77
1546231335.8
1546231335.83
1546231335.87
1546231335.9
1546231335.93
1546231335.97
1546231336.0
1546231336.03
1546231336.07
1546231336.1
1546231336.13
1546231336.17
1546231336.2
1546231336.23
1546231336.27
1546231336.3
1546231336.33
1546231336.37
1546231336.4
1546231336.43
1546231336.47
1546231336.5
1546231336.53
1546231336.57
1546231336.6
1546231336.63
1546231336.67
1546231336.7
1546231336.73
1546231336.77
1546231336.8
1546231336.84
1546231336.87
1546231336.9
1546231336.93
1546231336.97
1546231337.0
1546231337.04
1546231337.07
1546231337.1
1546231337.14
1546231337.17
1546231337.2
1546231337.24
1546231337.27
1546231337.3
1546231337.34
1546231337.37
1546231337.4
1546231337.43
1546231337.47
1546231337.5
1546231337.54
1546231337.56
1546231337.59
1546231337.63
1546231337.66
1546231337.69
1546231337.73
1546231337.76
1546231337.79
1546231337.83
1546231337.86
1546231337.89
1546231337.93
1546231337.96
1546231337.99
1546231338.03
1546231338.06
1546231338.09
1546231338.13
1546231338.16
1546231338.19
1546231338.23
1546231338.26
1546231338.29
1546231338.33
1546231338.36
1546231338.39
1546231338.43
1546231338.46
1546231338.49
1546231338.53
1546231338.56
1546231338.59
1546231338.63
1546231338.66
1546231338.69
1546231338.73
1546231338.76
1546231338.79
1546231338.83
1546231338.86
1546231338.89
1546231338.92
1546231338.96
1546231338.99
1546231339.03
1546231339.06
1546231339.09
1546231339.13
1546231339.16
1546231339.19
1546231339.22
1546231339.26
1546231339.29
1546231339.33
1546231339.36
1546231339.39
1546231339.43
1546231339.46
1546231339.49
1546231339.53
1546231339.56
1546231339.59
1546231339.63
1546231339.66
1546231339.69
1546231339.73
1546231339.76
1546231339.79
1546231339.83
1546231339.86
1546231339.89
1546231339.92
1546231339.96
1546231339.99
1546231340.03
1546231340.06
1546231340.09
1546231340.12
1546231340.16
1546231340.19
1546231340.23
1546231340.26
1546231340.29
1546231340.33
1546231340.36
1546231340.39
1546231340.43
1546231340.46
1546231340.49
1546231340.53
1546231340.56
1546231340.59
1546231340.63
1546231340.66
1546231340.69
1546231340.73
1546231340.76
1546231340.79
1546231340.83
1546231340.86
1546231340.89
1546231340.93
1546231340.96
1546231340.99
1546231341.03
1546231341.06
1546231341.09
1546231341.13
1546231341.16
1546231341.19
1546231341.22
1546231341.26
1546231341.29
1546231341.33
1546231341.36
1546231341.39
1546231341.42
1546231341.46
1546231341.49
1546231341.53
1546231341.56
1546231341.59
1546231341.63
1546231341.66
1546231341.69
1546231341.72
1546231341.76
1546231341.79
1546231341.83
1546231341.86
1546231341.89
1546231341.92
1546231341.96
1546231341.99
1546231342.03
1546231342.06
1546231342.09
1546231342.13
1546231342.16
1546231342.19
1546231342.22
1546231342.26
1546231342.29
1546231342.33
1546231342.36
1546231342.39
1546231342.42
1546231342.46
1546231342.49
1546231342.53
1546231342.56
1546231342.59
1546231342.62
1546231342.66
1546231342.69
1546231342.72
1546231342.76
1546231342.79
1546231342.83
1546231342.86
1546231342.89
1546231342.92
1546231342.96
1546231342.99
1546231343.03
1546231343.06
1546231343.09
1546231343.12
1546231343.16
1546231343.19
1546231343.23
1546231343.26
1546231343.29
1546231343.33
1546231343.36
1546231343.39
1546231343.42
1546231343.46
1546231343.49
1546231343.52
1546231343.56
1546231343.59
1546231343.62
1546231343.66
1546231343.69
1546231343.72
1546231343.76
1546231343.79
1546231343.83
1546231343.86
1546231343.89
1546231343.92
1546231343.96
1546231343.99
1546231344.02
1546231344.06
1546231344.09
1546231344.12
1546231344.16
1546231344.19
1546231344.22
1546231344.26
1546231344.29
1546231344.33
1546231344.36
1546231344.39
1546231344.42
1546231344.46
1546231344.49
1546231344.52
1546231344.56
1546231344.59
1546231344.62
1546231344.66
1546231344.69
1546231344.72
1546231344.76
1546231344.79
1546231344.83
1546231344.86
1546231344.89
1546231344.93
1546231344.96
1546231344.99
1546231345.03
1546231345.06
1546231345.09
1546231345.12
1546231345.16
1546231345.19
1546231345.22
1546231345.26
1546231345.29
1546231345.32
1546231345.36
1546231345.39
1546231345.42
1546231345.46
1546231345.49
1546231345.52
1546231345.56
1546231345.59
1546231345.62
1546231345.66
1546231345.69
1546231345.72
1546231345.76
1546231345.79
1546231345.82
1546231345.86
1546231345.89
1546231345.92
1546231345.96
1546231345.99
1546231346.02
1546231346.06
1546231346.09
1546231346.12
1546231346.16
1546231346.19
1546231346.22
1546231346.26
1546231346.29
1546231346.32
1546231346.36
1546231346.39
1546231346.42
1546231346.46
1546231346.49
1546231346.52
1546231346.56
1546231346.59
1546231346.62
1546231346.65
1546231346.69
1546231346.72
1546231346.76
1546231346.79
1546231346.82
1546231346.86
1546231346.89
1546231346.92
1546231346.96
1546231346.99
1546231347.02
1546231347.06
1546231347.09
1546231347.12
1546231347.15
1546231347.19
1546231347.22
1546231347.26
1546231347.29
1546231347.32
1546231347.36
1546231347.39
1546231347.42
1546231347.45
1546231347.49
1546231347.52
1546231347.56
1546231347.59
1546231347.62
1546231347.65
1546231347.69
1546231347.72
1546231347.76
1546231347.79
1546231347.82
1546231347.86
1546231347.89
1546231347.92
1546231347.95
1546231347.99
1546231348.02
1546231348.06
1546231348.09
1546231348.12
1546231348.15
1546231348.19
1546231348.22
1546231348.26
1546231348.29
1546231348.32
1546231348.35
1546231348.39
1546231348.42
1546231348.45
1546231348.49
1546231348.52
1546231348.56
1546231348.59
1546231348.62
1546231348.65
1546231348.69
1546231348.72
1546231348.75
1546231348.79
1546231348.82
1546231348.85
1546231348.89
1546231348.92
1546231348.95
1546231348.99
1546231349.02
1546231349.06
1546231349.09
1546231349.12
1546231349.15
1546231349.19
1546231349.22
1546231349.25
1546231349.29
1546231349.32
1546231349.35
1546231349.39
1546231349.42
1546231349.45
1546231349.49
1546231349.52
1546231349.55
1546231349.59
1546231349.62
1546231349.65
1546231349.69
1546231349.72
1546231349.75
1546231349.79
1546231349.82
1546231349.86
1546231349.89
1546231349.92
1546231349.95
1546231349.99
1546231350.02
1546231350.06
1546231350.09
1546231350.12
1546231350.15
1546231350.19
1546231350.22
1546231350.25
1546231350.29
1546231350.32
1546231350.35
1546231350.39
1546231350.42
1546231350.45
1546231350.49
1546231350.52
1546231350.55
1546231350.59
1546231350.62
1546231350.65
1546231350.69
1546231350.72
1546231350.75
1546231350.79
1546231350.82
1546231350.85
1546231350.89
1546231350.92
1546231350.95
1546231350.99
1546231351.02
1546231351.05
1546231351.09
1546231351.12
1546231351.15
1546231351.19
1546231351.22
1546231351.25
1546231351.29
1546231351.32
1546231351.35
1546231351.39
1546231351.42
1546231351.45
1546231351.48
1546231351.52
1546231351.55
1546231351.59
1546231351.62
1546231351.65
1546231351.69
1546231351.72
1546231351.75
1546231351.79
1546231351.82
1546231351.85
1546231351.89
1546231351.92
1546231351.95
1546231351.98
1546231352.02
1546231352.05
1546231352.09
1546231352.12
1546231352.15
1546231352.18
1546231352.22
1546231352.25
1546231352.29
1546231352.32
1546231352.35
1546231352.38
1546231352.42
1546231352.45
1546231352.49
1546231352.52
1546231352.55
1546231352.59
1546231352.62
1546231352.65
1546231352.69
1546231352.72
1546231352.75
1546231352.79
1546231352.82
1546231352.85
1546231352.88
1546231352.92
1546231352.95
1546231352.98
1546231353.02
1546231353.05
1546231353.09
1546231353.12
1546231353.15
1546231353.18
1546231353.22
1546231353.25
1546231353.29
1546231353.32
1546231353.35
1546231353.38
1546231353.42
1546231353.45
1546231353.49
1546231353.52
1546231353.55
1546231353.59
1546231353.62
1546231353.65
1546231353.69
1546231353.72
1546231353.75
1546231353.79
1546231353.82
1546231353.85
1546231353.89
1546231353.92
1546231353.95
1546231353.99
1546231354.02
1546231354.05
1546231354.09
1546231354.12
1546231354.15
1546231354.18
1546231354.22
1546231354.25
1546231354.29
1546231354.32
1546231354.35
1546231354.38
1546231354.42
1546231354.45
1546231354.48
1546231354.52
1546231354.55
1546231354.59
1546231354.62
1546231354.65
1546231354.68
1546231354.72
1546231354.75
1546231354.78
1546231354.82
1546231354.85
1546231354.88
1546231354.92
1546231354.95
1546231354.98
1546231355.02
1546231355.05
1546231355.08
1546231355.12
1546231355.15
1546231355.18
1546231355.22
1546231355.25
1546231355.29
1546231355.32
1546231355.35
1546231355.39
1546231355.42
1546231355.45
1546231355.49
1546231355.52
1546231355.55
1546231355.58
1546231355.62
1546231355.65
1546231355.68
1546231355.72
1546231355.75
1546231355.79
1546231355.82
1546231355.85
1546231355.88
1546231355.92
1546231355.95
1546231355.98
1546231356.02
1546231356.05
1546231356.09
1546231356.12
1546231356.15
1546231356.18
1546231356.22
1546231356.25
1546231356.29
1546231356.32
1546231356.35
1546231356.38
1546231356.42
1546231356.45
1546231356.49
1546231356.52
1546231356.55
1546231356.59
1546231356.62
1546231356.65
1546231356.69
1546231356.72
1546231356.75
1546231356.79
1546231356.82
1546231356.85
1546231356.89
1546231356.92
1546231356.95
1546231356.99
1546231357.02
1546231357.05
1546231357.09
1546231357.12
1546231357.15
1546231357.19
1546231357.22
1546231357.25
1546231357.29
1546231357.32
1546231357.35
1546231357.39
1546231357.42
1546231357.45
1546231357.49
1546231357.52
1546231357.55
1546231357.59
1546231357.62
1546231357.65
1546231357.69
1546231357.72
1546231357.75
1546231357.79
1546231357.82
1546231357.85
1546231357.89
1546231357.92
1546231357.95
1546231357.99
1546231358.02
1546231358.05
1546231358.09
1546231358.12
1546231358.15
1546231358.19
1546231358.22
1546231358.25
1546231358.29
1546231358.32
1546231358.35
1546231358.39
1546231358.42
1546231358.45
1546231358.49
1546231358.52
1546231358.56
1546231358.59
1546231358.62
1546231358.65
1546231358.69
1546231358.72
1546231358.76
1546231358.79
1546231358.82
1546231358.86
1546231358.89
1546231358.92
1546231358.95
1546231358.99
1546231359.02
1546231359.06
1546231359.09
1546231359.12
1546231359.15
1546231359.19
1546231359.22
1546231359.26
1546231359.29
1546231359.32
1546231359.36
1546231359.39
1546231359.42
1546231359.45
1546231359.49
1546231359.52
1546231359.56
1546231359.59
1546231359.62
1546231359.66
1546231359.69
1546231359.72
1546231359.76
1546231359.79
1546231359.82
1546231359.86
1546231359.89
1546231359.92
1546231359.96
1546231359.99
1546231360.02
1546231360.06
1546231360.09
1546231360.12
1546231360.16
1546231360.19
1546231360.22
1546231360.26
1546231360.29
1546231360.32
1546231360.36
1546231360.39
1546231360.42
1546231360.46
1546231360.49
1546231360.52
1546231360.56
1546231360.59
1546231360.62
1546231360.66
1546231360.69
1546231360.72
1546231360.76
1546231360.79
1546231360.82
1546231360.85
1546231360.88
1546231360.92
1546231360.95
1546231360.98
1546231361.02
1546231361.05
1546231361.08
1546231361.12
1546231361.15
1546231361.18
1546231361.22
1546231361.25
1546231361.29
1546231361.32
1546231361.35
1546231361.38
1546231361.42
1546231361.45
1546231361.48
1546231361.52
1546231361.55
1546231361.59
1546231361.62
1546231361.65
1546231361.68
1546231361.72
1546231361.75
1546231361.79
1546231361.82
1546231361.85
1546231361.88
1546231361.92
1546231361.95
1546231361.98
1546231362.02
1546231362.05
1546231362.08
1546231362.12
1546231362.15
1546231362.18
1546231362.22
1546231362.25
1546231362.28
1546231362.32
1546231362.35
1546231362.38
1546231362.42
1546231362.45
1546231362.48
1546231362.52
1546231362.55
1546231362.59
1546231362.62
1546231362.65
1546231362.68
1546231362.72
1546231362.75
1546231362.78
1546231362.82
1546231362.85
1546231362.88
1546231362.92
1546231362.95
1546231362.98
1546231363.02
1546231363.05
1546231363.08
1546231363.12
1546231363.15
1546231363.18
1546231363.22
1546231363.25
1546231363.28
1546231363.32
1546231363.35
1546231363.38
1546231363.42
1546231363.45
1546231363.48
1546231363.52
1546231363.55
1546231363.58
1546231363.62
1546231363.65
1546231363.68
1546231363.72
1546231363.75
1546231363.78
1546231363.82
1546231363.85
1546231363.88
1546231363.92
1546231363.95
1546231363.98
1546231364.02
1546231364.05
1546231364.08
1546231364.12
1546231364.15
1546231364.18
1546231364.22
1546231364.25
1546231364.28
1546231364.32
1546231364.35
1546231364.38
1546231364.42
1546231364.45
1546231364.48
1546231364.52
1546231364.55
1546231364.58
1546231364.62
1546231364.65
1546231364.68
1546231364.72
1546231364.75
1546231364.78
1546231364.82
1546231364.85
1546231364.88
1546231364.92
1546231364.95
1546231364.98
1546231365.02
1546231365.05
1546231365.08
1546231365.12
1546231365.15
1546231365.18
1546231365.22
1546231365.25
1546231365.28
1546231365.32
1546231365.35
1546231365.38
1546231365.42
1546231365.45
1546231365.48
1546231365.52
1546231365.55
1546231365.58
1546231365.62
1546231365.65
1546231365.68
1546231365.72
1546231365.75
1546231365.78
1546231365.82
1546231365.85
1546231365.88
1546231365.92
1546231365.95
1546231365.98
1546231366.02
1546231366.05
1546231366.08
1546231366.12
1546231366.15
1546231366.18
1546231366.22
1546231366.25
1546231366.28
1546231366.32
1546231366.35
1546231366.38
1546231366.42
1546231366.45
1546231366.48
1546231366.52
1546231366.55
1546231366.58
1546231366.62
1546231366.65
1546231366.68
1546231366.72
1546231366.75
1546231366.78
1546231366.82
1546231366.85
1546231366.88
1546231366.92
1546231366.95
1546231366.98
1546231367.02
1546231367.05
1546231367.08
1546231367.12
1546231367.15
1546231367.18
1546231367.22
1546231367.25
1546231367.28
1546231367.32
1546231367.35
1546231367.38
1546231367.42
1546231367.45
1546231367.48
1546231367.52
1546231367.55
1546231367.58
1546231367.62
1546231367.65
1546231367.68
1546231367.71
1546231367.75
1546231367.78
1546231367.82
1546231367.85
1546231367.88
1546231367.91
1546231367.95
1546231367.98
1546231368.02
1546231368.05
1546231368.08
1546231368.12
1546231368.15
1546231368.18
1546231368.21
1546231368.25
1546231368.28
1546231368.32
1546231368.35
1546231368.38
1546231368.41
1546231368.45
1546231368.48
1546231368.52
1546231368.55
1546231368.58
1546231368.62
1546231368.65
1546231368.68
1546231368.71
1546231368.75
1546231368.78
1546231368.82
1546231368.85
1546231368.88
1546231368.91
1546231368.95
1546231368.98
1546231369.02
1546231369.05
1546231369.08
1546231369.12
1546231369.15
1546231369.18
1546231369.21
1546231369.25
1546231369.28
1546231369.32
1546231369.35
1546231369.38
1546231369.41
1546231369.45
1546231369.48
1546231369.51
1546231369.55
1546231369.58
1546231369.61
1546231369.65
1546231369.68
1546231369.71
1546231369.75
1546231369.78
1546231369.81
1546231369.85
1546231369.88
1546231369.91
1546231369.95
1546231369.98
1546231370.01
1546231370.05
1546231370.08
1546231370.11
1546231370.15
1546231370.18
1546231370.21
1546231370.25
1546231370.28
1546231370.31
1546231370.35
1546231370.38
1546231370.41
1546231370.45
1546231370.48
1546231370.51
1546231370.55
1546231370.58
1546231370.61
1546231370.65
1546231370.68
1546231370.71
1546231370.75
1546231370.78
1546231370.81
1546231370.85
1546231370.88
1546231370.91
1546231370.95
1546231370.98
1546231371.01
1546231371.05
1546231371.08
1546231371.11
1546231371.15
1546231371.18
1546231371.21
1546231371.25
1546231371.28
1546231371.31
1546231371.35
1546231371.38
1546231371.41
1546231371.45
1546231371.48
1546231371.51
1546231371.55
1546231371.58
1546231371.61
1546231371.65
1546231371.68
1546231371.71
1546231371.75
1546231371.78
1546231371.81
1546231371.85
1546231371.88
1546231371.91
1546231371.95
1546231371.98
1546231372.01
1546231372.05
1546231372.08
1546231372.11
1546231372.15
1546231372.18
1546231372.21
1546231372.24
1546231372.28
1546231372.31
1546231372.35
1546231372.38
1546231372.41
1546231372.45
1546231372.48
1546231372.51
1546231372.55
1546231372.58
1546231372.61
1546231372.65
1546231372.68
1546231372.71
1546231372.75
1546231372.78
1546231372.81
1546231372.85
1546231372.88
1546231372.91
1546231372.95
1546231372.98
1546231373.01
1546231373.05
1546231373.08
1546231373.11
1546231373.14
1546231373.18
1546231373.54
1546231373.57
1546231373.6
1546231373.62
1546231373.65
1546231373.68
1546231373.71
1546231373.74
1546231373.78
1546231373.81
1546231373.85
1546231373.88
1546231373.91
1546231373.94
1546231373.98
1546231374.01
1546231374.04
1546231374.08
1546231374.11
1546231374.14
1546231374.18
1546231374.21
1546231374.24
1546231374.28
1546231374.31
1546231374.34
1546231374.38
1546231374.41
1546231374.44
1546231374.48
1546231374.51
1546231374.54
1546231374.58
1546231374.61
1546231374.64
1546231374.68
1546231374.71
1546231374.74
1546231374.78
1546231374.81
1546231374.84
1546231374.88
1546231374.91
1546231374.94
1546231374.98
1546231375.01
1546231375.04
1546231375.08
1546231375.11
1546231375.14
1546231375.18
1546231375.21
1546231375.24
1546231375.28
1546231375.31
1546231375.35
1546231375.38
1546231375.41
1546231375.44
1546231375.48
1546231375.51
1546231375.54
1546231375.58
1546231375.61
1546231375.64
1546231375.68
1546231375.71
1546231375.74
1546231375.78
1546231375.81
1546231375.84
1546231375.88
1546231375.91
1546231375.94
1546231375.98
1546231376.01
1546231376.04
1546231376.08
1546231376.11
1546231376.14
1546231376.18
1546231376.21
1546231376.24
1546231376.28
1546231376.31
1546231376.34
1546231376.38
1546231376.41
1546231376.44
1546231376.48
1546231376.51
1546231376.54
1546231376.58
1546231376.61
1546231376.64
1546231376.68
1546231376.71
1546231376.74
1546231376.78
1546231376.81
1546231376.84
1546231376.88
1546231376.91
1546231376.94
1546231376.98
1546231377.01
1546231377.04
1546231377.08
1546231377.11
1546231377.14
1546231377.17
1546231377.21
1546231377.24
1546231377.28
1546231377.31
1546231377.34
1546231377.38
1546231377.41
1546231377.44
1546231377.47
1546231377.51
1546231377.54
1546231377.58
1546231377.61
1546231377.64
1546231377.67
1546231377.71
1546231377.74
1546231377.78
1546231377.81
1546231377.84
1546231377.88
1546231377.91
1546231377.94
1546231377.97
1546231378.01
1546231378.04
1546231378.07
1546231378.11
1546231378.14
1546231378.17
1546231378.21
1546231378.24
1546231378.28
1546231378.31
1546231378.34
1546231378.38
1546231378.41
1546231378.44
1546231378.47
1546231378.51
1546231378.54
1546231378.57
1546231378.61
1546231378.64
1546231378.67
1546231378.71
1546231378.74
1546231378.78
1546231378.81
1546231378.84
1546231378.87
1546231378.91
1546231378.94
1546231378.97
1546231379.01
1546231379.04
1546231379.08
1546231379.11
1546231379.14
1546231379.17
1546231379.21
1546231379.24
1546231379.28
1546231379.31
1546231379.34
1546231379.37
1546231379.41
1546231379.44
1546231379.47
1546231379.51
1546231379.54
1546231379.57
1546231379.61
1546231379.64
1546231379.67
1546231379.71
1546231379.74
1546231379.77
1546231379.81
1546231379.84
1546231379.87
1546231379.91
1546231379.94
1546231379.97
1546231380.01
1546231380.04
1546231380.08
1546231380.11
1546231380.14
1546231380.18
1546231380.21
1546231380.24
1546231380.28
1546231380.31
1546231380.34
1546231380.38
1546231380.41
1546231380.44
1546231380.48
1546231380.51
1546231380.54
1546231380.58
1546231380.61
1546231380.64
1546231380.68
1546231380.71
1546231380.74
1546231380.78
1546231380.81
1546231380.84
1546231380.88
1546231380.91
1546231380.94
1546231380.98
1546231381.01
1546231381.04
1546231381.08
1546231381.11
1546231381.14
1546231381.18
1546231381.21
1546231381.24
1546231381.28
1546231381.31
1546231381.35
1546231381.38
1546231381.41
1546231381.44
1546231381.48
1546231381.51
1546231381.55
1546231381.58
1546231381.61
1546231381.64
1546231381.68
1546231381.71
1546231381.74
1546231381.78
1546231381.81
1546231381.84
1546231381.88
1546231381.91
1546231381.94
1546231381.98
1546231382.01
1546231382.05
1546231382.08
1546231382.11
1546231382.14
1546231382.18
1546231382.21
1546231382.25
1546231382.28
1546231382.31
1546231382.34
1546231382.38
1546231382.41
1546231382.44
1546231382.48
1546231382.51
1546231382.54
1546231382.58
1546231382.61
1546231382.64
1546231382.68
1546231382.71
1546231382.75
1546231382.78
1546231382.81
1546231382.85
1546231382.88
1546231382.91
1546231382.94
1546231382.98
1546231383.01
1546231383.04
1546231383.08
1546231383.11
1546231383.14
1546231383.18
1546231383.21
1546231383.24
1546231383.28
1546231383.31
1546231383.35
1546231383.38
1546231383.41
1546231383.44
1546231383.48
1546231383.51
1546231383.55
1546231383.58
1546231383.61
1546231383.65
1546231383.68
1546231383.71
1546231383.75
1546231383.78
1546231383.81
1546231383.85
1546231383.88
1546231383.91
1546231383.94
1546231383.97
1546231384.01
1546231384.04
1546231384.07
1546231384.11
1546231384.14
1546231384.17
1546231384.21
1546231384.24
1546231384.27
1546231384.31
1546231384.34
1546231384.37
1546231384.41
1546231384.44
1546231384.47
1546231384.51
1546231384.54
1546231384.57
1546231384.61
1546231384.64
1546231384.67
1546231384.71
1546231384.74
1546231384.77
1546231384.81
1546231384.84
1546231384.87
1546231384.9
1546231384.94
1546231384.97
1546231385.01
1546231385.04
1546231385.07
1546231385.11
1546231385.14
1546231385.17
1546231385.21
1546231385.24
1546231385.27
1546231385.31
1546231385.34
1546231385.37
1546231385.41
1546231385.44
1546231385.47
1546231385.51
1546231385.54
1546231385.57
1546231385.61
1546231385.64
1546231385.67
1546231385.7
1546231385.74
1546231385.77
1546231385.81
1546231385.84
1546231385.87
1546231385.9
1546231385.94
1546231385.97
1546231386.01
1546231386.04
1546231386.07
1546231386.11
1546231386.14
1546231386.17
1546231386.2
1546231386.24
1546231386.27
1546231386.31
1546231386.34
1546231386.37
1546231386.4
1546231386.44
1546231386.47
1546231386.51
1546231386.54
1546231386.57
1546231386.61
1546231386.64
1546231386.67
1546231386.7
1546231386.74
1546231386.77
1546231386.81
1546231386.84
1546231386.87
1546231386.91
1546231386.94
1546231386.97
1546231387.01
1546231387.04
1546231387.07
1546231387.11
1546231387.14
1546231387.17
1546231387.2
1546231387.24
