1546231454.1
1546231454.24
1546231454.27
1546231454.31
1546231454.34
1546231454.37
1546231454.4
1546231454.43
1546231454.46
1546231454.49
1546231454.52
1546231454.56
1546231454.59
1546231454.62
1546231454.66
1546231454.69
1546231454.72
1546231454.76
1546231454.79
1546231454.82
1546231454.86
1546231454.89
1546231454.92
1546231454.96
1546231454.99
1546231455.02
1546231455.06
1546231455.09
1546231455.12
1546231455.16
1546231455.19
1546231455.22
1546231455.26
1546231455.29
1546231455.32
1546231455.36
1546231455.39
1546231455.42
1546231455.46
1546231455.49
1546231455.52
1546231455.56
1546231455.59
1546231455.62
1546231455.66
1546231455.69
1546231455.72
1546231455.76
1546231455.79
1546231455.82
1546231455.86
1546231455.89
1546231455.92
1546231455.96
1546231455.99
1546231456.02
1546231456.06
1546231456.09
1546231456.12
1546231456.15
1546231456.19
1546231456.22
1546231456.26
1546231456.29
1546231456.32
1546231456.36
1546231456.39
1546231456.42
1546231456.46
1546231456.49
1546231456.52
1546231456.56
1546231456.59
1546231456.62
1546231456.66
1546231456.69
1546231456.72
1546231456.76
1546231456.79
1546231456.82
1546231456.86
1546231456.89
1546231456.92
1546231456.96
1546231456.99
1546231457.02
1546231457.06
1546231457.09
1546231457.12
1546231457.16
1546231457.19
1546231457.22
1546231457.26
1546231457.29
1546231457.32
1546231457.36
1546231457.39
1546231457.42
1546231457.46
1546231457.49
1546231457.52
1546231457.56
1546231457.59
1546231457.62
1546231457.66
1546231457.69
1546231457.72
1546231457.76
1546231457.79
1546231457.82
1546231457.86
1546231457.89
1546231457.92
1546231457.96
1546231457.99
1546231458.02
1546231458.06
1546231458.09
1546231458.12
1546231458.16
1546231458.19
1546231458.22
1546231458.26
1546231458.29
1546231458.32
1546231458.36
1546231458.39
1546231458.42
1546231458.46
1546231458.49
1546231458.52
1546231458.56
1546231458.59
1546231458.62
1546231458.66
1546231458.69
1546231458.72
1546231458.76
1546231458.79
1546231458.82
1546231458.86
1546231458.89
1546231458.92
1546231458.96
1546231458.99
1546231459.03
1546231459.06
1546231459.09
1546231459.12
1546231459.16
1546231459.19
1546231459.22
1546231459.26
1546231459.29
1546231459.32
1546231459.36
1546231459.39
1546231459.42
1546231459.46
1546231459.49
1546231459.52
1546231459.56
1546231459.59
1546231459.62
1546231459.66
1546231459.69
1546231459.72
1546231459.76
1546231459.79
1546231459.82
1546231459.86
1546231459.89
1546231459.92
1546231459.96
1546231459.99
1546231460.02
1546231460.06
1546231460.09
1546231460.12
1546231460.16
1546231460.19
1546231460.22
1546231460.26
1546231460.29
1546231460.32
1546231460.36
1546231460.39
1546231460.42
1546231460.46
1546231460.49
1546231460.52
1546231460.56
1546231460.59
1546231460.62
1546231460.66
1546231460.69
1546231460.72
1546231460.76
1546231460.79
1546231460.82
1546231460.86
1546231460.89
1546231460.93
1546231460.96
1546231460.99
1546231461.02
1546231461.06
1546231461.09
1546231461.12
1546231461.16
1546231461.19
1546231461.22
1546231461.26
1546231461.29
1546231461.32
1546231461.36
1546231461.39
1546231461.42
1546231461.46
1546231461.49
1546231461.52
1546231461.56
1546231461.59
1546231461.62
1546231461.66
1546231461.69
1546231461.72
1546231461.76
1546231461.79
1546231461.83
1546231461.86
1546231461.89
1546231461.93
1546231461.96
1546231461.99
1546231462.03
1546231462.06
1546231462.09
1546231462.13
1546231462.16
1546231462.19
1546231462.23
1546231462.26
1546231462.29
1546231462.33
1546231462.36
1546231462.39
1546231462.43
1546231462.46
1546231462.49
1546231462.53
1546231462.56
1546231462.59
1546231462.63
1546231462.66
1546231462.69
1546231462.73
1546231462.76
1546231462.8
1546231462.83
1546231462.86
1546231462.89
1546231462.93
1546231462.96
1546231462.99
1546231463.03
1546231463.06
1546231463.1
1546231463.13
1546231463.16
1546231463.2
1546231463.23
1546231463.26
1546231463.3
1546231463.33
1546231463.36
1546231463.4
1546231463.43
1546231463.46
1546231463.5
1546231463.53
1546231463.56
1546231463.6
1546231463.63
1546231463.66
1546231463.7
1546231463.73
1546231463.76
1546231463.8
1546231463.83
1546231463.86
1546231463.9
1546231463.93
1546231463.96
1546231464.0
1546231464.03
1546231464.06
1546231464.1
1546231464.13
1546231464.16
1546231464.2
1546231464.23
1546231464.26
1546231464.3
1546231464.33
1546231464.36
1546231464.4
1546231464.43
1546231464.46
1546231464.5
1546231464.53
1546231464.56
1546231464.6
1546231464.63
1546231464.66
1546231464.7
1546231464.73
1546231464.76
1546231464.8
1546231464.83
1546231464.86
1546231464.9
1546231464.93
1546231464.96
1546231465.0
1546231465.03
1546231465.06
1546231465.1
1546231465.13
1546231465.16
1546231465.2
1546231465.23
1546231465.26
1546231465.3
1546231465.33
1546231465.36
1546231465.4
1546231465.43
1546231465.46
1546231465.5
1546231465.53
1546231465.56
1546231465.6
1546231465.63
1546231465.66
1546231465.7
1546231465.73
1546231465.77
1546231465.8
1546231465.83
1546231465.87
1546231465.9
1546231465.93
1546231465.96
1546231466.0
1546231466.03
1546231466.07
1546231466.1
1546231466.13
1546231466.16
1546231466.2
1546231466.23
1546231466.27
1546231466.3
1546231466.33
1546231466.37
1546231466.4
1546231466.43
1546231466.47
1546231466.5
1546231466.53
1546231466.57
1546231466.6
1546231466.63
1546231466.66
1546231466.69
1546231466.72
1546231466.76
1546231466.79
1546231466.83
1546231466.86
1546231466.89
1546231466.92
1546231466.96
1546231466.99
1546231467.02
1546231467.06
1546231467.09
1546231467.12
1546231467.16
1546231467.19
1546231467.22
1546231467.26
1546231467.29
1546231467.32
1546231467.36
1546231467.39
1546231467.42
1546231467.46
1546231467.49
1546231467.52
1546231467.56
1546231467.59
1546231467.62
1546231467.66
1546231467.69
1546231467.72
1546231467.76
1546231467.79
1546231467.82
1546231467.86
1546231467.89
1546231467.92
1546231467.96
1546231467.99
1546231468.02
1546231468.06
1546231468.09
1546231468.12
1546231468.16
1546231468.19
1546231468.22
1546231468.26
1546231468.29
1546231468.32
1546231468.36
1546231468.39
1546231468.42
1546231468.46
1546231468.49
1546231468.52
1546231468.56
1546231468.59
1546231468.63
1546231468.66
1546231468.69
1546231468.72
1546231468.76
1546231468.79
1546231468.82
1546231468.86
1546231468.89
1546231468.92
1546231468.96
1546231468.99
1546231469.03
1546231469.06
1546231469.09
1546231469.12
1546231469.16
1546231469.19
1546231469.22
1546231469.26
1546231469.29
1546231469.32
1546231469.36
1546231469.39
1546231469.42
1546231469.46
1546231469.49
1546231469.52
1546231469.56
1546231469.59
1546231469.62
1546231469.66
1546231469.69
1546231469.72
1546231469.76
1546231469.79
1546231469.82
1546231469.86
1546231469.89
1546231469.92
1546231469.96
1546231469.99
1546231470.02
1546231470.06
1546231470.09
1546231470.12
1546231470.16
1546231470.19
1546231470.22
1546231470.26
1546231470.29
1546231470.32
1546231470.36
1546231470.39
1546231470.42
1546231470.46
1546231470.49
1546231470.52
1546231470.56
1546231470.59
1546231470.62
1546231470.66
1546231470.69
1546231470.72
1546231470.76
1546231470.79
1546231470.82
1546231470.86
1546231470.89
1546231470.92
1546231470.96
1546231470.99
1546231471.02
1546231471.06
1546231471.09
1546231471.12
1546231471.16
1546231471.19
1546231471.22
1546231471.26
1546231471.29
1546231471.32
1546231471.36
1546231471.39
1546231471.42
1546231471.45
1546231471.49
1546231471.52
1546231471.56
1546231471.59
1546231471.62
1546231471.65
1546231471.69
1546231471.72
1546231471.76
1546231471.79
1546231471.82
1546231471.86
1546231471.89
1546231471.92
1546231471.96
1546231471.99
1546231472.02
1546231472.06
1546231472.09
1546231472.12
1546231472.15
1546231472.19
1546231472.22
1546231472.26
1546231472.29
1546231472.32
1546231472.36
1546231472.39
1546231472.42
1546231472.45
1546231472.49
1546231472.52
1546231472.56
1546231472.59
1546231472.62
1546231472.66
1546231472.69
1546231472.72
1546231472.76
1546231472.79
1546231472.82
1546231472.86
1546231472.89
1546231472.92
1546231472.96
1546231472.99
1546231473.02
1546231473.06
1546231473.09
1546231473.12
1546231473.16
1546231473.19
1546231473.22
1546231473.26
1546231473.29
1546231473.32
1546231473.36
1546231473.39
1546231473.42
1546231473.46
1546231473.49
1546231473.52
1546231473.56
1546231473.59
1546231473.62
1546231473.65
1546231473.69
1546231473.72
1546231473.76
1546231473.79
1546231473.82
1546231473.86
1546231473.89
1546231473.92
1546231473.95
1546231473.99
1546231474.02
1546231474.06
1546231474.09
1546231474.12
1546231474.15
1546231474.19
1546231474.22
1546231474.26
1546231474.29
1546231474.32
1546231474.36
1546231474.39
1546231474.42
1546231474.45
1546231474.49
1546231474.52
1546231474.55
1546231474.59
1546231474.62
1546231474.65
1546231474.69
1546231474.72
1546231474.75
1546231474.79
1546231474.82
1546231474.85
1546231474.89
1546231474.92
1546231474.95
1546231474.99
1546231475.02
1546231475.05
1546231475.09
1546231475.12
1546231475.15
1546231475.19
1546231475.22
1546231475.25
1546231475.29
1546231475.32
1546231475.35
1546231475.39
1546231475.42
1546231475.45
1546231475.49
1546231475.52
1546231475.56
1546231475.59
1546231475.62
1546231475.65
1546231475.69
1546231475.72
1546231475.76
1546231475.79
1546231475.82
1546231475.86
1546231475.89
1546231475.92
1546231475.95
1546231475.99
1546231476.02
1546231476.06
1546231476.09
1546231476.12
1546231476.16
1546231476.19
1546231476.22
1546231476.26
1546231476.29
1546231476.32
1546231476.36
1546231476.39
1546231476.42
1546231476.45
1546231476.49
1546231476.52
1546231476.56
1546231476.59
1546231476.62
1546231476.66
1546231476.69
1546231476.72
1546231476.76
1546231476.79
1546231476.82
1546231476.86
1546231476.89
1546231476.92
1546231476.96
1546231476.99
1546231477.02
1546231477.06
1546231477.09
1546231477.12
1546231477.15
1546231477.19
1546231477.22
1546231477.26
1546231477.29
1546231477.32
1546231477.36
1546231477.39
1546231477.42
1546231477.45
1546231477.49
1546231477.52
1546231477.56
1546231477.59
1546231477.62
1546231477.65
1546231477.69
1546231477.72
1546231477.76
1546231477.79
1546231477.82
1546231477.86
1546231477.89
1546231477.92
1546231477.95
1546231477.99
1546231478.02
1546231478.05
1546231478.09
1546231478.12
1546231478.15
1546231478.19
1546231478.22
1546231478.25
1546231478.29
1546231478.32
1546231478.36
1546231478.39
1546231478.42
1546231478.45
1546231478.49
1546231478.52
1546231478.55
1546231478.59
1546231478.62
1546231478.65
1546231478.69
1546231478.72
1546231478.76
1546231478.79
1546231478.82
1546231478.85
1546231478.89
1546231478.92
1546231478.95
1546231478.99
1546231479.02
1546231479.06
1546231479.09
1546231479.12
1546231479.15
1546231479.19
1546231479.22
1546231479.26
1546231479.29
1546231479.32
1546231479.36
1546231479.39
1546231479.42
1546231479.46
1546231479.49
1546231479.52
1546231479.55
1546231479.59
1546231479.62
1546231479.65
1546231479.69
1546231479.72
1546231479.76
1546231479.79
1546231479.82
1546231479.86
1546231479.89
1546231479.92
1546231479.95
1546231479.99
1546231480.02
1546231480.05
1546231480.09
1546231480.12
1546231480.15
1546231480.19
1546231480.22
1546231480.25
1546231480.29
1546231480.32
1546231480.35
1546231480.39
1546231480.42
1546231480.45
1546231480.49
1546231480.52
1546231480.55
1546231480.59
1546231480.62
1546231480.65
1546231480.69
1546231480.72
1546231480.75
1546231480.79
1546231480.82
1546231480.85
1546231480.89
1546231480.92
1546231480.95
1546231480.99
1546231481.02
1546231481.06
1546231481.09
1546231481.12
1546231481.15
1546231481.19
1546231481.22
1546231481.25
1546231481.29
1546231481.32
1546231481.35
1546231481.39
1546231481.42
1546231481.45
1546231481.49
1546231481.52
1546231481.55
1546231481.59
1546231481.62
1546231481.65
1546231481.69
1546231481.72
1546231481.75
1546231481.79
1546231481.82
1546231481.85
1546231481.89
1546231481.92
1546231481.95
1546231481.99
1546231482.02
1546231482.05
1546231482.09
1546231482.12
1546231482.15
1546231482.19
1546231482.22
1546231482.25
1546231482.29
1546231482.32
1546231482.35
1546231482.39
1546231482.42
1546231482.45
1546231482.49
1546231482.52
1546231482.55
1546231482.59
1546231482.62
1546231482.65
1546231482.69
1546231482.72
1546231482.75
1546231482.79
1546231482.82
1546231482.85
1546231482.89
1546231482.92
1546231482.95
1546231482.99
1546231483.02
1546231483.05
1546231483.09
1546231483.12
1546231483.15
1546231483.19
1546231483.22
1546231483.25
1546231483.29
1546231483.32
1546231483.35
1546231483.39
1546231483.42
1546231483.45
1546231483.49
1546231483.52
1546231483.55
1546231483.59
1546231483.62
1546231483.65
1546231483.69
1546231483.72
1546231483.75
1546231483.79
1546231483.82
1546231483.85
1546231483.89
1546231483.92
1546231483.95
1546231483.99
1546231484.02
1546231484.05
1546231484.09
1546231484.12
1546231484.15
1546231484.19
1546231484.22
1546231484.25
1546231484.29
1546231484.32
1546231484.35
1546231484.39
1546231484.42
1546231484.45
1546231484.49
1546231484.52
1546231484.55
1546231484.59
1546231484.62
1546231484.65
1546231484.68
1546231484.72
1546231484.75
1546231484.79
1546231484.82
1546231484.85
1546231484.88
1546231484.92
1546231484.95
1546231484.99
1546231485.02
1546231485.05
1546231485.08
1546231485.12
1546231485.15
1546231485.18
1546231485.22
1546231485.25
1546231485.29
1546231485.32
1546231485.35
1546231485.38
1546231485.42
1546231485.45
1546231485.49
1546231485.52
1546231485.55
1546231485.59
1546231485.62
1546231485.65
1546231485.68
1546231485.72
1546231485.75
1546231485.79
1546231485.82
1546231485.85
1546231485.88
1546231485.92
1546231485.95
1546231485.98
1546231486.02
1546231486.05
1546231486.09
1546231486.12
1546231486.15
1546231486.18
1546231486.22
1546231486.25
1546231486.29
1546231486.32
1546231486.35
1546231486.38
1546231486.42
1546231486.45
1546231486.48
1546231486.52
1546231486.55
1546231486.59
1546231486.62
1546231486.65
1546231486.68
1546231486.72
1546231486.75
1546231486.79
1546231486.82
1546231486.85
1546231486.88
1546231486.92
1546231486.95
1546231486.99
1546231487.02
1546231487.05
1546231487.09
1546231487.12
1546231487.15
1546231487.19
1546231487.22
1546231487.25
1546231487.29
1546231487.32
1546231487.35
1546231487.39
1546231487.42
1546231487.45
1546231487.49
1546231487.52
1546231487.55
1546231487.59
1546231487.62
1546231487.65
1546231487.69
1546231487.72
1546231487.75
1546231487.79
1546231487.82
1546231487.85
1546231487.89
1546231487.92
1546231487.95
1546231487.99
1546231488.02
1546231488.06
1546231488.09
1546231488.12
1546231488.15
1546231488.19
1546231488.22
1546231488.26
1546231488.29
1546231488.32
1546231488.35
1546231488.39
1546231488.42
1546231488.46
1546231488.49
1546231488.52
1546231488.56
1546231488.59
1546231488.62
1546231488.66
1546231488.69
1546231488.72
1546231488.76
1546231488.79
1546231488.82
1546231488.86
1546231488.89
1546231488.92
1546231488.96
1546231488.99
1546231489.02
1546231489.06
1546231489.09
1546231489.12
1546231489.16
1546231489.19
1546231489.22
1546231489.26
1546231489.29
1546231489.32
1546231489.36
1546231489.39
1546231489.42
1546231489.46
1546231489.49
1546231489.52
1546231489.56
1546231489.59
1546231489.62
1546231489.66
1546231489.69
1546231489.72
1546231489.76
1546231489.79
1546231489.82
1546231489.86
1546231489.89
1546231489.92
1546231489.96
1546231489.99
1546231490.02
1546231490.05
1546231490.08
1546231490.12
1546231490.15
1546231490.18
1546231490.22
1546231490.25
1546231490.28
1546231490.32
1546231490.35
1546231490.38
1546231490.42
1546231490.45
1546231490.48
1546231490.52
1546231490.55
1546231490.58
1546231490.62
1546231490.65
1546231490.68
1546231490.72
1546231490.75
1546231490.78
1546231490.82
1546231490.85
1546231490.88
1546231490.92
1546231490.95
1546231490.98
1546231491.02
1546231491.05
1546231491.08
1546231491.12
1546231491.15
1546231491.18
1546231491.22
1546231491.25
1546231491.28
1546231491.32
1546231491.35
1546231491.38
1546231491.42
1546231491.45
1546231491.48
1546231491.52
1546231491.55
1546231491.58
1546231491.62
1546231491.65
1546231491.68
1546231491.72
1546231491.75
1546231491.78
1546231491.82
1546231491.85
1546231491.88
1546231491.92
1546231491.95
1546231491.98
1546231492.02
1546231492.05
1546231492.08
1546231492.12
1546231492.15
1546231492.18
1546231492.22
1546231492.25
1546231492.29
1546231492.32
1546231492.35
1546231492.38
1546231492.42
1546231492.45
1546231492.48
1546231492.52
1546231492.55
1546231492.58
1546231492.62
1546231492.65
1546231492.68
1546231492.72
1546231492.75
1546231492.79
1546231492.82
1546231492.85
1546231492.88
1546231492.92
1546231492.95
1546231492.98
1546231493.02
1546231493.05
1546231493.09
1546231493.12
1546231493.15
1546231493.18
1546231493.22
1546231493.25
1546231493.29
1546231493.32
1546231493.35
1546231493.38
1546231493.42
1546231493.45
1546231493.48
1546231493.52
1546231493.55
1546231493.59
1546231493.62
1546231493.65
1546231493.68
1546231493.72
1546231493.75
1546231493.79
1546231493.82
1546231493.85
1546231493.88
1546231493.92
1546231493.95
1546231493.98
1546231494.02
1546231494.05
1546231494.09
1546231494.12
1546231494.15
1546231494.18
1546231494.22
1546231494.25
1546231494.29
1546231494.32
1546231494.35
1546231494.38
1546231494.42
1546231494.45
1546231494.48
1546231494.52
1546231494.55
1546231494.59
1546231494.62
1546231494.65
1546231494.68
1546231494.72
1546231494.75
1546231494.79
1546231494.82
1546231494.85
1546231494.88
1546231494.92
1546231494.95
1546231494.98
1546231495.02
1546231495.05
1546231495.08
1546231495.12
1546231495.15
1546231495.18
1546231495.22
1546231495.25
1546231495.28
1546231495.32
1546231495.35
1546231495.39
1546231495.42
1546231495.45
1546231495.48
1546231495.52
1546231495.55
1546231495.59
1546231495.62
1546231495.65
1546231495.68
1546231495.72
1546231495.75
1546231495.79
1546231495.82
1546231495.85
1546231495.88
1546231495.92
1546231495.95
1546231495.98
1546231496.02
1546231496.05
1546231496.09
1546231496.12
1546231496.15
1546231496.18
1546231496.22
1546231496.25
1546231496.29
1546231496.32
1546231496.35
1546231496.39
1546231496.42
1546231496.45
1546231496.48
1546231496.52
1546231496.55
1546231496.59
1546231496.62
1546231496.65
1546231496.68
1546231496.72
1546231496.75
1546231496.79
1546231496.82
1546231496.85
1546231496.88
1546231496.92
1546231496.95
1546231496.98
1546231497.02
1546231497.05
1546231497.09
1546231497.12
1546231497.15
1546231497.18
1546231497.22
1546231497.25
1546231497.29
1546231497.32
1546231497.35
1546231497.38
1546231497.42
1546231497.45
1546231497.49
1546231497.52
1546231497.55
1546231497.59
1546231497.62
1546231497.65
1546231497.69
1546231497.72
1546231497.75
1546231497.79
1546231497.82
1546231497.85
1546231497.88
1546231497.92
1546231497.95
1546231497.99
1546231498.02
1546231498.05
1546231498.09
1546231498.12
1546231498.15
1546231498.19
1546231498.22
1546231498.25
1546231498.29
1546231498.32
1546231498.35
1546231498.39
1546231498.42
1546231498.45
1546231498.49
1546231498.52
1546231498.55
1546231498.59
1546231498.62
1546231498.65
1546231498.69
1546231498.72
1546231498.75
1546231498.79
1546231498.82
1546231498.85
1546231498.88
1546231498.92
1546231498.95
1546231498.99
1546231499.02
1546231499.05
1546231499.09
1546231499.12
1546231499.15
1546231499.18
1546231499.22
1546231499.25
1546231499.28
1546231499.32
1546231499.35
1546231499.38
1546231499.42
1546231499.45
1546231499.48
1546231499.52
1546231499.55
1546231499.59
1546231499.62
1546231499.65
1546231499.69
1546231499.72
1546231499.75
1546231499.79
1546231499.82
1546231499.85
1546231499.89
1546231499.92
1546231499.95
1546231499.99
1546231500.02
1546231500.05
1546231500.08
1546231500.12
1546231500.15
1546231500.18
1546231500.22
1546231500.25
1546231500.29
1546231500.32
1546231500.35
1546231500.38
1546231500.42
1546231500.45
1546231500.48
1546231500.52
1546231500.55
1546231500.58
1546231500.62
1546231500.65
1546231500.68
1546231500.72
1546231500.75
1546231500.78
1546231500.82
1546231500.85
1546231500.88
1546231500.92
1546231500.95
1546231500.98
1546231501.02
1546231501.05
1546231501.08
1546231501.12
1546231501.15
1546231501.18
1546231501.22
1546231501.25
1546231501.28
1546231501.32
1546231501.35
1546231501.38
1546231501.42
1546231501.45
1546231501.48
1546231501.52
1546231501.55
1546231501.58
1546231501.62
1546231501.65
1546231501.68
1546231501.72
1546231501.75
1546231501.78
1546231501.82
1546231501.85
1546231501.88
1546231501.92
1546231501.95
1546231501.98
1546231502.02
1546231502.05
1546231502.08
1546231502.12
1546231502.15
1546231502.18
1546231502.22
1546231502.25
1546231502.28
1546231502.32
1546231502.35
1546231502.38
1546231502.42
1546231502.45
1546231502.48
1546231502.52
1546231502.55
1546231502.58
1546231502.62
1546231502.65
1546231502.68
1546231502.72
1546231502.75
1546231502.78
1546231502.82
1546231502.85
1546231502.88
1546231502.92
1546231502.95
1546231502.98
1546231503.02
1546231503.05
1546231503.08
1546231503.12
1546231503.15
1546231503.18
1546231503.22
1546231503.25
1546231503.28
1546231503.32
1546231503.35
1546231503.38
1546231503.42
1546231503.45
1546231503.48
1546231503.52
1546231503.55
1546231503.58
1546231503.62
1546231503.65
1546231503.68
1546231503.72
1546231503.75
1546231503.79
1546231503.82
1546231503.85
1546231503.89
1546231503.92
1546231503.95
1546231503.98
1546231504.02
1546231504.05
1546231504.09
1546231504.12
1546231504.15
1546231504.18
1546231504.22
1546231504.25
1546231504.29
1546231504.32
1546231504.35
1546231504.38
1546231504.42
1546231504.45
1546231504.48
1546231504.52
1546231504.55
1546231504.58
1546231504.62
1546231504.65
1546231504.68
1546231504.72
1546231504.75
1546231504.78
1546231504.82
1546231504.85
1546231504.88
1546231504.92
1546231504.95
1546231504.98
1546231505.02
1546231505.05
1546231505.08
1546231505.12
1546231505.15
1546231505.18
1546231505.22
1546231505.25
1546231505.28
1546231505.32
1546231505.35
1546231505.38
1546231505.42
1546231505.45
1546231505.48
1546231505.52
1546231505.55
1546231505.58
1546231505.62
1546231505.65
1546231505.68
1546231505.72
1546231505.75
1546231505.78
1546231505.82
1546231505.85
1546231505.88
1546231505.92
1546231505.95
1546231505.98
1546231506.02
1546231506.05
1546231506.08
1546231506.12
1546231506.15
1546231506.18
1546231506.22
1546231506.25
1546231506.28
1546231506.32
1546231506.35
1546231506.38
1546231506.42
1546231506.45
1546231506.48
1546231506.52
1546231506.55
1546231506.58
1546231506.62
1546231506.65
1546231506.68
1546231506.71
1546231506.75
1546231506.78
1546231506.82
1546231506.85
1546231506.88
1546231506.91
1546231506.95
1546231506.98
1546231507.02
1546231507.05
1546231507.08
1546231507.12
1546231507.15
1546231507.18
1546231507.22
1546231507.25
1546231507.28
1546231507.32
1546231507.35
1546231507.38
1546231507.41
1546231507.45
1546231507.48
1546231507.52
1546231507.55
1546231507.58
1546231507.62
1546231507.65
1546231507.68
1546231507.72
1546231507.75
1546231507.78
1546231507.82
1546231507.85
1546231507.88
1546231507.92
1546231507.95
1546231507.98
1546231508.02
1546231508.05
1546231508.08
1546231508.12
1546231508.15
1546231508.18
1546231508.22
1546231508.25
1546231508.28
1546231508.32
1546231508.35
1546231508.38
1546231508.42
1546231508.45
1546231508.48
1546231508.52
1546231508.55
1546231508.58
1546231508.62
1546231508.65
1546231508.68
1546231508.72
1546231508.75
1546231508.78
1546231508.82
1546231508.85
1546231508.88
1546231508.92
1546231508.95
1546231508.98
1546231509.02
1546231509.05
1546231509.08
1546231509.12
1546231509.15
1546231509.18
1546231509.22
1546231509.25
1546231509.28
1546231509.32
1546231509.35
1546231509.38
1546231509.42
1546231509.45
1546231509.48
1546231509.52
1546231509.55
1546231509.59
1546231509.62
1546231509.65
1546231509.68
1546231509.72
1546231509.75
1546231509.79
1546231509.82
1546231509.85
1546231509.88
1546231509.92
1546231509.95
1546231509.98
1546231510.02
1546231510.05
1546231510.09
1546231510.12
1546231510.15
1546231510.19
1546231510.22
1546231510.25
1546231510.29
1546231510.32
1546231510.35
1546231510.39
1546231510.42
1546231510.45
1546231510.49
1546231510.52
1546231510.55
1546231510.59
1546231510.62
1546231510.65
1546231510.69
1546231510.72
1546231510.75
1546231510.79
1546231510.82
1546231510.85
1546231510.89
1546231510.92
1546231510.95
1546231510.99
1546231511.02
1546231511.05
1546231511.09
1546231511.12
1546231511.15
1546231511.19
1546231511.22
1546231511.25
1546231511.29
1546231511.32
1546231511.35
1546231511.39
1546231511.42
1546231511.45
1546231511.49
1546231511.52
1546231511.55
1546231511.59
1546231511.62
1546231511.65
1546231511.69
1546231511.72
1546231511.75
1546231511.79
1546231511.82
1546231511.85
1546231511.89
1546231511.92
1546231511.95
1546231511.99
1546231512.02
1546231512.05
1546231512.09
1546231512.12
1546231512.15
1546231512.19
1546231512.22
1546231512.26
1546231512.29
1546231512.32
1546231512.36
1546231512.39
1546231512.42
1546231512.45
1546231512.49
1546231512.52
1546231512.56
1546231512.59
1546231512.62
1546231512.66
1546231512.69
1546231512.72
1546231512.76
1546231512.79
1546231512.82
1546231512.86
1546231512.89
1546231512.92
1546231512.96
1546231512.99
1546231513.02
1546231513.06
1546231513.09
1546231513.12
1546231513.16
1546231513.19
1546231513.22
1546231513.25
1546231513.28
1546231513.32
1546231513.35
1546231513.38
1546231513.42
1546231513.45
1546231513.48
1546231513.52
1546231513.55
1546231513.58
1546231513.62
1546231513.65
1546231513.68
1546231513.72
1546231513.75
1546231513.78
1546231513.82
1546231513.85
1546231513.88
1546231513.92
1546231513.95
1546231513.98
1546231514.02
1546231514.05
1546231514.08
1546231514.12
1546231514.15
1546231514.18
1546231514.22
1546231514.25
1546231514.28
1546231514.32
1546231514.35
1546231514.38
1546231514.42
1546231514.45
1546231514.48
1546231514.52
1546231514.55
1546231514.58
1546231514.62
1546231514.65
1546231514.68
1546231514.72
1546231514.75
1546231514.78
1546231514.82
1546231514.85
1546231514.88
1546231514.92
1546231514.95
1546231514.98
1546231515.02
1546231515.05
1546231515.08
1546231515.12
1546231515.15
1546231515.18
1546231515.22
1546231515.25
1546231515.28
1546231515.32
1546231515.35
1546231515.38
1546231515.42
1546231515.45
1546231515.48
1546231515.52
1546231515.55
1546231515.58
1546231515.62
1546231515.65
1546231515.68
1546231515.72
1546231515.75
1546231515.78
1546231515.82
1546231515.85
1546231515.88
1546231515.92
1546231515.95
1546231515.98
1546231516.02
1546231516.05
1546231516.08
1546231516.12
1546231516.15
1546231516.18
1546231516.22
1546231516.25
1546231516.28
1546231516.32
1546231516.35
1546231516.38
1546231516.42
1546231516.45
1546231516.48
1546231516.52
1546231516.55
1546231516.58
1546231516.62
1546231516.65
1546231516.68
1546231516.72
1546231516.75
1546231516.78
1546231516.82
1546231516.85
1546231516.88
1546231516.92
1546231516.95
1546231516.98
1546231517.02
1546231517.05
1546231517.08
1546231517.12
1546231517.15
1546231517.18
1546231517.22
1546231517.25
1546231517.28
1546231517.32
1546231517.35
1546231517.38
1546231517.42
1546231517.45
1546231517.48
1546231517.52
1546231517.55
1546231517.58
1546231517.62
1546231517.65
1546231517.68
1546231517.72
1546231517.75
1546231517.78
1546231517.82
1546231517.85
1546231517.88
1546231517.92
1546231517.95
1546231517.98
1546231518.02
1546231518.05
1546231518.08
1546231518.12
1546231518.15
1546231518.18
1546231518.22
1546231518.25
1546231518.28
1546231518.32
1546231518.35
1546231518.38
1546231518.42
1546231518.45
1546231518.48
1546231518.52
1546231518.55
1546231518.58
1546231518.62
1546231518.65
1546231518.68
1546231518.72
1546231518.75
1546231518.78
1546231518.82
1546231518.85
1546231518.88
1546231518.92
1546231518.95
1546231518.98
1546231519.02
1546231519.05
1546231519.08
1546231519.12
1546231519.15
1546231519.18
1546231519.21
1546231519.25
1546231519.28
1546231519.32
1546231519.35
1546231519.38
1546231519.42
1546231519.45
1546231519.48
1546231519.52
1546231519.55
1546231519.58
1546231519.62
1546231519.65
1546231519.68
1546231519.72
1546231519.75
1546231519.78
1546231519.82
1546231519.85
1546231519.88
1546231519.92
1546231519.95
1546231519.98
1546231520.02
1546231520.05
1546231520.08
1546231520.12
1546231520.15
1546231520.18
1546231520.21
1546231520.25
1546231520.28
1546231520.32
1546231520.35
1546231520.38
1546231520.41
1546231520.45
1546231520.48
1546231520.52
1546231520.55
1546231520.58
1546231520.62
1546231520.65
1546231520.68
1546231520.72
1546231520.75
1546231520.78
1546231520.82
1546231520.85
1546231520.88
1546231520.92
1546231520.95
1546231520.98
1546231521.02
1546231521.05
1546231521.08
1546231521.12
1546231521.15
1546231521.18
1546231521.21
1546231521.25
1546231521.28
1546231521.32
1546231521.35
1546231521.38
1546231521.41
1546231521.45
1546231521.48
1546231521.52
1546231521.55
1546231521.58
1546231521.62
1546231521.65
1546231521.68
1546231521.71
1546231521.75
1546231521.78
1546231521.82
1546231521.85
1546231521.88
1546231521.92
1546231521.95
1546231521.98
1546231522.02
1546231522.05
1546231522.08
1546231522.12
1546231522.15
1546231522.18
1546231522.21
1546231522.25
1546231522.28
1546231522.32
1546231522.35
1546231522.38
1546231522.41
1546231522.45
1546231522.48
1546231522.52
1546231522.55
1546231522.58
1546231522.61
1546231522.65
1546231522.68
1546231522.71
1546231522.75
1546231522.78
1546231522.82
1546231522.85
1546231522.88
1546231522.91
1546231522.95
1546231522.98
1546231523.02
1546231523.05
1546231523.08
1546231523.12
1546231523.15
1546231523.18
1546231523.21
1546231523.25
1546231523.28
1546231523.32
1546231523.35
1546231523.38
1546231523.41
1546231523.45
1546231523.48
1546231523.52
1546231523.55
1546231523.58
1546231523.62
1546231523.65
1546231523.68
1546231523.71
1546231523.75
1546231523.78
1546231523.82
1546231523.85
1546231523.88
1546231523.91
1546231523.95
1546231523.98
1546231524.02
1546231524.05
1546231524.08
1546231524.12
1546231524.15
1546231524.18
1546231524.21
1546231524.25
1546231524.28
1546231524.32
1546231524.35
1546231524.38
1546231524.42
1546231524.45
1546231524.48
1546231524.52
1546231524.55
1546231524.58
1546231524.62
1546231524.65
1546231524.68
1546231524.72
1546231524.75
1546231524.78
1546231524.82
1546231524.85
1546231524.88
1546231524.92
1546231524.95
1546231524.98
1546231525.02
1546231525.05
1546231525.08
1546231525.12
1546231525.15
1546231525.18
1546231525.21
1546231525.25
1546231525.28
1546231525.32
1546231525.35
1546231525.38
1546231525.42
1546231525.45
1546231525.48
1546231525.52
1546231525.55
1546231525.58
1546231525.62
1546231525.65
1546231525.68
1546231525.71
1546231525.75
1546231525.78
1546231525.82
1546231525.85
1546231525.88
1546231525.91
1546231525.95
1546231525.98
1546231526.02
1546231526.05
1546231526.08
1546231526.12
1546231526.15
1546231526.18
1546231526.21
1546231526.25
1546231526.28
1546231526.32
1546231526.35
1546231526.38
1546231526.41
1546231526.45
1546231526.48
1546231526.52
1546231526.55
1546231526.58
1546231526.62
1546231526.65
1546231526.68
1546231526.72
1546231526.75
1546231526.78
1546231526.82
1546231526.85
1546231526.88
1546231526.91
1546231526.95
1546231526.98
1546231527.02
1546231527.05
1546231527.08
1546231527.12
1546231527.15
1546231527.18
1546231527.22
1546231527.25
1546231527.28
1546231527.32
1546231527.35
1546231527.38
1546231527.42
1546231527.45
1546231527.48
1546231527.52
1546231527.55
1546231527.58
1546231527.62
1546231527.65
1546231527.68
1546231527.71
1546231527.75
1546231527.78
1546231527.82
1546231527.85
1546231527.88
1546231527.91
1546231527.95
1546231527.98
1546231528.02
1546231528.05
1546231528.08
1546231528.12
1546231528.15
1546231528.18
1546231528.22
1546231528.25
1546231528.28
1546231528.32
1546231528.35
1546231528.38
1546231528.42
1546231528.45
1546231528.48
1546231528.52
1546231528.55
1546231528.58
1546231528.62
1546231528.65
1546231528.68
1546231528.72
1546231528.75
1546231528.78
1546231528.82
1546231528.85
1546231528.88
1546231528.91
1546231528.95
1546231528.98
1546231529.02
1546231529.05
1546231529.08
1546231529.12
1546231529.15
1546231529.18
1546231529.21
1546231529.25
1546231529.28
1546231529.32
1546231529.35
1546231529.38
1546231529.41
1546231529.45
1546231529.48
1546231529.52
1546231529.55
1546231529.58
1546231529.62
1546231529.65
1546231529.68
1546231529.72
1546231529.75
1546231529.78
1546231529.81
1546231529.85
1546231529.88
1546231529.91
1546231529.95
1546231529.98
1546231530.02
1546231530.05
1546231530.08
1546231530.11
1546231530.15
1546231530.18
1546231530.21
1546231530.25
1546231530.28
1546231530.31
1546231530.35
1546231530.38
1546231530.41
1546231530.45
1546231530.48
1546231530.51
1546231530.55
1546231530.58
1546231530.61
1546231530.65
1546231530.68
1546231530.71
1546231530.75
1546231530.78
1546231530.81
1546231530.85
1546231530.88
1546231530.91
1546231530.95
1546231530.98
1546231531.01
1546231531.05
1546231531.08
1546231531.12
1546231531.15
1546231531.18
1546231531.21
1546231531.25
1546231531.28
1546231531.32
1546231531.35
1546231531.38
1546231531.41
1546231531.45
1546231531.48
1546231531.52
1546231531.55
1546231531.58
1546231531.62
1546231531.65
1546231531.68
1546231531.71
1546231531.75
1546231531.78
1546231531.82
1546231531.85
1546231531.88
1546231531.92
1546231531.95
1546231531.98
1546231532.02
1546231532.05
1546231532.08
1546231532.12
1546231532.15
1546231532.18
1546231532.22
1546231532.25
1546231532.28
1546231532.32
1546231532.35
1546231532.38
1546231532.42
1546231532.45
1546231532.48
1546231532.52
1546231532.55
1546231532.59
1546231532.62
1546231532.65
1546231532.68
1546231532.72
1546231532.75
1546231532.79
1546231532.82
1546231532.85
1546231532.89
1546231532.92
1546231532.95
1546231532.99
1546231533.02
1546231533.05
1546231533.09
1546231533.12
1546231533.15
1546231533.19
1546231533.22
1546231533.25
1546231533.29
1546231533.32
1546231533.35
1546231533.39
1546231533.42
1546231533.45
1546231533.49
1546231533.52
1546231533.55
1546231533.59
1546231533.62
1546231533.65
1546231533.69
1546231533.72
1546231533.75
1546231533.79
1546231533.82
1546231533.85
1546231533.89
1546231533.92
1546231533.95
1546231533.99
1546231534.02
1546231534.05
1546231534.09
1546231534.12
1546231534.15
1546231534.19
1546231534.22
1546231534.25
1546231534.29
1546231534.32
1546231534.35
1546231534.39
1546231534.42
1546231534.45
1546231534.49
1546231534.52
1546231534.55
1546231534.59
1546231534.62
1546231534.65
1546231534.69
1546231534.72
1546231534.76
1546231534.79
1546231534.82
1546231534.86
1546231534.89
1546231534.92
1546231534.96
1546231534.99
1546231535.02
1546231535.06
1546231535.09
1546231535.12
1546231535.16
1546231535.19
1546231535.22
1546231535.26
1546231535.29
1546231535.32
1546231535.36
1546231535.39
1546231535.42
1546231535.45
1546231535.49
1546231535.52
1546231535.56
1546231535.59
1546231535.62
1546231535.65
1546231535.69
1546231535.72
1546231535.76
1546231535.79
1546231535.82
1546231535.86
1546231535.89
1546231535.92
1546231535.96
1546231535.99
1546231536.02
1546231536.06
1546231536.09
1546231536.12
1546231536.16
1546231536.19
1546231536.22
1546231536.26
1546231536.29
1546231536.32
1546231536.35
1546231536.38
1546231536.41
1546231536.45
1546231536.48
1546231536.52
1546231536.55
1546231536.58
1546231536.62
1546231536.65
1546231536.68
1546231536.72
1546231536.75
1546231536.78
1546231536.82
1546231536.85
1546231536.88
1546231536.92
1546231536.95
1546231536.98
1546231537.02
1546231537.05
1546231537.08
1546231537.12
1546231537.15
1546231537.18
1546231537.21
1546231537.25
1546231537.28
1546231537.32
1546231537.35
1546231537.38
1546231537.42
1546231537.45
1546231537.48
1546231537.52
1546231537.55
1546231537.58
1546231537.62
1546231537.65
1546231537.68
1546231537.72
1546231537.75
1546231537.78
1546231537.82
1546231537.85
1546231537.88
1546231537.92
1546231537.95
1546231537.98
1546231538.02
1546231538.05
1546231538.08
1546231538.12
1546231538.15
1546231538.18
1546231538.22
1546231538.25
1546231538.28
1546231538.32
1546231538.35
1546231538.38
1546231538.42
1546231538.45
1546231538.48
1546231538.52
1546231538.55
1546231538.58
1546231538.62
1546231538.65
1546231538.68
1546231538.72
1546231538.75
1546231538.78
1546231538.82
1546231538.85
1546231538.88
1546231538.92
1546231538.95
1546231538.98
1546231539.02
1546231539.05
1546231539.08
1546231539.12
1546231539.15
1546231539.18
1546231539.22
1546231539.25
1546231539.28
1546231539.32
1546231539.35
1546231539.38
1546231539.42
1546231539.45
1546231539.48
1546231539.52
1546231539.55
1546231539.59
1546231539.62
1546231539.65
1546231539.68
1546231539.72
1546231539.75
1546231539.78
1546231539.82
1546231539.85
1546231539.88
1546231539.92
1546231539.95
1546231539.98
1546231540.02
1546231540.05
1546231540.08
1546231540.12
1546231540.15
1546231540.18
1546231540.22
1546231540.25
1546231540.28
1546231540.32
1546231540.35
1546231540.38
1546231540.42
1546231540.45
1546231540.48
1546231540.52
1546231540.55
1546231540.58
1546231540.62
1546231540.65
1546231540.68
1546231540.71
1546231540.75
1546231540.78
1546231540.82
1546231540.85
1546231540.88
1546231540.91
1546231540.95
1546231540.98
1546231541.02
1546231541.05
1546231541.08
1546231541.12
1546231541.15
1546231541.18
1546231541.22
1546231541.25
1546231541.28
1546231541.32
1546231541.35
1546231541.38
1546231541.42
1546231541.45
1546231541.48
1546231541.52
1546231541.55
1546231541.58
1546231541.62
1546231541.65
1546231541.68
1546231541.72
1546231541.75
1546231541.78
1546231541.82
1546231541.85
1546231541.88
1546231541.92
1546231541.95
1546231541.98
1546231542.02
1546231542.05
1546231542.08
1546231542.12
1546231542.15
1546231542.18
1546231542.22
1546231542.25
1546231542.28
1546231542.32
1546231542.35
1546231542.38
1546231542.42
1546231542.45
1546231542.48
1546231542.52
1546231542.55
1546231542.58
1546231542.62
1546231542.65
1546231542.68
1546231542.72
1546231542.75
1546231542.78
1546231542.82
1546231542.85
1546231542.88
1546231542.92
1546231542.95
1546231542.98
1546231543.02
1546231543.05
1546231543.08
1546231543.12
1546231543.15
1546231543.18
1546231543.22
1546231543.25
1546231543.28
1546231543.32
1546231543.35
1546231543.38
1546231543.42
1546231543.45
1546231543.48
1546231543.52
1546231543.55
1546231543.58
1546231543.62
1546231543.65
1546231543.68
1546231543.72
1546231543.75
1546231543.78
1546231543.82
1546231543.85
1546231543.88
1546231543.92
1546231543.95
1546231543.98
1546231544.02
1546231544.05
1546231544.08
1546231544.12
1546231544.15
1546231544.18
1546231544.22
1546231544.25
1546231544.28
1546231544.32
1546231544.35
1546231544.38
1546231544.42
1546231544.45
1546231544.48
1546231544.52
1546231544.55
1546231544.58
1546231544.62
1546231544.65
1546231544.68
1546231544.72
1546231544.75
1546231544.78
1546231544.82
1546231544.85
1546231544.88
1546231544.92
1546231544.95
1546231544.98
1546231545.02
1546231545.05
1546231545.08
1546231545.12
1546231545.15
1546231545.18
1546231545.22
1546231545.25
1546231545.28
1546231545.32
1546231545.35
1546231545.38
1546231545.42
1546231545.45
1546231545.48
1546231545.52
1546231545.55
1546231545.58
1546231545.62
1546231545.65
1546231545.68
1546231545.71
1546231545.75
1546231545.78
1546231545.82
1546231545.85
1546231545.88
1546231545.92
1546231545.95
1546231545.98
1546231546.02
1546231546.05
1546231546.08
1546231546.12
1546231546.15
1546231546.18
1546231546.22
1546231546.25
1546231546.28
1546231546.32
1546231546.35
1546231546.38
1546231546.42
1546231546.45
1546231546.48
1546231546.52
1546231546.55
1546231546.58
1546231546.62
1546231546.65
1546231546.68
1546231546.71
1546231546.75
1546231546.78
1546231546.82
1546231546.85
1546231546.88
1546231546.91
1546231546.95
1546231546.98
1546231547.02
1546231547.05
1546231547.08
1546231547.12
1546231547.15
1546231547.18
1546231547.21
1546231547.25
1546231547.28
1546231547.32
1546231547.35
1546231547.38
1546231547.41
1546231547.45
1546231547.48
1546231547.52
1546231547.55
1546231547.58
1546231547.62
1546231547.65
1546231547.68
1546231547.71
1546231547.75
1546231547.78
1546231547.82
1546231547.85
1546231547.88
1546231547.91
1546231547.95
1546231547.98
1546231548.02
1546231548.05
1546231548.08
1546231548.11
1546231548.15
1546231548.18
1546231548.21
1546231548.25
1546231548.28
1546231548.32
1546231548.35
1546231548.38
1546231548.41
1546231548.45
1546231548.48
1546231548.51
1546231548.55
1546231548.58
1546231548.62
1546231548.65
1546231548.68
1546231548.71
1546231548.75
1546231548.78
1546231548.82
1546231548.85
1546231548.88
1546231548.91
1546231548.95
1546231548.98
1546231549.02
1546231549.05
1546231549.08
1546231549.12
1546231549.15
1546231549.18
1546231549.22
1546231549.25
1546231549.28
1546231549.32
1546231549.35
1546231549.38
1546231549.41
1546231549.45
1546231549.48
1546231549.52
1546231549.55
1546231549.58
1546231549.62
1546231549.65
1546231549.68
1546231549.72
1546231549.75
1546231549.78
1546231549.82
1546231549.85
1546231549.88
1546231549.91
1546231549.95
1546231549.98
1546231550.02
1546231550.05
1546231550.08
1546231550.12
1546231550.15
1546231550.18
1546231550.22
1546231550.25
1546231550.28
1546231550.32
1546231550.35
1546231550.38
1546231550.42
1546231550.45
1546231550.48
1546231550.52
1546231550.55
1546231550.58
1546231550.62
1546231550.65
1546231550.68
1546231550.72
1546231550.75
1546231550.78
1546231550.82
1546231550.85
1546231550.88
1546231550.92
1546231550.95
1546231550.98
1546231551.02
1546231551.05
1546231551.08
1546231551.12
1546231551.15
1546231551.18
1546231551.22
1546231551.25
1546231551.28
1546231551.32
1546231551.35
1546231551.38
1546231551.42
1546231551.45
1546231551.48
1546231551.52
1546231551.55
1546231551.58
1546231551.62
1546231551.65
1546231551.68
1546231551.72
1546231551.75
1546231551.78
1546231551.82
1546231551.85
1546231551.88
1546231551.91
1546231551.95
1546231551.98
1546231552.02
1546231552.05
1546231552.08
1546231552.12
1546231552.15
1546231552.18
1546231552.22
1546231552.25
1546231552.28
1546231552.32
1546231552.35
1546231552.38
1546231552.42
1546231552.45
1546231552.48
1546231552.52
1546231552.55
1546231552.58
1546231552.62
1546231552.65
1546231552.68
1546231552.71
1546231552.75
1546231552.78
1546231552.82
1546231552.85
1546231552.88
1546231552.91
1546231552.95
1546231552.98
1546231553.02
1546231553.05
1546231553.08
1546231553.14
1546231553.17
1546231553.2
1546231553.23
1546231553.26
1546231553.29
1546231553.32
1546231553.35
1546231553.38
1546231553.41
1546231553.45
1546231553.48
1546231553.52
1546231553.55
1546231553.58
1546231553.62
1546231553.65
1546231553.68
1546231553.71
1546231553.75
1546231553.78
1546231553.82
1546231553.85
1546231553.88
1546231553.92
1546231553.95
1546231553.98
1546231554.02
1546231554.05
1546231554.08
1546231554.12
1546231554.15
1546231554.18
1546231554.22
1546231554.25
1546231554.28
1546231554.32
1546231554.35
1546231554.38
1546231554.42
1546231554.45
1546231554.48
1546231554.52
1546231554.55
1546231554.58
1546231554.62
1546231554.65
1546231554.68
1546231554.72
1546231554.75
1546231554.78
1546231554.82
1546231554.85
1546231554.88
1546231554.92
1546231554.95
1546231554.98
1546231555.02
1546231555.05
1546231555.08
1546231555.12
1546231555.15
1546231555.18
1546231555.22
1546231555.25
1546231555.28
1546231555.32
1546231555.35
1546231555.38
1546231555.42
1546231555.45
1546231555.48
1546231555.52
1546231555.55
1546231555.58
1546231555.62
1546231555.65
1546231555.68
1546231555.72
1546231555.75
1546231555.78
1546231555.82
1546231555.85
1546231555.88
1546231555.92
1546231555.95
1546231555.98
1546231556.02
1546231556.05
1546231556.09
1546231556.12
1546231556.15
1546231556.18
1546231556.22
1546231556.25
1546231556.29
1546231556.32
1546231556.35
1546231556.38
1546231556.42
1546231556.45
1546231556.48
1546231556.52
1546231556.55
1546231556.59
1546231556.62
1546231556.65
1546231556.69
1546231556.72
1546231556.75
1546231556.79
1546231556.82
1546231556.85
1546231556.89
1546231556.92
1546231556.95
1546231556.99
1546231557.02
1546231557.05
1546231557.09
1546231557.12
1546231557.15
1546231557.19
1546231557.22
1546231557.25
1546231557.29
1546231557.32
1546231557.35
1546231557.39
1546231557.42
1546231557.45
1546231557.49
1546231557.52
1546231557.55
1546231557.59
1546231557.62
1546231557.65
1546231557.69
1546231557.72
1546231557.75
1546231557.79
1546231557.82
1546231557.85
1546231557.89
1546231557.92
1546231557.95
1546231557.99
1546231558.02
1546231558.05
1546231558.09
1546231558.12
1546231558.15
1546231558.19
1546231558.22
1546231558.26
1546231558.29
1546231558.32
1546231558.36
1546231558.39
1546231558.42
1546231558.45
1546231558.49
1546231558.52
1546231558.56
1546231558.59
1546231558.62
1546231558.66
1546231558.69
1546231558.72
1546231558.76
1546231558.79
1546231558.82
1546231558.86
1546231558.89
1546231558.92
1546231558.96
1546231558.99
1546231559.02
1546231559.06
1546231559.09
1546231559.12
1546231559.16
1546231559.19
1546231559.22
1546231559.26
1546231559.29
1546231559.32
1546231559.35
1546231559.38
1546231559.42
1546231559.45
1546231559.48
1546231559.52
1546231559.55
1546231559.58
1546231559.62
1546231559.65
1546231559.68
1546231559.72
1546231559.75
1546231559.78
1546231559.82
1546231559.85
1546231559.88
1546231559.92
1546231559.95
1546231559.98
1546231560.02
1546231560.05
1546231560.08
1546231560.12
1546231560.15
1546231560.18
1546231560.22
1546231560.25
1546231560.28
1546231560.32
1546231560.35
1546231560.38
1546231560.42
1546231560.45
1546231560.48
1546231560.52
1546231560.55
1546231560.59
1546231560.62
1546231560.65
1546231560.68
1546231560.72
1546231560.75
1546231560.78
1546231560.82
1546231560.85
1546231560.88
1546231560.92
1546231560.95
1546231560.98
1546231561.02
1546231561.05
1546231561.09
1546231561.12
1546231561.15
1546231561.18
1546231561.22
1546231561.25
1546231561.29
1546231561.32
1546231561.35
1546231561.38
1546231561.42
1546231561.45
1546231561.49
1546231561.52
1546231561.55
1546231561.59
1546231561.62
1546231561.65
1546231561.68
1546231561.72
1546231561.75
1546231561.79
1546231561.82
1546231561.85
1546231561.89
1546231561.92
1546231561.95
1546231561.99
1546231562.02
1546231562.05
1546231562.09
1546231562.12
1546231562.15
1546231562.18
1546231562.22
1546231562.25
1546231562.29
1546231562.32
1546231562.35
1546231562.39
1546231562.42
1546231562.45
1546231562.49
1546231562.52
1546231562.55
1546231562.59
1546231562.62
