1546225457.26
1546225457.41
1546225457.44
1546225457.47
1546225457.51
1546225457.53
1546225457.56
1546225457.59
1546225457.62
1546225457.65
1546225457.69
1546225457.72
1546225457.76
1546225457.79
1546225457.82
1546225457.86
1546225457.89
1546225457.92
1546225457.95
1546225457.99
1546225458.02
1546225458.06
1546225458.09
1546225458.12
1546225458.16
1546225458.19
1546225458.22
1546225458.26
1546225458.29
1546225458.32
1546225458.36
1546225458.39
1546225458.42
1546225458.45
1546225458.49
1546225458.52
1546225458.56
1546225458.59
1546225458.62
1546225458.65
1546225458.69
1546225458.72
1546225458.76
1546225458.79
1546225458.82
1546225458.85
1546225458.89
1546225458.92
1546225458.95
1546225458.99
1546225459.02
1546225459.06
1546225459.09
1546225459.12
1546225459.15
1546225459.19
1546225459.22
1546225459.25
1546225459.29
1546225459.32
1546225459.35
1546225459.39
1546225459.42
1546225459.45
1546225459.49
1546225459.52
1546225459.55
1546225459.59
1546225459.62
1546225459.65
1546225459.69
1546225459.72
1546225459.75
1546225459.79
1546225459.82
1546225459.85
1546225459.89
1546225459.92
1546225459.95
1546225459.99
1546225460.02
1546225460.05
1546225460.09
1546225460.12
1546225460.15
1546225460.19
1546225460.22
1546225460.25
1546225460.29
1546225460.32
1546225460.35
1546225460.39
1546225460.42
1546225460.45
1546225460.49
1546225460.52
1546225460.55
1546225460.59
1546225460.62
1546225460.65
1546225460.69
1546225460.72
1546225460.75
1546225460.79
1546225460.82
1546225460.85
1546225460.89
1546225460.92
1546225460.95
1546225460.99
1546225461.02
1546225461.05
1546225461.09
1546225461.12
1546225461.15
1546225461.19
1546225461.22
1546225461.25
1546225461.29
1546225461.32
1546225461.35
1546225461.39
1546225461.42
1546225461.45
1546225461.49
1546225461.52
1546225461.55
1546225461.59
1546225461.62
1546225461.65
1546225461.68
1546225461.72
1546225461.75
1546225461.79
1546225461.82
1546225461.85
1546225461.89
1546225461.92
1546225461.95
1546225461.98
1546225462.02
1546225462.05
1546225462.09
1546225462.12
1546225462.15
1546225462.18
1546225462.22
1546225462.25
1546225462.29
1546225462.32
1546225462.35
1546225462.39
1546225462.42
1546225462.45
1546225462.48
1546225462.52
1546225462.55
1546225462.59
1546225462.62
1546225462.65
1546225462.68
1546225462.72
1546225462.75
1546225462.79
1546225462.82
1546225462.85
1546225462.88
1546225462.92
1546225462.95
1546225462.98
1546225463.02
1546225463.05
1546225463.09
1546225463.12
1546225463.15
1546225463.19
1546225463.22
1546225463.25
1546225463.28
1546225463.32
1546225463.35
1546225463.38
1546225463.42
1546225463.45
1546225463.48
1546225463.52
1546225463.55
1546225463.59
1546225463.62
1546225463.65
1546225463.68
1546225463.72
1546225463.75
1546225463.78
1546225463.82
1546225463.85
1546225463.88
1546225463.92
1546225463.95
1546225463.98
1546225464.02
1546225464.05
1546225464.08
1546225464.12
1546225464.15
1546225464.18
1546225464.22
1546225464.25
1546225464.28
1546225464.32
1546225464.35
1546225464.38
1546225464.42
1546225464.45
1546225464.48
1546225464.52
1546225464.55
1546225464.59
1546225464.62
1546225464.65
1546225464.68
1546225464.72
1546225464.75
1546225464.78
1546225464.82
1546225464.85
1546225464.88
1546225464.92
1546225464.95
1546225464.98
1546225465.02
1546225465.05
1546225465.08
1546225465.12
1546225465.15
1546225465.18
1546225465.22
1546225465.25
1546225465.29
1546225465.32
1546225465.35
1546225465.38
1546225465.42
1546225465.45
1546225465.48
1546225465.52
1546225465.55
1546225465.58
1546225465.62
1546225465.65
1546225465.68
1546225465.72
1546225465.75
1546225465.79
1546225465.82
1546225465.85
1546225465.89
1546225465.92
1546225465.95
1546225465.99
1546225466.02
1546225466.05
1546225466.09
1546225466.12
1546225466.15
1546225466.19
1546225466.22
1546225466.25
1546225466.29
1546225466.32
1546225466.35
1546225466.39
1546225466.42
1546225466.45
1546225466.49
1546225466.52
1546225466.55
1546225466.59
1546225466.62
1546225466.65
1546225466.69
1546225466.72
1546225466.76
1546225466.79
1546225466.82
1546225466.85
1546225466.89
1546225466.92
1546225466.95
1546225466.99
1546225467.02
1546225467.05
1546225467.09
1546225467.12
1546225467.15
1546225467.19
1546225467.22
1546225467.26
1546225467.29
1546225467.32
1546225467.35
1546225467.39
1546225467.42
1546225467.45
1546225467.49
1546225467.52
1546225467.56
1546225467.59
1546225467.62
1546225467.65
1546225467.69
1546225467.72
1546225467.76
1546225467.79
1546225467.82
1546225467.86
1546225467.89
1546225467.92
1546225467.95
1546225467.99
1546225468.02
1546225468.06
1546225468.09
1546225468.12
1546225468.16
1546225468.19
1546225468.22
1546225468.26
1546225468.29
1546225468.32
1546225468.36
1546225468.39
1546225468.42
1546225468.46
1546225468.49
1546225468.52
1546225468.56
1546225468.59
1546225468.62
1546225468.66
1546225468.69
1546225468.72
1546225468.76
1546225468.79
1546225468.82
1546225468.86
1546225468.89
1546225468.92
1546225468.96
1546225468.99
1546225469.03
1546225469.06
1546225469.09
1546225469.12
1546225469.16
1546225469.19
1546225469.22
1546225469.26
1546225469.29
1546225469.32
1546225469.36
1546225469.39
1546225469.42
1546225469.46
1546225469.49
1546225469.52
1546225469.56
1546225469.59
1546225469.62
1546225469.66
1546225469.69
1546225469.72
1546225469.76
1546225469.79
1546225469.82
1546225469.86
1546225469.89
1546225469.92
1546225469.96
1546225469.99
1546225470.02
1546225470.06
1546225470.09
1546225470.12
1546225470.15
1546225470.18
1546225470.22
1546225470.25
1546225470.28
1546225470.32
1546225470.35
1546225470.38
1546225470.42
1546225470.45
1546225470.48
1546225470.52
1546225470.55
1546225470.58
1546225470.62
1546225470.65
1546225470.68
1546225470.72
1546225470.75
1546225470.78
1546225470.82
1546225470.85
1546225470.88
1546225470.92
1546225470.95
1546225470.98
1546225471.02
1546225471.05
1546225471.08
1546225471.12
1546225471.15
1546225471.18
1546225471.21
1546225471.25
1546225471.28
1546225471.32
1546225471.35
1546225471.38
1546225471.41
1546225471.45
1546225471.48
1546225471.51
1546225471.55
1546225471.58
1546225471.62
1546225471.65
1546225471.68
1546225471.71
1546225471.75
1546225471.78
1546225471.82
1546225471.85
1546225471.88
1546225471.91
1546225471.95
1546225471.98
1546225472.02
1546225472.05
1546225472.08
1546225472.12
1546225472.15
1546225472.18
1546225472.21
1546225472.25
1546225472.28
1546225472.32
1546225472.35
1546225472.38
1546225472.42
1546225472.45
1546225472.48
1546225472.52
1546225472.55
1546225472.58
1546225472.62
1546225472.65
1546225472.68
1546225472.72
1546225472.75
1546225472.78
1546225472.82
1546225472.85
1546225472.88
1546225472.91
1546225472.95
1546225472.98
1546225473.02
1546225473.05
1546225473.08
1546225473.12
1546225473.15
1546225473.18
1546225473.21
1546225473.25
1546225473.28
1546225473.32
1546225473.35
1546225473.38
1546225473.41
1546225473.45
1546225473.48
1546225473.52
1546225473.55
1546225473.58
1546225473.62
1546225473.65
1546225473.68
1546225473.72
1546225473.75
1546225473.78
1546225473.82
1546225473.85
1546225473.88
1546225473.92
1546225473.95
1546225473.98
1546225474.02
1546225474.05
1546225474.08
1546225474.12
1546225474.15
1546225474.18
1546225474.22
1546225474.25
1546225474.28
1546225474.32
1546225474.35
1546225474.38
1546225474.42
1546225474.45
1546225474.48
1546225474.52
1546225474.55
1546225474.58
1546225474.62
1546225474.65
1546225474.68
1546225474.72
1546225474.75
1546225474.78
1546225474.82
1546225474.85
1546225474.88
1546225474.91
1546225474.95
1546225474.98
1546225475.02
1546225475.05
1546225475.08
1546225475.12
1546225475.15
1546225475.18
1546225475.21
1546225475.25
1546225475.28
1546225475.32
1546225475.35
1546225475.38
1546225475.42
1546225475.45
1546225475.48
1546225475.52
1546225475.55
1546225475.58
1546225475.62
1546225475.65
1546225475.68
1546225475.72
1546225475.75
1546225475.78
1546225475.82
1546225475.85
1546225475.88
1546225475.92
1546225475.95
1546225475.98
1546225476.02
1546225476.05
1546225476.08
1546225476.12
1546225476.15
1546225476.18
1546225476.22
1546225476.25
1546225476.28
1546225476.32
1546225476.35
1546225476.38
1546225476.41
1546225476.45
1546225476.48
1546225476.52
1546225476.55
1546225476.58
1546225476.62
1546225476.65
1546225476.68
1546225476.72
1546225476.75
1546225476.78
1546225476.82
1546225476.85
1546225476.88
1546225476.92
1546225476.95
1546225476.98
1546225477.02
1546225477.05
1546225477.08
1546225477.12
1546225477.15
1546225477.18
1546225477.21
1546225477.25
1546225477.28
1546225477.31
1546225477.35
1546225477.38
1546225477.41
1546225477.45
1546225477.48
1546225477.52
1546225477.55
1546225477.58
1546225477.62
1546225477.65
1546225477.68
1546225477.71
1546225477.75
1546225477.78
1546225477.81
1546225477.85
1546225477.88
1546225477.91
1546225477.95
1546225477.98
1546225478.01
1546225478.05
1546225478.08
1546225478.11
1546225478.15
1546225478.18
1546225478.21
1546225478.25
1546225478.28
1546225478.31
1546225478.35
1546225478.38
1546225478.41
1546225478.45
1546225478.48
1546225478.52
1546225478.55
1546225478.58
1546225478.62
1546225478.65
1546225478.68
1546225478.71
1546225478.75
1546225478.78
1546225478.81
1546225478.85
1546225478.88
1546225478.91
1546225478.95
1546225478.98
1546225479.02
1546225479.05
1546225479.08
1546225479.11
1546225479.15
1546225479.18
1546225479.21
1546225479.25
1546225479.28
1546225479.31
1546225479.35
1546225479.38
1546225479.41
1546225479.45
1546225479.48
1546225479.51
1546225479.55
1546225479.58
1546225479.62
1546225479.65
1546225479.68
1546225479.71
1546225479.75
1546225479.78
1546225479.82
1546225479.85
1546225479.88
1546225479.91
1546225479.95
1546225479.98
1546225480.02
1546225480.05
1546225480.08
1546225480.11
1546225480.15
1546225480.18
1546225480.21
1546225480.25
1546225480.28
1546225480.31
1546225480.35
1546225480.38
1546225480.41
1546225480.45
1546225480.48
1546225480.51
1546225480.55
1546225480.58
1546225480.61
1546225480.65
1546225480.68
1546225480.71
1546225480.75
1546225480.78
1546225480.81
1546225480.85
1546225480.88
1546225480.91
1546225480.95
1546225480.98
1546225481.01
1546225481.05
1546225481.08
1546225481.11
1546225481.15
1546225481.18
1546225481.21
1546225481.25
1546225481.28
1546225481.31
1546225481.35
1546225481.38
1546225481.41
1546225481.45
1546225481.48
1546225481.51
1546225481.55
1546225481.58
1546225481.61
1546225481.65
1546225481.68
1546225481.71
1546225481.75
1546225481.78
1546225481.81
1546225481.85
1546225481.88
1546225481.91
1546225481.95
1546225481.98
1546225482.01
1546225482.05
1546225482.08
1546225482.11
1546225482.15
1546225482.18
1546225482.21
1546225482.25
1546225482.28
1546225482.31
1546225482.35
1546225482.38
1546225482.41
1546225482.45
1546225482.48
1546225482.51
1546225482.55
1546225482.58
1546225482.61
1546225482.65
1546225482.68
1546225482.71
1546225482.75
1546225482.78
1546225482.82
1546225482.85
1546225482.88
1546225482.91
1546225482.95
1546225482.98
1546225483.02
1546225483.05
1546225483.08
1546225483.12
1546225483.15
1546225483.18
1546225483.21
1546225483.25
1546225483.28
1546225483.31
1546225483.35
1546225483.38
1546225483.41
1546225483.45
1546225483.48
1546225483.52
1546225483.55
1546225483.58
1546225483.61
1546225483.65
1546225483.68
1546225483.71
1546225483.75
1546225483.78
1546225483.82
1546225483.85
1546225483.88
1546225483.91
1546225483.95
1546225483.98
1546225484.01
1546225484.05
1546225484.08
1546225484.11
1546225484.15
1546225484.18
1546225484.22
1546225484.25
1546225484.28
1546225484.31
1546225484.35
1546225484.38
1546225484.41
1546225484.45
1546225484.48
1546225484.52
1546225484.55
1546225484.58
1546225484.61
1546225484.65
1546225484.68
1546225484.71
1546225484.75
1546225484.78
1546225484.81
1546225484.85
1546225484.88
1546225484.91
1546225484.95
1546225484.98
1546225485.01
1546225485.05
1546225485.08
1546225485.11
1546225485.15
1546225485.18
1546225485.21
1546225485.25
1546225485.28
1546225485.31
1546225485.35
1546225485.38
1546225485.41
1546225485.45
1546225485.48
1546225485.51
1546225485.55
1546225485.58
1546225485.61
1546225485.65
1546225485.68
1546225485.71
1546225485.75
1546225485.78
1546225485.81
1546225485.85
1546225485.88
1546225485.91
1546225485.95
1546225485.98
1546225486.01
1546225486.05
1546225486.08
1546225486.11
1546225486.15
1546225486.18
1546225486.21
1546225486.25
1546225486.28
1546225486.31
1546225486.35
1546225486.38
1546225486.41
1546225486.45
1546225486.48
1546225486.51
1546225486.55
1546225486.58
1546225486.61
1546225486.65
1546225486.68
1546225486.71
1546225486.75
1546225486.78
1546225486.81
1546225486.85
1546225486.88
1546225486.91
1546225486.94
1546225486.98
1546225487.01
1546225487.05
1546225487.08
1546225487.11
1546225487.14
1546225487.18
1546225487.21
1546225487.24
1546225487.28
1546225487.31
1546225487.34
1546225487.38
1546225487.41
1546225487.44
1546225487.48
1546225487.51
1546225487.55
1546225487.58
1546225487.61
1546225487.64
1546225487.68
1546225487.71
1546225487.74
1546225487.78
1546225487.81
1546225487.85
1546225487.88
1546225487.91
1546225487.94
1546225487.98
1546225488.01
1546225488.05
1546225488.08
1546225488.11
1546225488.14
1546225488.18
1546225488.21
1546225488.24
1546225488.28
1546225488.31
1546225488.35
1546225488.38
1546225488.41
1546225488.44
1546225488.48
1546225488.51
1546225488.54
1546225488.58
1546225488.61
1546225488.64
1546225488.68
1546225488.71
1546225488.74
1546225488.78
1546225488.81
1546225488.85
1546225488.88
1546225488.91
1546225488.94
1546225488.98
1546225489.01
1546225489.05
1546225489.08
1546225489.11
1546225489.15
1546225489.18
1546225489.21
1546225489.24
1546225489.28
1546225489.31
1546225489.35
1546225489.38
1546225489.41
1546225489.44
1546225489.48
1546225489.51
1546225489.55
1546225489.58
1546225489.61
1546225489.64
1546225489.68
1546225489.71
1546225489.75
1546225489.78
1546225489.81
1546225489.85
1546225489.88
1546225489.91
1546225489.94
1546225489.98
1546225490.01
1546225490.05
1546225490.08
1546225490.11
1546225490.14
1546225490.18
1546225490.21
1546225490.25
1546225490.28
1546225490.31
1546225490.35
1546225490.38
1546225490.41
1546225490.45
1546225490.48
1546225490.51
1546225490.55
1546225490.58
1546225490.61
1546225490.64
1546225490.68
1546225490.71
1546225490.74
1546225490.78
1546225490.81
1546225490.85
1546225490.88
1546225490.91
1546225490.94
1546225490.98
1546225491.01
1546225491.05
1546225491.08
1546225491.11
1546225491.14
1546225491.18
1546225491.21
1546225491.25
1546225491.28
1546225491.31
1546225491.35
1546225491.38
1546225491.41
1546225491.45
1546225491.48
1546225491.51
1546225491.55
1546225491.58
1546225491.61
1546225491.65
1546225491.68
1546225491.71
1546225491.75
1546225491.78
1546225491.81
1546225491.85
1546225491.88
1546225491.91
1546225491.95
1546225491.98
1546225492.01
1546225492.05
1546225492.08
1546225492.11
1546225492.15
1546225492.18
1546225492.21
1546225492.25
1546225492.28
1546225492.31
1546225492.35
1546225492.38
1546225492.41
1546225492.45
1546225492.48
1546225492.51
1546225492.55
1546225492.58
1546225492.61
1546225492.65
1546225492.68
1546225492.71
1546225492.75
1546225492.78
1546225492.82
1546225492.85
1546225492.88
1546225492.92
1546225492.95
1546225492.98
1546225493.01
1546225493.05
1546225493.08
1546225493.11
1546225493.15
1546225493.18
1546225493.21
1546225493.25
1546225493.28
1546225493.32
1546225493.35
1546225493.38
1546225493.41
1546225493.45
1546225493.48
1546225493.51
1546225493.55
1546225493.58
1546225493.62
1546225493.65
1546225493.68
1546225493.71
1546225493.75
1546225493.78
1546225493.81
1546225493.85
1546225493.88
1546225493.91
1546225493.95
1546225493.98
1546225494.01
1546225494.05
1546225494.08
1546225494.11
1546225494.14
1546225494.17
1546225494.21
1546225494.24
1546225494.27
1546225494.31
1546225494.34
1546225494.38
1546225494.41
1546225494.44
1546225494.47
1546225494.51
1546225494.54
1546225494.58
1546225494.61
1546225494.64
1546225494.67
1546225494.71
1546225494.74
1546225494.77
1546225494.81
1546225494.84
1546225494.87
1546225494.91
1546225494.94
1546225494.97
1546225495.01
1546225495.04
1546225495.07
1546225495.11
1546225495.14
1546225495.17
1546225495.21
1546225495.24
1546225495.27
1546225495.31
1546225495.34
1546225495.37
1546225495.41
1546225495.44
1546225495.47
1546225495.51
1546225495.54
1546225495.57
1546225495.61
1546225495.64
1546225495.67
1546225495.71
1546225495.74
1546225495.77
1546225495.81
1546225495.84
1546225495.87
1546225495.91
1546225495.94
1546225495.97
1546225496.01
1546225496.04
1546225496.07
1546225496.11
1546225496.14
1546225496.17
1546225496.2
1546225496.24
1546225496.27
1546225496.31
1546225496.34
1546225496.37
1546225496.4
1546225496.44
1546225496.47
1546225496.51
1546225496.54
1546225496.57
1546225496.6
1546225496.64
1546225496.67
1546225496.7
1546225496.74
1546225496.77
1546225496.81
1546225496.84
1546225496.87
1546225496.9
1546225496.94
1546225496.97
1546225497.01
1546225497.04
1546225497.07
1546225497.11
1546225497.14
1546225497.17
1546225497.21
1546225497.24
1546225497.27
1546225497.31
1546225497.34
1546225497.37
1546225497.4
1546225497.44
1546225497.47
1546225497.5
1546225497.54
1546225497.57
1546225497.6
1546225497.64
1546225497.67
1546225497.7
1546225497.74
1546225497.77
1546225497.8
1546225497.84
1546225497.87
1546225497.9
1546225497.94
1546225497.97
1546225498.0
1546225498.04
1546225498.07
1546225498.1
1546225498.14
1546225498.17
1546225498.2
1546225498.24
1546225498.27
1546225498.3
1546225498.34
1546225498.37
1546225498.4
1546225498.44
1546225498.47
1546225498.5
1546225498.54
1546225498.57
1546225498.6
1546225498.64
1546225498.67
1546225498.7
1546225498.74
1546225498.77
1546225498.8
1546225498.84
1546225498.87
1546225498.9
1546225498.94
1546225498.97
1546225499.0
1546225499.04
1546225499.07
1546225499.1
1546225499.14
1546225499.17
1546225499.2
1546225499.24
1546225499.27
1546225499.3
1546225499.34
1546225499.37
1546225499.4
1546225499.44
1546225499.47
1546225499.5
1546225499.54
1546225499.57
1546225499.61
1546225499.64
1546225499.67
1546225499.7
1546225499.74
1546225499.77
1546225499.8
1546225499.84
1546225499.87
1546225499.9
1546225499.94
1546225499.97
1546225500.0
1546225500.04
1546225500.07
1546225500.1
1546225500.14
1546225500.17
1546225500.2
1546225500.24
1546225500.27
1546225500.3
1546225500.34
1546225500.37
1546225500.4
1546225500.44
1546225500.47
1546225500.51
1546225500.54
1546225500.57
1546225500.6
1546225500.64
1546225500.67
1546225500.7
1546225500.74
1546225500.77
1546225500.8
1546225500.84
1546225500.87
1546225500.9
1546225500.94
1546225500.97
1546225501.0
1546225501.04
1546225501.07
1546225501.1
1546225501.14
1546225501.17
1546225501.2
1546225501.24
1546225501.27
1546225501.3
1546225501.34
1546225501.37
1546225501.4
1546225501.44
1546225501.47
1546225501.5
1546225501.54
1546225501.57
1546225501.6
1546225501.64
1546225501.67
1546225501.7
1546225501.74
1546225501.77
1546225501.8
1546225501.84
1546225501.87
1546225501.9
1546225501.94
1546225501.97
1546225502.0
1546225502.04
1546225502.07
1546225502.1
1546225502.14
1546225502.17
1546225502.2
1546225502.24
1546225502.27
1546225502.3
1546225502.34
1546225502.37
1546225502.4
1546225502.44
1546225502.47
1546225502.5
1546225502.54
1546225502.57
1546225502.6
1546225502.64
1546225502.67
1546225502.7
1546225502.74
1546225502.77
1546225502.8
1546225502.84
1546225502.87
1546225502.9
1546225502.94
1546225502.97
1546225503.0
1546225503.04
1546225503.07
1546225503.1
1546225503.14
1546225503.17
1546225503.2
1546225503.24
1546225503.27
1546225503.3
1546225503.34
1546225503.37
1546225503.4
1546225503.43
1546225503.47
1546225503.5
1546225503.54
1546225503.57
1546225503.6
1546225503.63
1546225503.67
1546225503.7
1546225503.74
1546225503.77
1546225503.8
1546225503.84
1546225503.87
1546225503.9
1546225503.94
1546225503.97
1546225504.0
1546225504.04
1546225504.07
1546225504.1
1546225504.14
1546225504.17
1546225504.2
1546225504.24
1546225504.27
1546225504.3
1546225504.34
1546225504.37
1546225504.4
1546225504.44
1546225504.47
1546225504.5
1546225504.54
1546225504.57
1546225504.6
1546225504.64
1546225504.67
1546225504.7
1546225504.74
1546225504.77
1546225504.8
1546225504.84
1546225504.87
1546225504.9
1546225504.94
1546225504.97
1546225505.0
1546225505.04
1546225505.07
1546225505.1
1546225505.14
1546225505.17
1546225505.2
1546225505.24
1546225505.27
1546225505.3
1546225505.34
1546225505.37
1546225505.4
1546225505.44
1546225505.47
1546225505.5
1546225505.54
1546225505.57
1546225505.6
1546225505.63
1546225505.67
1546225505.7
1546225505.73
1546225505.77
1546225505.8
1546225505.84
1546225505.87
1546225505.9
1546225505.93
1546225505.97
1546225506.0
1546225506.04
1546225506.07
1546225506.1
1546225506.14
1546225506.17
1546225506.2
1546225506.23
1546225506.27
1546225506.3
1546225506.34
1546225506.37
1546225506.4
1546225506.44
1546225506.47
1546225506.5
1546225506.54
1546225506.57
1546225506.6
1546225506.64
1546225506.67
1546225506.7
1546225506.74
1546225506.77
1546225506.8
1546225506.84
1546225506.87
1546225506.9
1546225506.93
1546225506.97
1546225507.0
1546225507.04
1546225507.07
1546225507.1
1546225507.13
1546225507.17
1546225507.2
1546225507.23
1546225507.27
1546225507.3
1546225507.34
1546225507.37
1546225507.4
1546225507.44
1546225507.47
1546225507.5
1546225507.54
1546225507.57
1546225507.6
1546225507.64
1546225507.67
1546225507.7
1546225507.74
1546225507.77
1546225507.8
1546225507.84
1546225507.87
1546225507.9
1546225507.94
1546225507.97
1546225508.0
1546225508.04
1546225508.07
1546225508.1
1546225508.14
1546225508.17
1546225508.2
1546225508.24
1546225508.27
1546225508.3
1546225508.34
1546225508.37
1546225508.4
1546225508.43
1546225508.47
1546225508.5
1546225508.54
1546225508.57
1546225508.6
1546225508.64
1546225508.67
1546225508.7
1546225508.74
1546225508.77
1546225508.8
1546225508.84
1546225508.87
1546225508.9
1546225508.94
1546225508.97
1546225509.0
1546225509.04
1546225509.07
1546225509.1
1546225509.14
1546225509.17
1546225509.2
1546225509.24
1546225509.27
1546225509.3
1546225509.34
1546225509.37
1546225509.4
1546225509.44
1546225509.47
1546225509.5
1546225509.54
1546225509.57
1546225509.6
1546225509.63
1546225509.67
1546225509.7
1546225509.73
1546225509.77
1546225509.8
1546225509.84
1546225509.87
1546225509.9
1546225509.94
1546225509.97
1546225510.0
1546225510.04
1546225510.07
1546225510.1
1546225510.13
1546225510.17
1546225510.2
1546225510.23
1546225510.27
1546225510.3
1546225510.34
1546225510.37
1546225510.4
1546225510.44
1546225510.47
1546225510.5
1546225510.53
1546225510.57
1546225510.6
1546225510.63
1546225510.67
1546225510.7
1546225510.73
1546225510.77
1546225510.8
1546225510.84
1546225510.87
1546225510.9
1546225510.93
1546225510.97
1546225511.0
1546225511.03
1546225511.07
1546225511.1
1546225511.13
1546225511.17
1546225511.2
1546225511.23
1546225511.27
1546225511.3
1546225511.33
1546225511.37
1546225511.4
1546225511.43
1546225511.47
1546225511.5
1546225511.53
1546225511.57
1546225511.6
1546225511.63
1546225511.67
1546225511.7
1546225511.73
1546225511.77
1546225511.8
1546225511.83
1546225511.87
1546225511.9
1546225511.93
1546225511.97
1546225512.0
1546225512.03
1546225512.07
1546225512.1
1546225512.13
1546225512.17
1546225512.2
1546225512.23
1546225512.27
1546225512.3
1546225512.33
1546225512.37
1546225512.4
1546225512.43
1546225512.47
1546225512.5
1546225512.53
1546225512.57
1546225512.6
1546225512.63
1546225512.67
1546225512.7
1546225512.73
1546225512.77
1546225512.8
1546225512.83
1546225512.87
1546225512.9
1546225512.93
1546225512.97
1546225513.0
1546225513.04
1546225513.07
1546225513.1
1546225513.13
1546225513.17
1546225513.2
1546225513.23
1546225513.27
1546225513.3
1546225513.33
1546225513.37
1546225513.4
1546225513.43
1546225513.47
1546225513.5
1546225513.53
1546225513.57
1546225513.6
1546225513.63
1546225513.67
1546225513.7
1546225513.73
1546225513.77
1546225513.8
1546225513.83
1546225513.87
1546225513.9
1546225513.93
1546225513.97
1546225514.0
1546225514.03
1546225514.07
1546225514.1
1546225514.13
1546225514.17
1546225514.2
1546225514.23
1546225514.27
1546225514.3
1546225514.34
1546225514.37
1546225514.4
1546225514.43
1546225514.47
1546225514.5
1546225514.54
1546225514.57
1546225514.6
1546225514.63
1546225514.67
1546225514.7
1546225514.73
1546225514.77
1546225514.8
1546225514.83
1546225514.87
1546225514.9
1546225514.93
1546225514.97
1546225515.0
1546225515.03
1546225515.07
1546225515.1
1546225515.13
1546225515.17
1546225515.2
1546225515.23
1546225515.27
1546225515.3
1546225515.34
1546225515.37
1546225515.4
1546225515.43
1546225515.47
1546225515.5
1546225515.53
1546225515.57
1546225515.6
1546225515.63
1546225515.67
1546225515.7
1546225515.73
1546225515.77
1546225515.8
1546225515.84
1546225515.87
1546225515.9
1546225515.93
1546225515.97
1546225516.0
1546225516.04
1546225516.07
1546225516.1
1546225516.13
1546225516.17
1546225516.2
1546225516.24
1546225516.27
1546225516.3
1546225516.34
1546225516.37
1546225516.4
1546225516.44
1546225516.47
1546225516.5
1546225516.54
1546225516.57
1546225516.6
1546225516.64
1546225516.67
1546225516.7
1546225516.74
1546225516.77
1546225516.8
1546225516.84
1546225516.87
1546225516.9
1546225516.94
1546225516.97
1546225517.0
1546225517.04
1546225517.07
1546225517.1
1546225517.14
1546225517.17
1546225517.2
1546225517.24
1546225517.27
1546225517.3
1546225517.34
1546225517.37
1546225517.4
1546225517.44
1546225517.47
1546225517.5
1546225517.54
1546225517.57
1546225517.6
1546225517.64
1546225517.67
1546225517.7
1546225517.74
1546225517.77
1546225517.8
1546225517.84
1546225517.87
1546225517.9
1546225517.93
1546225517.96
1546225518.0
1546225518.03
1546225518.06
1546225518.1
1546225518.13
1546225518.16
1546225518.19
1546225518.23
1546225518.26
1546225518.3
1546225518.33
1546225518.36
1546225518.4
1546225518.43
1546225518.46
1546225518.5
1546225518.53
1546225518.56
1546225518.6
1546225518.63
1546225518.66
1546225518.7
1546225518.73
1546225518.76
1546225518.8
1546225518.83
1546225518.86
1546225518.9
1546225518.93
1546225518.96
1546225519.0
1546225519.03
1546225519.06
1546225519.1
1546225519.13
1546225519.16
1546225519.2
1546225519.23
1546225519.26
1546225519.3
1546225519.33
1546225519.36
1546225519.39
1546225519.43
1546225519.46
1546225519.5
1546225519.53
1546225519.56
1546225519.6
1546225519.63
1546225519.66
1546225519.69
1546225519.73
1546225519.76
1546225519.8
1546225519.83
1546225519.86
1546225519.89
1546225519.93
1546225519.96
1546225519.99
1546225520.03
1546225520.06
1546225520.1
1546225520.13
1546225520.16
1546225520.19
1546225520.23
1546225520.26
1546225520.29
1546225520.33
1546225520.36
1546225520.39
1546225520.43
1546225520.46
1546225520.49
1546225520.53
1546225520.56
1546225520.6
1546225520.63
1546225520.66
1546225520.69
1546225520.73
1546225520.76
1546225520.8
1546225520.83
1546225520.86
1546225520.89
1546225520.93
1546225520.96
1546225520.99
1546225521.03
1546225521.06
1546225521.1
1546225521.13
1546225521.16
1546225521.19
1546225521.23
1546225521.26
1546225521.3
1546225521.33
1546225521.36
1546225521.39
1546225521.43
1546225521.46
1546225521.49
1546225521.53
1546225521.56
1546225521.59
1546225521.63
1546225521.66
1546225521.69
1546225521.73
1546225521.76
1546225521.79
1546225521.83
1546225521.86
1546225521.89
1546225521.93
1546225521.96
1546225521.99
1546225522.03
1546225522.06
1546225522.09
1546225522.13
1546225522.16
1546225522.19
1546225522.23
1546225522.26
1546225522.29
1546225522.33
1546225522.36
1546225522.39
1546225522.43
1546225522.46
1546225522.49
1546225522.53
1546225522.56
1546225522.59
1546225522.63
1546225522.66
1546225522.69
1546225522.73
1546225522.76
1546225522.79
1546225522.83
1546225522.86
1546225522.89
1546225522.92
1546225522.96
1546225522.99
1546225523.03
1546225523.06
1546225523.09
1546225523.12
1546225523.16
1546225523.19
1546225523.22
1546225523.26
1546225523.29
1546225523.33
1546225523.36
1546225523.39
1546225523.42
1546225523.46
1546225523.49
1546225523.53
1546225523.56
1546225523.59
1546225523.62
1546225523.66
1546225523.69
1546225523.72
1546225523.76
1546225523.79
1546225523.82
1546225523.86
1546225523.89
1546225523.92
1546225523.96
1546225523.99
1546225524.03
1546225524.06
1546225524.09
1546225524.12
1546225524.16
1546225524.19
1546225524.22
1546225524.26
1546225524.29
1546225524.32
1546225524.36
1546225524.39
1546225524.42
1546225524.46
1546225524.49
1546225524.52
1546225524.56
1546225524.59
1546225524.62
1546225524.66
1546225524.69
1546225524.72
1546225524.76
1546225524.79
1546225524.82
1546225524.86
1546225524.89
1546225524.92
1546225524.96
1546225524.99
1546225525.02
1546225525.06
1546225525.09
1546225525.12
1546225525.16
1546225525.19
1546225525.22
1546225525.26
1546225525.29
1546225525.33
1546225525.36
1546225525.39
1546225525.42
1546225525.46
1546225525.49
1546225525.53
1546225525.56
1546225525.59
1546225525.62
1546225525.66
1546225525.69
1546225525.72
1546225525.76
1546225525.79
1546225525.82
1546225525.86
1546225525.89
1546225525.92
1546225525.96
1546225525.99
1546225526.02
1546225526.06
1546225526.09
1546225526.12
1546225526.16
1546225526.19
1546225526.22
1546225526.26
1546225526.29
1546225526.32
1546225526.36
1546225526.39
1546225526.42
1546225526.46
1546225526.49
1546225526.52
1546225526.56
1546225526.59
1546225526.62
1546225526.66
1546225526.69
1546225526.72
1546225526.76
1546225526.79
1546225526.82
1546225526.86
1546225526.89
1546225526.92
1546225526.96
1546225526.99
1546225527.02
1546225527.06
1546225527.09
1546225527.12
1546225527.16
1546225527.19
1546225527.22
1546225527.26
1546225527.29
1546225527.32
1546225527.36
1546225527.39
1546225527.42
1546225527.46
1546225527.49
1546225527.52
1546225527.56
1546225527.59
1546225527.62
1546225527.66
1546225527.69
1546225527.72
1546225527.76
1546225527.79
1546225527.82
1546225527.86
1546225527.89
1546225527.92
1546225527.95
1546225527.99
1546225528.02
1546225528.06
1546225528.09
1546225528.12
1546225528.15
1546225528.19
1546225528.22
1546225528.26
1546225528.29
1546225528.32
1546225528.35
1546225528.39
1546225528.42
1546225528.45
1546225528.49
1546225528.52
1546225528.55
1546225528.59
1546225528.62
1546225528.65
1546225528.69
1546225528.72
1546225528.75
1546225528.79
1546225528.82
1546225528.85
1546225528.89
1546225528.92
1546225528.95
1546225528.99
1546225529.02
1546225529.05
1546225529.09
1546225529.12
1546225529.15
1546225529.19
1546225529.22
1546225529.25
1546225529.29
1546225529.32
1546225529.35
1546225529.39
1546225529.42
1546225529.45
1546225529.49
1546225529.52
1546225529.55
1546225529.59
1546225529.62
1546225529.65
1546225529.69
1546225529.72
1546225529.75
1546225529.79
1546225529.82
1546225529.86
1546225529.89
1546225529.92
1546225529.95
1546225529.99
1546225530.02
1546225530.06
1546225530.09
1546225530.12
1546225530.15
1546225530.19
1546225530.22
1546225530.25
1546225530.29
1546225530.32
1546225530.35
1546225530.39
1546225530.42
1546225530.45
1546225530.49
1546225530.52
1546225530.55
1546225530.59
1546225530.62
1546225530.65
1546225530.69
1546225530.72
1546225530.75
1546225530.79
1546225530.82
1546225530.85
1546225530.89
1546225530.92
1546225530.95
1546225530.99
1546225531.02
1546225531.05
1546225531.09
1546225531.12
1546225531.15
1546225531.19
1546225531.22
1546225531.25
1546225531.29
1546225531.32
1546225531.35
1546225531.39
1546225531.42
1546225531.45
1546225531.49
1546225531.52
1546225531.55
1546225531.59
1546225531.62
1546225531.65
1546225531.69
1546225531.72
1546225531.75
1546225531.79
1546225531.82
1546225531.85
1546225531.89
1546225531.92
1546225531.95
1546225531.99
1546225532.02
1546225532.05
1546225532.09
1546225532.12
1546225532.15
1546225532.19
1546225532.22
1546225532.25
1546225532.29
1546225532.32
1546225532.35
1546225532.39
1546225532.42
1546225532.45
1546225532.49
1546225532.52
1546225532.55
1546225532.59
1546225532.62
1546225532.65
1546225532.69
1546225532.72
1546225532.75
1546225532.79
1546225532.82
1546225532.85
1546225532.88
1546225532.92
1546225532.95
1546225532.98
1546225533.02
1546225533.05
1546225533.09
1546225533.12
1546225533.15
1546225533.19
1546225533.22
1546225533.25
1546225533.29
1546225533.32
1546225533.35
1546225533.39
1546225533.42
1546225533.45
1546225533.49
1546225533.52
1546225533.55
1546225533.59
1546225533.62
1546225533.65
1546225533.69
1546225533.72
1546225533.75
1546225533.79
1546225533.82
1546225533.85
1546225533.89
1546225533.92
1546225533.95
1546225533.99
1546225534.02
1546225534.05
1546225534.09
1546225534.12
1546225534.15
1546225534.18
1546225534.22
1546225534.25
1546225534.29
1546225534.32
1546225534.35
1546225534.39
1546225534.42
1546225534.45
1546225534.48
1546225534.52
1546225534.55
1546225534.59
1546225534.62
1546225534.65
1546225534.68
1546225534.72
1546225534.75
1546225534.79
1546225534.82
1546225534.85
1546225534.88
1546225534.92
1546225534.95
1546225534.99
1546225535.02
1546225535.05
1546225535.09
1546225535.12
1546225535.15
1546225535.19
1546225535.22
1546225535.25
1546225535.29
1546225535.32
1546225535.35
1546225535.38
1546225535.42
1546225535.45
1546225535.49
1546225535.52
1546225535.55
1546225535.59
1546225535.62
1546225535.65
1546225535.69
1546225535.72
1546225535.76
1546225535.79
1546225535.82
1546225535.85
1546225535.89
1546225535.92
1546225535.95
1546225535.99
1546225536.02
1546225536.06
1546225536.09
1546225536.12
1546225536.15
1546225536.19
1546225536.22
1546225536.26
1546225536.29
1546225536.32
1546225536.36
1546225536.39
1546225536.42
1546225536.45
1546225536.49
1546225536.52
1546225536.55
1546225536.59
1546225536.62
1546225536.65
1546225536.69
1546225536.72
1546225536.76
1546225536.79
1546225536.82
1546225536.86
1546225536.89
1546225536.92
1546225536.96
1546225536.99
1546225537.02
1546225537.06
1546225537.09
1546225537.12
1546225537.15
1546225537.19
1546225537.22
1546225537.26
1546225537.29
1546225537.32
1546225537.36
1546225537.39
1546225537.42
1546225537.46
1546225537.49
1546225537.52
1546225537.56
1546225537.59
1546225537.62
1546225537.66
1546225537.69
1546225537.72
1546225537.76
1546225537.79
1546225537.82
1546225537.86
1546225537.89
1546225537.92
1546225537.96
1546225537.99
1546225538.02
1546225538.06
1546225538.09
1546225538.12
1546225538.16
1546225538.19
1546225538.22
1546225538.26
1546225538.29
1546225538.32
1546225538.36
1546225538.39
1546225538.42
1546225538.46
1546225538.49
1546225538.52
1546225538.56
1546225538.59
1546225538.62
1546225538.66
1546225538.69
1546225538.72
1546225538.76
1546225538.79
1546225538.83
1546225538.86
1546225538.89
1546225538.92
1546225538.96
1546225538.99
1546225539.03
1546225539.06
1546225539.09
1546225539.12
1546225539.16
1546225539.19
1546225539.22
1546225539.26
1546225539.29
1546225539.33
1546225539.36
1546225539.39
1546225539.42
1546225539.46
1546225539.49
1546225539.53
1546225539.56
1546225539.59
1546225539.63
1546225539.66
1546225539.69
1546225539.73
1546225539.76
1546225539.79
1546225539.83
1546225539.86
1546225539.89
1546225539.93
1546225539.96
1546225539.99
1546225540.03
1546225540.06
1546225540.09
1546225540.13
1546225540.16
1546225540.19
1546225540.23
1546225540.26
1546225540.29
1546225540.33
1546225540.36
1546225540.39
1546225540.43
1546225540.46
1546225540.49
1546225540.53
1546225540.56
1546225540.59
1546225540.63
1546225540.66
1546225540.69
1546225540.73
1546225540.76
1546225540.79
1546225540.83
1546225540.86
1546225540.89
1546225540.93
1546225540.96
1546225540.99
1546225541.03
1546225541.06
1546225541.1
1546225541.13
1546225541.16
1546225541.19
1546225541.23
1546225541.26
1546225541.3
1546225541.33
1546225541.36
1546225541.39
1546225541.43
1546225541.46
1546225541.49
1546225541.53
1546225541.56
1546225541.6
1546225541.63
1546225541.65
1546225541.69
1546225541.72
1546225541.76
1546225541.79
1546225541.82
1546225541.86
1546225541.89
1546225541.92
1546225541.95
1546225541.99
1546225542.02
1546225542.06
1546225542.09
1546225542.12
1546225542.15
1546225542.19
1546225542.22
1546225542.26
1546225542.29
1546225542.32
1546225542.36
1546225542.39
1546225542.42
1546225542.45
1546225542.49
1546225542.52
1546225542.56
1546225542.59
1546225542.62
1546225542.65
1546225542.69
1546225542.72
1546225542.76
1546225542.79
1546225542.82
1546225542.86
1546225542.89
1546225542.92
1546225542.95
1546225542.99
1546225543.02
1546225543.05
1546225543.09
1546225543.12
1546225543.15
1546225543.19
1546225543.22
1546225543.25
1546225543.29
1546225543.32
1546225543.35
1546225543.39
1546225543.42
1546225543.45
1546225543.49
1546225543.52
1546225543.55
1546225543.59
1546225543.62
1546225543.65
1546225543.69
1546225543.72
1546225543.75
1546225543.79
1546225543.82
1546225543.85
1546225543.89
1546225543.92
1546225543.95
1546225543.99
1546225544.02
1546225544.05
1546225544.09
1546225544.12
1546225544.15
1546225544.19
1546225544.22
1546225544.25
1546225544.29
1546225544.32
1546225544.35
1546225544.39
1546225544.42
1546225544.45
1546225544.49
1546225544.52
1546225544.55
1546225544.59
1546225544.62
1546225544.65
1546225544.69
1546225544.72
1546225544.75
1546225544.79
1546225544.82
1546225544.85
1546225544.89
1546225544.92
1546225544.95
1546225544.99
1546225545.02
1546225545.05
1546225545.09
1546225545.12
1546225545.15
1546225545.19
1546225545.22
1546225545.26
1546225545.29
1546225545.32
1546225545.35
1546225545.39
1546225545.42
1546225545.45
1546225545.49
1546225545.52
1546225545.55
1546225545.59
1546225545.62
1546225545.65
1546225545.69
1546225545.72
1546225545.75
1546225545.79
1546225545.82
1546225545.85
1546225545.89
1546225545.92
1546225545.95
1546225545.99
1546225546.02
1546225546.05
1546225546.09
1546225546.12
1546225546.15
1546225546.19
1546225546.22
1546225546.25
1546225546.29
1546225546.32
1546225546.35
1546225546.39
1546225546.42
1546225546.45
1546225546.49
1546225546.52
1546225546.55
1546225546.59
1546225546.62
1546225546.65
1546225546.69
1546225546.72
1546225546.75
1546225546.79
1546225546.82
1546225546.85
1546225546.89
1546225546.92
1546225546.95
1546225546.99
1546225547.02
1546225547.05
1546225547.09
1546225547.12
1546225547.15
1546225547.19
1546225547.22
1546225547.25
1546225547.29
1546225547.32
1546225547.35
1546225547.39
1546225547.42
1546225547.45
1546225547.49
1546225547.52
1546225547.55
1546225547.59
1546225547.62
1546225547.65
1546225547.69
1546225547.72
1546225547.75
1546225547.79
1546225547.82
1546225547.85
1546225547.89
1546225547.92
1546225547.95
1546225547.99
1546225548.02
1546225548.05
1546225548.09
1546225548.12
1546225548.15
1546225548.19
1546225548.22
1546225548.25
1546225548.29
1546225548.32
1546225548.35
1546225548.39
1546225548.42
1546225548.45
1546225548.49
1546225548.52
1546225548.55
1546225548.59
1546225548.62
1546225548.65
1546225548.69
1546225548.72
1546225548.75
1546225548.79
1546225548.82
1546225548.85
1546225548.89
1546225548.92
1546225548.95
1546225548.99
1546225549.02
1546225549.05
1546225549.09
1546225549.12
1546225549.15
1546225549.19
1546225549.22
1546225549.25
1546225549.29
1546225549.32
1546225549.35
1546225549.39
1546225549.42
1546225549.45
1546225549.49
1546225549.52
1546225549.55
1546225549.59
1546225549.62
1546225549.65
1546225549.69
1546225549.72
1546225549.75
1546225549.79
1546225549.82
1546225549.85
1546225549.88
1546225549.92
1546225549.95
1546225549.98
1546225550.02
1546225550.05
1546225550.09
1546225550.12
1546225550.15
1546225550.18
1546225550.22
1546225550.25
1546225550.29
1546225550.32
1546225550.35
1546225550.38
1546225550.42
1546225550.45
1546225550.48
1546225550.52
1546225550.55
1546225550.58
1546225550.62
1546225550.65
1546225550.68
1546225550.72
1546225550.75
1546225550.79
1546225550.82
1546225550.85
1546225550.88
1546225550.92
1546225550.95
1546225550.98
1546225551.02
1546225551.05
1546225551.08
1546225551.12
1546225551.15
1546225551.18
1546225551.22
1546225551.25
1546225551.28
1546225551.32
1546225551.35
1546225551.38
1546225551.42
1546225551.45
1546225551.48
1546225551.52
1546225551.55
1546225551.58
1546225551.62
1546225551.65
1546225551.68
1546225551.72
1546225551.75
1546225551.79
1546225551.82
1546225551.85
1546225551.88
1546225551.92
1546225551.95
1546225551.98
1546225552.02
1546225552.05
1546225552.09
1546225552.12
1546225552.15
1546225552.18
1546225552.22
1546225552.25
1546225552.28
1546225552.32
1546225552.35
1546225552.38
1546225552.42
1546225552.45
1546225552.48
1546225552.52
1546225552.55
1546225552.58
1546225552.62
1546225552.65
1546225552.68
1546225552.72
1546225552.75
1546225552.78
1546225552.82
1546225552.85
1546225552.88
1546225552.92
1546225552.95
1546225552.98
1546225553.02
1546225553.05
1546225553.08
1546225553.12
1546225553.15
1546225553.18
1546225553.22
1546225553.25
1546225553.28
1546225553.32
1546225553.35
1546225553.38
1546225553.42
1546225553.45
1546225553.48
1546225553.52
1546225553.55
1546225553.58
1546225553.62
1546225553.65
1546225553.68
1546225553.72
1546225553.75
1546225553.78
1546225553.82
1546225553.85
1546225553.88
1546225553.92
1546225553.95
1546225553.98
1546225554.02
1546225554.05
1546225554.08
1546225554.12
1546225554.15
1546225554.18
1546225554.22
1546225554.25
1546225554.28
1546225554.32
1546225554.35
1546225554.38
1546225554.42
1546225554.45
1546225554.48
1546225554.52
1546225554.55
1546225554.58
1546225554.62
1546225554.65
1546225554.68
1546225554.72
1546225554.75
1546225554.78
1546225554.82
1546225554.85
1546225554.88
1546225554.92
1546225554.95
1546225554.98
1546225555.02
1546225555.05
1546225555.08
1546225555.12
1546225555.15
1546225555.18
1546225555.22
1546225555.25
1546225555.28
1546225555.32
1546225555.35
1546225555.38
1546225555.41
1546225555.45
1546225555.48
1546225555.52
1546225555.55
1546225555.58
1546225555.62
1546225555.65
1546225555.68
1546225555.72
1546225555.75
1546225555.78
1546225555.82
1546225555.85
1546225555.88
1546225555.91
1546225555.95
1546225555.98
1546225556.02
1546225556.05
1546225556.08
1546225556.12
1546225556.15
1546225556.18
1546225556.21
1546225556.25
1546225556.28
1546225556.31
1546225556.35
1546225556.38
1546225556.41
1546225556.45
1546225556.48
1546225556.51
1546225556.55
1546225556.58
1546225556.62
1546225556.65
1546225556.68
1546225556.71
1546225556.75
1546225556.78
1546225556.81
1546225556.85
1546225556.88
1546225556.91
1546225556.95
1546225556.98
1546225557.01
1546225557.05
1546225557.08
1546225557.11
1546225557.15
1546225557.18
1546225557.21
1546225557.25
1546225557.28
1546225557.31
1546225557.35
1546225557.38
1546225557.41
1546225557.45
1546225557.48
1546225557.51
1546225557.55
1546225557.58
1546225557.61
1546225557.65
1546225557.68
1546225557.71
1546225557.75
1546225557.78
1546225557.81
1546225557.85
1546225557.88
1546225557.91
1546225557.95
1546225557.98
1546225558.01
1546225558.05
1546225558.08
1546225558.11
1546225558.15
1546225558.18
1546225558.21
1546225558.25
1546225558.28
1546225558.31
1546225558.35
1546225558.38
1546225558.41
1546225558.45
1546225558.48
1546225558.51
1546225558.55
1546225558.58
1546225558.61
1546225558.65
1546225558.68
1546225558.71
1546225558.75
1546225558.78
1546225558.81
1546225558.85
1546225558.88
1546225558.91
1546225558.95
1546225558.98
1546225559.01
1546225559.05
1546225559.08
1546225559.11
1546225559.15
1546225559.18
1546225559.21
1546225559.25
1546225559.28
1546225559.31
1546225559.35
1546225559.38
1546225559.41
1546225559.45
1546225559.48
1546225559.51
1546225559.55
1546225559.58
1546225559.61
1546225559.65
1546225559.68
1546225559.71
1546225559.75
1546225559.78
1546225559.81
1546225559.85
1546225559.88
1546225559.91
1546225559.95
1546225559.98
1546225560.01
1546225560.05
1546225560.08
1546225560.11
1546225560.15
1546225560.18
1546225560.21
1546225560.25
1546225560.28
1546225560.31
1546225560.35
1546225560.38
1546225560.41
1546225560.45
1546225560.48
1546225560.51
1546225560.55
1546225560.58
1546225560.62
1546225560.65
1546225560.68
1546225560.71
1546225560.75
1546225560.78
1546225560.82
1546225560.85
1546225560.88
1546225560.91
1546225560.95
1546225560.98
1546225561.01
1546225561.05
1546225561.08
1546225561.12
1546225561.15
1546225561.18
1546225561.22
1546225561.25
1546225561.28
1546225561.32
1546225561.35
1546225561.38
1546225561.41
1546225561.45
1546225561.48
1546225561.52
1546225561.55
1546225561.58
1546225561.62
1546225561.65
1546225561.68
1546225561.72
1546225561.75
1546225561.78
1546225561.82
1546225561.85
1546225561.88
1546225561.92
1546225561.95
1546225561.98
1546225562.02
1546225562.05
1546225562.08
1546225562.12
1546225562.15
1546225562.18
1546225562.22
1546225562.25
1546225562.28
1546225562.32
1546225562.35
1546225562.38
1546225562.42
1546225562.45
1546225562.48
1546225562.52
1546225562.55
1546225562.58
1546225562.62
1546225562.65
1546225562.68
1546225562.72
1546225562.75
1546225562.79
1546225562.82
1546225562.85
1546225562.88
1546225562.92
1546225562.95
1546225562.98
1546225563.02
1546225563.05
1546225563.09
1546225563.12
1546225563.15
1546225563.19
1546225563.22
1546225563.25
1546225563.29
1546225563.32
1546225563.35
1546225563.39
1546225563.42
1546225563.45
1546225563.49
1546225563.52
1546225563.55
1546225563.59
1546225563.62
1546225563.65
1546225563.69
1546225563.72
1546225563.75
1546225563.79
1546225563.82
1546225563.85
1546225563.89
1546225563.92
1546225563.95
1546225563.99
1546225564.02
1546225564.05
1546225564.09
1546225564.12
1546225564.15
1546225564.18
1546225564.22
1546225564.25
1546225564.29
1546225564.32
1546225564.35
1546225564.39
1546225564.42
1546225564.45
1546225564.49
1546225564.52
1546225564.55
1546225564.59
1546225564.62
1546225564.65
1546225564.68
1546225564.72
1546225564.75
1546225564.79
1546225564.82
1546225564.85
1546225564.89
1546225564.92
1546225564.95
1546225564.99
1546225565.02
1546225565.05
1546225565.09
1546225565.12
1546225565.15
1546225565.19
1546225565.21
1546225565.25
1546225565.28
1546225565.31
1546225565.35
1546225565.38
1546225565.41
1546225565.45
1546225565.48
1546225565.51
1546225565.55
1546225565.58
1546225565.61
1546225565.64
1546225565.68
1546225565.71
1546225565.75
1546225565.78
1546225565.81
1546225565.85
1546225565.88
1546225565.91
1546225565.94
1546225565.98
1546225566.01
1546225566.04
1546225566.08
1546225566.11
1546225566.14
1546225566.18
1546225566.21
1546225566.24
1546225566.28
1546225566.31
1546225566.35
1546225566.38
1546225566.41
1546225566.44
1546225566.48
1546225566.51
1546225566.55
1546225566.58
1546225566.61
1546225566.64
1546225566.68
1546225566.71
1546225566.74
1546225566.78
1546225566.81
1546225566.85
1546225566.88
1546225566.91
1546225566.94
1546225566.98
1546225567.01
1546225567.05
1546225567.08
1546225567.11
1546225567.14
1546225567.18
1546225567.21
1546225567.24
1546225567.28
1546225567.31
1546225567.34
1546225567.38
1546225567.41
1546225567.44
1546225567.48
1546225567.51
1546225567.54
1546225567.58
1546225567.61
1546225567.64
1546225567.68
1546225567.71
1546225567.74
1546225567.78
1546225567.81
1546225567.85
1546225567.88
1546225567.91
1546225567.95
1546225567.98
1546225568.01
1546225568.05
1546225568.08
1546225568.11
1546225568.14
1546225568.18
1546225568.21
1546225568.24
1546225568.28
1546225568.31
1546225568.35
1546225568.38
1546225568.41
1546225568.44
1546225568.48
1546225568.51
1546225568.55
1546225568.58
1546225568.61
1546225568.64
1546225568.68
1546225568.71
1546225568.74
1546225568.78
1546225568.81
1546225568.85
1546225568.88
1546225568.91
1546225568.94
1546225568.98
1546225569.01
1546225569.05
1546225569.08
1546225569.11
1546225569.14
1546225569.18
1546225569.21
1546225569.24
1546225569.28
1546225569.31
1546225569.34
1546225569.38
1546225569.41
1546225569.44
1546225569.48
1546225569.51
1546225569.54
1546225569.58
1546225569.61
1546225569.64
1546225569.68
1546225569.71
1546225569.74
1546225569.78
1546225569.81
1546225569.84
1546225569.88
1546225569.91
1546225569.94
1546225569.98
1546225570.01
1546225570.04
1546225570.08
1546225570.11
1546225570.14
1546225570.18
1546225570.21
1546225570.24
1546225570.28
1546225570.31
1546225570.34
1546225570.38
1546225570.41
1546225570.44
1546225570.48
1546225570.51
1546225570.54
1546225570.58
1546225570.61
1546225570.64
1546225570.67
1546225570.71
1546225570.74
1546225570.78
1546225570.81
1546225570.84
1546225570.88
1546225570.91
1546225570.94
1546225570.98
1546225571.01
1546225571.04
1546225571.08
1546225571.11
1546225571.14
1546225571.18
1546225571.21
1546225571.24
1546225571.28
1546225571.31
1546225571.34
1546225571.38
1546225571.41
1546225571.44
1546225571.48
1546225571.51
1546225571.54
1546225571.58
1546225571.61
1546225571.64
1546225571.68
1546225571.71
1546225571.74
1546225571.78
1546225571.81
1546225571.85
1546225571.88
1546225571.91
1546225571.94
1546225571.98
1546225572.01
1546225572.04
1546225572.08
1546225572.11
1546225572.14
1546225572.18
1546225572.21
1546225572.24
1546225572.28
1546225572.31
1546225572.35
1546225572.38
1546225572.41
1546225572.44
1546225572.48
1546225572.51
1546225572.55
1546225572.58
1546225572.61
1546225572.65
1546225572.68
1546225572.71
1546225572.74
1546225572.78
1546225572.81
1546225572.85
1546225572.88
1546225572.91
1546225572.94
1546225572.98
1546225573.01
1546225573.05
1546225573.08
1546225573.11
1546225573.15
1546225573.18
1546225573.21
1546225573.24
1546225573.28
1546225573.31
1546225573.35
1546225573.38
1546225573.41
1546225573.44
1546225573.48
1546225573.51
1546225573.54
1546225573.58
1546225573.61
1546225573.64
1546225573.68
1546225573.71
1546225573.74
1546225573.78
1546225573.81
1546225573.85
1546225573.88
1546225573.91
1546225573.94
1546225573.98
1546225574.01
1546225574.05
1546225574.08
1546225574.11
1546225574.14
1546225574.18
1546225574.21
1546225574.24
1546225574.28
1546225574.31
1546225574.35
1546225574.38
1546225574.41
1546225574.44
1546225574.48
1546225574.51
1546225574.55
1546225574.58
1546225574.61
1546225574.65
1546225574.68
1546225574.71
1546225574.75
1546225574.78
1546225574.81
1546225574.85
1546225574.88
1546225574.91
1546225574.95
1546225574.98
1546225575.01
1546225575.05
1546225575.08
1546225575.11
1546225575.14
1546225575.18
1546225575.21
