1546225247.82
1546225247.98
1546225248.01
1546225248.04
1546225248.08
1546225248.11
1546225248.14
1546225248.18
1546225248.21
1546225248.24
1546225248.28
1546225248.31
1546225248.34
1546225248.38
1546225248.41
1546225248.44
1546225248.48
1546225248.51
1546225248.54
1546225248.58
1546225248.61
1546225248.64
1546225248.68
1546225248.71
1546225248.74
1546225248.78
1546225248.81
1546225248.84
1546225248.88
1546225248.91
1546225248.94
1546225248.98
1546225249.01
1546225249.04
1546225249.08
1546225249.11
1546225249.14
1546225249.18
1546225249.21
1546225249.24
1546225249.28
1546225249.31
1546225249.34
1546225249.38
1546225249.41
1546225249.44
1546225249.48
1546225249.51
1546225249.54
1546225249.58
1546225249.61
1546225249.64
1546225249.68
1546225249.71
1546225249.74
1546225249.78
1546225249.81
1546225249.84
1546225249.88
1546225249.91
1546225249.94
1546225249.98
1546225250.01
1546225250.04
1546225250.08
1546225250.11
1546225250.14
1546225250.18
1546225250.21
1546225250.24
1546225250.28
1546225250.31
1546225250.34
1546225250.38
1546225250.41
1546225250.44
1546225250.48
1546225250.51
1546225250.54
1546225250.58
1546225250.61
1546225250.64
1546225250.68
1546225250.71
1546225250.74
1546225250.78
1546225250.81
1546225250.84
1546225250.88
1546225250.91
1546225250.94
1546225250.98
1546225251.01
1546225251.04
1546225251.08
1546225251.11
1546225251.14
1546225251.18
1546225251.21
1546225251.24
1546225251.28
1546225251.31
1546225251.34
1546225251.38
1546225251.41
1546225251.44
1546225251.48
1546225251.51
1546225251.54
1546225251.58
1546225251.61
1546225251.64
1546225251.68
1546225251.71
1546225251.74
1546225251.78
1546225251.81
1546225251.84
1546225251.88
1546225251.91
1546225251.94
1546225251.98
1546225252.01
1546225252.05
1546225252.08
1546225252.11
1546225252.14
1546225252.18
1546225252.21
1546225252.24
1546225252.28
1546225252.31
1546225252.35
1546225252.38
1546225252.41
1546225252.44
1546225252.48
1546225252.51
1546225252.54
1546225252.58
1546225252.61
1546225252.64
1546225252.68
1546225252.71
1546225252.74
1546225252.78
1546225252.81
1546225252.84
1546225252.88
1546225252.91
1546225252.94
1546225252.98
1546225253.01
1546225253.05
1546225253.08
1546225253.11
1546225253.14
1546225253.18
1546225253.21
1546225253.24
1546225253.28
1546225253.31
1546225253.34
1546225253.38
1546225253.41
1546225253.44
1546225253.48
1546225253.51
1546225253.55
1546225253.58
1546225253.61
1546225253.64
1546225253.68
1546225253.71
1546225253.74
1546225253.78
1546225253.81
1546225253.85
1546225253.88
1546225253.91
1546225253.94
1546225253.98
1546225254.01
1546225254.05
1546225254.08
1546225254.11
1546225254.14
1546225254.18
1546225254.21
1546225254.24
1546225254.28
1546225254.31
1546225254.35
1546225254.38
1546225254.41
1546225254.44
1546225254.48
1546225254.51
1546225254.55
1546225254.58
1546225254.61
1546225254.64
1546225254.68
1546225254.71
1546225254.75
1546225254.78
1546225254.81
1546225254.85
1546225254.88
1546225254.91
1546225254.94
1546225254.98
1546225255.01
1546225255.05
1546225255.08
1546225255.11
1546225255.15
1546225255.18
1546225255.21
1546225255.24
1546225255.28
1546225255.31
1546225255.35
1546225255.38
1546225255.41
1546225255.45
1546225255.48
1546225255.51
1546225255.55
1546225255.58
1546225255.61
1546225255.65
1546225255.68
1546225255.71
1546225255.75
1546225255.78
1546225255.81
1546225255.85
1546225255.88
1546225255.91
1546225255.95
1546225255.98
1546225256.01
1546225256.05
1546225256.08
1546225256.11
1546225256.15
1546225256.18
1546225256.21
1546225256.25
1546225256.28
1546225256.31
1546225256.35
1546225256.38
1546225256.41
1546225256.45
1546225256.48
1546225256.51
1546225256.55
1546225256.58
1546225256.61
1546225256.65
1546225256.68
1546225256.71
1546225256.75
1546225256.78
1546225256.81
1546225256.85
1546225256.88
1546225256.91
1546225256.95
1546225256.98
1546225257.01
1546225257.05
1546225257.08
1546225257.11
1546225257.15
1546225257.18
1546225257.21
1546225257.25
1546225257.28
1546225257.32
1546225257.35
1546225257.38
1546225257.41
1546225257.45
1546225257.48
1546225257.52
1546225257.55
1546225257.58
1546225257.62
1546225257.65
1546225257.68
1546225257.72
1546225257.75
1546225257.78
1546225257.82
1546225257.85
1546225257.88
1546225257.91
1546225257.95
1546225257.98
1546225258.02
1546225258.05
1546225258.08
1546225258.12
1546225258.15
1546225258.18
1546225258.22
1546225258.25
1546225258.28
1546225258.32
1546225258.35
1546225258.38
1546225258.42
1546225258.45
1546225258.48
1546225258.52
1546225258.55
1546225258.58
1546225258.62
1546225258.65
1546225258.68
1546225258.72
1546225258.75
1546225258.78
1546225258.82
1546225258.85
1546225258.88
1546225258.92
1546225258.95
1546225258.98
1546225259.02
1546225259.05
1546225259.09
1546225259.12
1546225259.15
1546225259.18
1546225259.22
1546225259.25
1546225259.29
1546225259.32
1546225259.35
1546225259.38
1546225259.42
1546225259.45
1546225259.48
1546225259.52
1546225259.55
1546225259.59
1546225259.62
1546225259.65
1546225259.69
1546225259.72
1546225259.75
1546225259.79
1546225259.82
1546225259.85
1546225259.89
1546225259.92
1546225259.95
1546225259.99
1546225260.02
1546225260.05
1546225260.09
1546225260.12
1546225260.15
1546225260.19
1546225260.22
1546225260.25
1546225260.29
1546225260.32
1546225260.35
1546225260.39
1546225260.42
1546225260.45
1546225260.49
1546225260.52
1546225260.56
1546225260.59
1546225260.62
1546225260.65
1546225260.69
1546225260.72
1546225260.75
1546225260.79
1546225260.81
1546225260.85
1546225260.88
1546225260.91
1546225260.95
1546225260.98
1546225261.01
1546225261.05
1546225261.08
1546225261.11
1546225261.15
1546225261.18
1546225261.21
1546225261.25
1546225261.28
1546225261.31
1546225261.35
1546225261.38
1546225261.41
1546225261.45
1546225261.48
1546225261.52
1546225261.55
1546225261.58
1546225261.62
1546225261.65
1546225261.68
1546225261.71
1546225261.75
1546225261.78
1546225261.81
1546225261.85
1546225261.88
1546225261.91
1546225261.95
1546225261.98
1546225262.02
1546225262.05
1546225262.08
1546225262.12
1546225262.15
1546225262.18
1546225262.21
1546225262.25
1546225262.28
1546225262.32
1546225262.35
1546225262.38
1546225262.41
1546225262.45
1546225262.48
1546225262.51
1546225262.55
1546225262.58
1546225262.61
1546225262.65
1546225262.68
1546225262.71
1546225262.75
1546225262.78
1546225262.82
1546225262.85
1546225262.88
1546225262.91
1546225262.95
1546225262.98
1546225263.02
1546225263.05
1546225263.08
1546225263.11
1546225263.15
1546225263.18
1546225263.21
1546225263.25
1546225263.28
1546225263.31
1546225263.35
1546225263.38
1546225263.41
1546225263.45
1546225263.48
1546225263.52
1546225263.55
1546225263.58
1546225263.62
1546225263.65
1546225263.68
1546225263.71
1546225263.75
1546225263.78
1546225263.82
1546225263.85
1546225263.88
1546225263.91
1546225263.95
1546225263.98
1546225264.02
1546225264.05
1546225264.08
1546225264.12
1546225264.15
1546225264.18
1546225264.21
1546225264.25
1546225264.28
1546225264.32
1546225264.35
1546225264.38
1546225264.41
1546225264.45
1546225264.48
1546225264.51
1546225264.55
1546225264.58
1546225264.62
1546225264.65
1546225264.68
1546225264.71
1546225264.75
1546225264.78
1546225264.81
1546225264.85
1546225264.88
1546225264.91
1546225264.95
1546225264.98
1546225265.01
1546225265.05
1546225265.08
1546225265.11
1546225265.15
1546225265.18
1546225265.21
1546225265.25
1546225265.28
1546225265.31
1546225265.35
1546225265.38
1546225265.41
1546225265.45
1546225265.48
1546225265.51
1546225265.55
1546225265.58
1546225265.61
1546225265.65
1546225265.68
1546225265.71
1546225265.75
1546225265.78
1546225265.81
1546225265.85
1546225265.88
1546225265.91
1546225265.95
1546225265.98
1546225266.01
1546225266.05
1546225266.08
1546225266.11
1546225266.15
1546225266.18
1546225266.21
1546225266.25
1546225266.28
1546225266.31
1546225266.35
1546225266.38
1546225266.41
1546225266.45
1546225266.48
1546225266.51
1546225266.55
1546225266.58
1546225266.61
1546225266.65
1546225266.68
1546225266.71
1546225266.75
1546225266.78
1546225266.81
1546225266.85
1546225266.88
1546225266.91
1546225266.95
1546225266.98
1546225267.01
1546225267.05
1546225267.08
1546225267.11
1546225267.15
1546225267.18
1546225267.21
1546225267.25
1546225267.28
1546225267.31
1546225267.35
1546225267.38
1546225267.41
1546225267.45
1546225267.48
1546225267.51
1546225267.55
1546225267.58
1546225267.61
1546225267.65
1546225267.68
1546225267.71
1546225267.75
1546225267.78
1546225267.81
1546225267.85
1546225267.88
1546225267.91
1546225267.95
1546225267.98
1546225268.01
1546225268.05
1546225268.08
1546225268.11
1546225268.15
1546225268.18
1546225268.21
1546225268.25
1546225268.28
1546225268.31
1546225268.35
1546225268.38
1546225268.41
1546225268.45
1546225268.48
1546225268.51
1546225268.55
1546225268.58
1546225268.61
1546225268.65
1546225268.68
1546225268.71
1546225268.75
1546225268.78
1546225268.81
1546225268.85
1546225268.88
1546225268.91
1546225268.95
1546225268.98
1546225269.01
1546225269.05
1546225269.08
1546225269.11
1546225269.15
1546225269.18
1546225269.21
1546225269.25
1546225269.28
1546225269.31
1546225269.35
1546225269.38
1546225269.41
1546225269.45
1546225269.48
1546225269.51
1546225269.55
1546225269.58
1546225269.61
1546225269.65
1546225269.68
1546225269.71
1546225269.75
1546225269.78
1546225269.81
1546225269.85
1546225269.88
1546225269.91
1546225269.95
1546225269.98
1546225270.01
1546225270.05
1546225270.08
1546225270.11
1546225270.15
1546225270.18
1546225270.21
1546225270.25
1546225270.28
1546225270.31
1546225270.35
1546225270.38
1546225270.41
1546225270.45
1546225270.48
1546225270.51
1546225270.55
1546225270.58
1546225270.61
1546225270.65
1546225270.68
1546225270.71
1546225270.75
1546225270.78
1546225270.81
1546225270.85
1546225270.88
1546225270.91
1546225270.95
1546225270.98
1546225271.01
1546225271.05
1546225271.08
1546225271.11
1546225271.15
1546225271.18
1546225271.21
1546225271.25
1546225271.28
1546225271.31
1546225271.35
1546225271.38
1546225271.41
1546225271.45
1546225271.48
1546225271.51
1546225271.55
1546225271.58
1546225271.61
1546225271.65
1546225271.68
1546225271.71
1546225271.75
1546225271.78
1546225271.81
1546225271.85
1546225271.88
1546225271.91
1546225271.95
1546225271.98
1546225272.01
1546225272.05
1546225272.08
1546225272.11
1546225272.15
1546225272.18
1546225272.21
1546225272.25
1546225272.28
1546225272.31
1546225272.35
1546225272.38
1546225272.41
1546225272.45
1546225272.48
1546225272.51
1546225272.55
1546225272.58
1546225272.62
1546225272.65
1546225272.68
1546225272.71
1546225272.75
1546225272.78
1546225272.81
1546225272.85
1546225272.88
1546225272.91
1546225272.95
1546225272.98
1546225273.02
1546225273.05
1546225273.08
1546225273.11
1546225273.15
1546225273.18
1546225273.21
1546225273.25
1546225273.28
1546225273.32
1546225273.35
1546225273.38
1546225273.42
1546225273.45
1546225273.48
1546225273.52
1546225273.55
1546225273.58
1546225273.62
1546225273.65
1546225273.68
1546225273.71
1546225273.75
1546225273.78
1546225273.82
1546225273.85
1546225273.88
1546225273.91
1546225273.95
1546225273.98
1546225274.02
1546225274.05
1546225274.08
1546225274.11
1546225274.15
1546225274.18
1546225274.21
1546225274.25
1546225274.28
1546225274.32
1546225274.35
1546225274.38
1546225274.41
1546225274.45
1546225274.48
1546225274.52
1546225274.55
1546225274.58
1546225274.61
1546225274.65
1546225274.68
1546225274.71
1546225274.75
1546225274.78
1546225274.82
1546225274.85
1546225274.88
1546225274.91
1546225274.95
1546225274.98
1546225275.02
1546225275.05
1546225275.08
1546225275.11
1546225275.15
1546225275.18
1546225275.21
1546225275.25
1546225275.28
1546225275.32
1546225275.35
1546225275.38
1546225275.41
1546225275.45
1546225275.48
1546225275.51
1546225275.55
1546225275.58
1546225275.61
1546225275.65
1546225275.68
1546225275.71
1546225275.75
1546225275.78
1546225275.81
1546225275.85
1546225275.88
1546225275.91
1546225275.95
1546225275.98
1546225276.02
1546225276.05
1546225276.08
1546225276.11
1546225276.15
1546225276.18
1546225276.21
1546225276.25
1546225276.28
1546225276.32
1546225276.35
1546225276.38
1546225276.41
1546225276.45
1546225276.48
1546225276.52
1546225276.55
1546225276.58
1546225276.62
1546225276.65
1546225276.68
1546225276.71
1546225276.75
1546225276.78
1546225276.82
1546225276.85
1546225276.88
1546225276.91
1546225276.95
1546225276.98
1546225277.01
1546225277.05
1546225277.08
1546225277.11
1546225277.15
1546225277.18
1546225277.21
1546225277.25
1546225277.28
1546225277.31
1546225277.35
1546225277.38
1546225277.41
1546225277.45
1546225277.48
1546225277.51
1546225277.55
1546225277.58
1546225277.61
1546225277.65
1546225277.68
1546225277.71
1546225277.75
1546225277.78
1546225277.81
1546225277.85
1546225277.88
1546225277.91
1546225277.95
1546225277.98
1546225278.01
1546225278.05
1546225278.08
1546225278.11
1546225278.15
1546225278.18
1546225278.21
1546225278.25
1546225278.28
1546225278.31
1546225278.35
1546225278.38
1546225278.41
1546225278.45
1546225278.48
1546225278.52
1546225278.55
1546225278.58
1546225278.61
1546225278.65
1546225278.68
1546225278.71
1546225278.75
1546225278.78
1546225278.82
1546225278.85
1546225278.88
1546225278.91
1546225278.95
1546225278.98
1546225279.02
1546225279.05
1546225279.08
1546225279.12
1546225279.15
1546225279.18
1546225279.22
1546225279.25
1546225279.28
1546225279.32
1546225279.35
1546225279.38
1546225279.42
1546225279.45
1546225279.48
1546225279.52
1546225279.55
1546225279.58
1546225279.62
1546225279.65
1546225279.68
1546225279.72
1546225279.75
1546225279.78
1546225279.82
1546225279.85
1546225279.88
1546225279.92
1546225279.95
1546225279.98
1546225280.02
1546225280.05
1546225280.08
1546225280.12
1546225280.15
1546225280.18
1546225280.22
1546225280.25
1546225280.28
1546225280.32
1546225280.35
1546225280.38
1546225280.42
1546225280.45
1546225280.48
1546225280.52
1546225280.55
1546225280.59
1546225280.62
1546225280.65
1546225280.68
1546225280.72
1546225280.75
1546225280.78
1546225280.82
1546225280.85
1546225280.88
1546225280.92
1546225280.95
1546225280.98
1546225281.02
1546225281.05
1546225281.09
1546225281.12
1546225281.15
1546225281.18
1546225281.22
1546225281.25
1546225281.29
1546225281.32
1546225281.35
1546225281.38
1546225281.42
1546225281.45
1546225281.49
1546225281.52
1546225281.55
1546225281.59
1546225281.62
1546225281.65
1546225281.68
1546225281.72
1546225281.75
1546225281.79
1546225281.82
1546225281.85
1546225281.88
1546225281.92
1546225281.95
1546225281.99
1546225282.02
1546225282.05
1546225282.09
1546225282.12
1546225282.15
1546225282.19
1546225282.22
1546225282.25
1546225282.29
1546225282.32
1546225282.35
1546225282.39
1546225282.42
1546225282.45
1546225282.49
1546225282.52
1546225282.55
1546225282.59
1546225282.62
1546225282.65
1546225282.69
1546225282.72
1546225282.75
1546225282.79
1546225282.82
1546225282.85
1546225282.89
1546225282.92
1546225282.95
1546225282.99
1546225283.02
1546225283.05
1546225283.09
1546225283.12
1546225283.15
1546225283.19
1546225283.22
1546225283.26
1546225283.29
1546225283.32
1546225283.35
1546225283.39
1546225283.42
1546225283.45
1546225283.49
1546225283.52
1546225283.56
1546225283.59
1546225283.62
1546225283.65
1546225283.69
1546225283.72
1546225283.75
1546225283.79
1546225283.82
1546225283.85
1546225283.89
1546225283.92
1546225283.95
1546225283.99
1546225284.02
1546225284.05
1546225284.09
1546225284.12
1546225284.15
1546225284.19
1546225284.22
1546225284.26
1546225284.29
1546225284.32
1546225284.35
1546225284.39
1546225284.42
1546225284.45
1546225284.49
1546225284.52
1546225284.56
1546225284.59
1546225284.62
1546225284.65
1546225284.69
1546225284.72
1546225284.76
1546225284.79
1546225284.82
1546225284.86
1546225284.89
1546225284.92
1546225284.96
1546225284.99
1546225285.02
1546225285.05
1546225285.08
1546225285.11
1546225285.15
1546225285.18
1546225285.21
1546225285.25
1546225285.28
1546225285.31
1546225285.35
1546225285.38
1546225285.41
1546225285.45
1546225285.48
1546225285.51
1546225285.55
1546225285.58
1546225285.61
1546225285.65
1546225285.68
1546225285.71
1546225285.75
1546225285.78
1546225285.81
1546225285.85
1546225285.88
1546225285.91
1546225285.95
1546225285.98
1546225286.01
1546225286.05
1546225286.08
1546225286.11
1546225286.15
1546225286.18
1546225286.21
1546225286.25
1546225286.28
1546225286.31
1546225286.35
1546225286.38
1546225286.41
1546225286.45
1546225286.48
1546225286.52
1546225286.55
1546225286.58
1546225286.61
1546225286.65
1546225286.68
1546225286.71
1546225286.75
1546225286.78
1546225286.81
1546225286.85
1546225286.88
1546225286.91
1546225286.95
1546225286.98
1546225287.01
1546225287.05
1546225287.08
1546225287.11
1546225287.15
1546225287.18
1546225287.21
1546225287.25
1546225287.28
1546225287.31
1546225287.35
1546225287.38
1546225287.41
1546225287.45
1546225287.48
1546225287.51
1546225287.55
1546225287.58
1546225287.61
1546225287.65
1546225287.68
1546225287.71
1546225287.75
1546225287.78
1546225287.81
1546225287.85
1546225287.88
1546225287.91
1546225287.95
1546225287.98
1546225288.01
1546225288.05
1546225288.08
1546225288.11
1546225288.15
1546225288.18
1546225288.21
1546225288.25
1546225288.28
1546225288.31
1546225288.35
1546225288.38
1546225288.41
1546225288.45
1546225288.48
1546225288.51
1546225288.55
1546225288.58
1546225288.61
1546225288.65
1546225288.68
1546225288.71
1546225288.75
1546225288.78
1546225288.81
1546225288.85
1546225288.88
1546225288.91
1546225288.95
1546225288.98
1546225289.01
1546225289.05
1546225289.08
1546225289.11
1546225289.15
1546225289.18
1546225289.21
1546225289.25
1546225289.28
1546225289.31
1546225289.35
1546225289.38
1546225289.41
1546225289.45
1546225289.48
1546225289.51
1546225289.55
1546225289.58
1546225289.61
1546225289.65
1546225289.68
1546225289.71
1546225289.75
1546225289.78
1546225289.81
1546225289.85
1546225289.88
1546225289.91
1546225289.95
1546225289.98
1546225290.01
1546225290.05
1546225290.08
1546225290.11
1546225290.15
1546225290.18
1546225290.21
1546225290.25
1546225290.28
1546225290.31
1546225290.35
1546225290.38
1546225290.41
1546225290.45
1546225290.48
1546225290.51
1546225290.55
1546225290.58
1546225290.61
1546225290.65
1546225290.68
1546225290.71
1546225290.75
1546225290.78
1546225290.82
1546225290.85
1546225290.88
1546225290.91
1546225290.95
1546225290.98
1546225291.02
1546225291.05
1546225291.08
1546225291.12
1546225291.15
1546225291.18
1546225291.21
1546225291.25
1546225291.28
1546225291.32
1546225291.35
1546225291.38
1546225291.41
1546225291.45
1546225291.48
1546225291.52
1546225291.55
1546225291.58
1546225291.61
1546225291.65
1546225291.68
1546225291.71
1546225291.75
1546225291.78
1546225291.82
1546225291.85
1546225291.88
1546225291.91
1546225291.95
1546225291.98
1546225292.02
1546225292.05
1546225292.08
1546225292.12
1546225292.15
1546225292.18
1546225292.21
1546225292.25
1546225292.28
1546225292.32
1546225292.35
1546225292.38
1546225292.41
1546225292.45
1546225292.48
1546225292.52
1546225292.55
1546225292.58
1546225292.62
1546225292.65
1546225292.68
1546225292.71
1546225292.75
1546225292.78
1546225292.81
1546225292.85
1546225292.88
1546225292.91
1546225292.95
1546225292.98
1546225293.02
1546225293.05
1546225293.08
1546225293.11
1546225293.15
1546225293.18
1546225293.21
1546225293.25
1546225293.28
1546225293.32
1546225293.35
1546225293.38
1546225293.41
1546225293.45
1546225293.48
1546225293.52
1546225293.55
1546225293.58
1546225293.61
1546225293.65
1546225293.68
1546225293.71
1546225293.75
1546225293.78
1546225293.81
1546225293.85
1546225293.88
1546225293.91
1546225293.95
1546225293.98
1546225294.01
1546225294.05
1546225294.08
1546225294.11
1546225294.15
1546225294.18
1546225294.21
1546225294.25
1546225294.28
1546225294.31
1546225294.35
1546225294.38
1546225294.41
1546225294.45
1546225294.48
1546225294.52
1546225294.55
1546225294.58
1546225294.61
1546225294.65
1546225294.68
1546225294.71
1546225294.75
1546225294.78
1546225294.82
1546225294.85
1546225294.88
1546225294.92
1546225294.95
1546225294.98
1546225295.02
1546225295.05
1546225295.08
1546225295.11
1546225295.15
1546225295.18
1546225295.21
1546225295.25
1546225295.28
1546225295.31
1546225295.35
1546225295.38
1546225295.41
1546225295.45
1546225295.48
1546225295.51
1546225295.55
1546225295.58
1546225295.61
1546225295.65
1546225295.68
1546225295.71
1546225295.75
1546225295.78
1546225295.81
1546225295.85
1546225295.88
1546225295.91
1546225295.95
1546225295.98
1546225296.01
1546225296.05
1546225296.08
1546225296.11
1546225296.15
1546225296.18
1546225296.21
1546225296.25
1546225296.28
1546225296.31
1546225296.35
1546225296.38
1546225296.41
1546225296.45
1546225296.48
1546225296.51
1546225296.55
1546225296.58
1546225296.61
1546225296.65
1546225296.68
1546225296.71
1546225296.75
1546225296.78
1546225296.81
1546225296.85
1546225296.88
1546225296.91
1546225296.95
1546225296.98
1546225297.01
1546225297.05
1546225297.08
1546225297.11
1546225297.15
1546225297.18
1546225297.21
1546225297.25
1546225297.28
1546225297.31
1546225297.35
1546225297.38
1546225297.41
1546225297.45
1546225297.48
1546225297.51
1546225297.55
1546225297.58
1546225297.61
1546225297.65
1546225297.68
1546225297.71
1546225297.75
1546225297.78
1546225297.81
1546225297.85
1546225297.88
1546225297.91
1546225297.95
1546225297.98
1546225298.02
1546225298.05
1546225298.08
1546225298.12
1546225298.15
1546225298.18
1546225298.21
1546225298.25
1546225298.28
1546225298.31
1546225298.35
1546225298.38
1546225298.41
1546225298.45
1546225298.48
1546225298.51
1546225298.55
1546225298.58
1546225298.61
1546225298.65
1546225298.68
1546225298.71
1546225298.75
1546225298.78
1546225298.81
1546225298.85
1546225298.88
1546225298.91
1546225298.95
1546225298.98
1546225299.01
1546225299.05
1546225299.08
1546225299.11
1546225299.15
1546225299.18
1546225299.21
1546225299.25
1546225299.28
1546225299.31
1546225299.35
1546225299.38
1546225299.41
1546225299.45
1546225299.48
1546225299.51
1546225299.55
1546225299.58
1546225299.61
1546225299.65
1546225299.68
1546225299.71
1546225299.74
1546225299.78
1546225299.81
1546225299.85
1546225299.88
1546225299.91
1546225299.94
1546225299.98
1546225300.01
1546225300.05
1546225300.08
1546225300.11
1546225300.14
1546225300.18
1546225300.21
1546225300.24
1546225300.28
1546225300.31
1546225300.35
1546225300.38
1546225300.41
1546225300.44
1546225300.48
1546225300.51
1546225300.55
1546225300.58
1546225300.61
1546225300.64
1546225300.68
1546225300.71
1546225300.74
1546225300.78
1546225300.81
1546225300.85
1546225300.88
1546225300.91
1546225300.94
1546225300.98
1546225301.01
1546225301.05
1546225301.08
1546225301.11
1546225301.14
1546225301.18
1546225301.21
1546225301.24
1546225301.28
1546225301.31
1546225301.34
1546225301.38
1546225301.41
1546225301.44
1546225301.48
1546225301.51
1546225301.54
1546225301.58
1546225301.61
1546225301.64
1546225301.68
1546225301.71
1546225301.74
1546225301.78
1546225301.81
1546225301.85
1546225301.88
1546225301.91
1546225301.94
1546225301.98
1546225302.01
1546225302.05
1546225302.08
1546225302.11
1546225302.15
1546225302.18
1546225302.21
1546225302.24
1546225302.28
1546225302.31
1546225302.35
1546225302.38
1546225302.41
1546225302.45
1546225302.48
1546225302.51
1546225302.55
1546225302.58
1546225302.61
1546225302.65
1546225302.68
1546225302.71
1546225302.75
1546225302.78
1546225302.81
1546225302.85
1546225302.88
1546225302.91
1546225302.94
1546225302.98
1546225303.01
1546225303.05
1546225303.08
1546225303.11
1546225303.14
1546225303.18
1546225303.21
1546225303.25
1546225303.28
1546225303.31
1546225303.35
1546225303.38
1546225303.41
1546225303.45
1546225303.48
1546225303.51
1546225303.55
1546225303.58
1546225303.61
1546225303.64
1546225303.68
1546225303.71
1546225303.74
1546225303.78
1546225303.81
1546225303.85
1546225303.88
1546225303.91
1546225303.95
1546225303.98
1546225304.01
1546225304.05
1546225304.08
1546225304.11
1546225304.15
1546225304.18
1546225304.21
1546225304.25
1546225304.28
1546225304.31
1546225304.35
1546225304.38
1546225304.41
1546225304.45
1546225304.48
1546225304.51
1546225304.55
1546225304.58
1546225304.61
1546225304.65
1546225304.68
1546225304.71
1546225304.75
1546225304.78
1546225304.81
1546225304.85
1546225304.88
1546225304.91
1546225304.95
1546225304.98
1546225305.01
1546225305.05
1546225305.08
1546225305.11
1546225305.15
1546225305.18
1546225305.21
1546225305.25
1546225305.28
1546225305.32
1546225305.35
1546225305.38
1546225305.41
1546225305.45
1546225305.48
1546225305.51
1546225305.55
1546225305.58
1546225305.62
1546225305.65
1546225305.68
1546225305.71
1546225305.75
1546225305.78
1546225305.82
1546225305.85
1546225305.88
1546225305.92
1546225305.95
1546225305.98
1546225306.01
1546225306.05
1546225306.08
1546225306.11
1546225306.15
1546225306.18
1546225306.21
1546225306.25
1546225306.28
1546225306.32
1546225306.35
1546225306.38
1546225306.41
1546225306.45
1546225306.48
1546225306.52
1546225306.55
1546225306.58
1546225306.62
1546225306.65
1546225306.68
1546225306.71
1546225306.75
1546225306.78
1546225306.82
1546225306.85
1546225306.88
1546225306.92
1546225306.95
1546225306.98
1546225307.02
1546225307.05
1546225307.08
1546225307.12
1546225307.15
1546225307.18
1546225307.22
1546225307.25
1546225307.28
1546225307.32
1546225307.35
1546225307.38
1546225307.42
1546225307.45
1546225307.48
1546225307.52
1546225307.55
1546225307.58
1546225307.62
1546225307.65
1546225307.68
1546225307.72
1546225307.75
1546225307.79
1546225307.82
1546225307.85
1546225307.88
1546225307.92
1546225307.95
1546225307.98
1546225308.02
1546225308.05
1546225308.09
1546225308.12
1546225308.15
1546225308.19
1546225308.22
1546225308.25
1546225308.29
1546225308.32
1546225308.35
1546225308.38
1546225308.42
1546225308.45
1546225308.49
1546225308.52
1546225308.55
1546225308.59
1546225308.62
1546225308.65
1546225308.69
1546225308.72
1546225308.75
1546225308.79
1546225308.82
1546225308.85
1546225308.89
1546225308.92
1546225308.95
1546225308.98
1546225309.01
1546225309.05
1546225309.08
1546225309.11
1546225309.15
1546225309.18
1546225309.21
1546225309.25
1546225309.28
1546225309.31
1546225309.35
1546225309.38
1546225309.41
1546225309.45
1546225309.48
1546225309.51
1546225309.55
1546225309.58
1546225309.61
1546225309.65
1546225309.68
1546225309.71
1546225309.75
1546225309.78
1546225309.81
1546225309.85
1546225309.88
1546225309.91
1546225309.95
1546225309.98
1546225310.01
1546225310.05
1546225310.08
1546225310.11
1546225310.15
1546225310.18
1546225310.21
1546225310.25
1546225310.28
1546225310.31
1546225310.35
1546225310.38
1546225310.41
1546225310.45
1546225310.48
1546225310.51
1546225310.55
1546225310.58
1546225310.61
1546225310.65
1546225310.68
1546225310.71
1546225310.74
1546225310.78
1546225310.81
1546225310.85
1546225310.88
1546225310.91
1546225310.95
1546225310.98
1546225311.01
1546225311.05
1546225311.08
1546225311.11
1546225311.14
1546225311.18
1546225311.21
1546225311.24
1546225311.28
1546225311.31
1546225311.35
1546225311.38
1546225311.41
1546225311.44
1546225311.48
1546225311.51
1546225311.55
1546225311.58
1546225311.61
1546225311.64
1546225311.68
1546225311.71
1546225311.74
1546225311.78
1546225311.81
1546225311.84
1546225311.88
1546225311.91
1546225311.94
1546225311.98
1546225312.01
1546225312.04
1546225312.08
1546225312.11
1546225312.14
1546225312.18
1546225312.21
1546225312.24
1546225312.28
1546225312.31
1546225312.35
1546225312.38
1546225312.41
1546225312.44
1546225312.48
1546225312.51
1546225312.54
1546225312.58
1546225312.61
1546225312.64
1546225312.68
1546225312.71
1546225312.74
1546225312.78
1546225312.81
1546225312.84
1546225312.88
1546225312.91
1546225312.94
1546225312.98
1546225313.01
1546225313.04
1546225313.08
1546225313.11
1546225313.14
1546225313.18
1546225313.21
1546225313.24
1546225313.28
1546225313.31
1546225313.34
1546225313.38
1546225313.41
1546225313.44
1546225313.48
1546225313.51
1546225313.54
1546225313.58
1546225313.61
1546225313.64
1546225313.68
1546225313.71
1546225313.74
1546225313.78
1546225313.81
1546225313.84
1546225313.88
1546225313.91
1546225313.94
1546225313.98
1546225314.01
1546225314.04
1546225314.08
1546225314.11
1546225314.14
1546225314.18
1546225314.21
1546225314.24
1546225314.28
1546225314.31
1546225314.34
1546225314.38
1546225314.41
1546225314.44
1546225314.48
1546225314.51
1546225314.54
1546225314.58
1546225314.61
1546225314.64
1546225314.68
1546225314.71
1546225314.74
1546225314.78
1546225314.81
1546225314.84
1546225314.88
1546225314.91
1546225314.94
1546225314.98
1546225315.01
1546225315.04
1546225315.08
1546225315.11
1546225315.14
1546225315.17
1546225315.21
1546225315.24
1546225315.28
1546225315.31
1546225315.34
1546225315.37
1546225315.41
1546225315.44
1546225315.47
1546225315.51
1546225315.54
1546225315.57
1546225315.61
1546225315.64
1546225315.67
1546225315.71
1546225315.74
1546225315.77
1546225315.81
1546225315.84
1546225315.87
1546225315.91
1546225315.94
1546225315.97
1546225316.01
1546225316.04
1546225316.07
1546225316.11
1546225316.14
1546225316.17
1546225316.21
1546225316.24
1546225316.27
1546225316.31
1546225316.34
1546225316.37
1546225316.41
1546225316.44
1546225316.47
1546225316.51
1546225316.54
1546225316.57
1546225316.61
1546225316.64
1546225316.67
1546225316.71
1546225316.74
1546225316.77
1546225316.81
1546225316.84
1546225316.88
1546225316.91
1546225316.94
1546225316.97
1546225317.01
1546225317.04
1546225317.07
1546225317.11
1546225317.14
1546225317.17
1546225317.21
1546225317.24
1546225317.27
1546225317.31
1546225317.34
1546225317.37
1546225317.41
1546225317.44
1546225317.47
1546225317.51
1546225317.54
1546225317.57
1546225317.61
1546225317.64
1546225317.67
1546225317.71
1546225317.74
1546225317.77
1546225317.81
1546225317.84
1546225317.87
1546225317.91
1546225317.94
1546225317.97
1546225318.01
1546225318.04
1546225318.07
1546225318.11
1546225318.14
1546225318.17
1546225318.21
1546225318.24
1546225318.27
1546225318.31
1546225318.34
1546225318.37
1546225318.41
1546225318.44
1546225318.47
1546225318.51
1546225318.54
1546225318.57
1546225318.61
1546225318.64
1546225318.67
1546225318.71
1546225318.74
1546225318.78
1546225318.81
1546225318.84
1546225318.87
1546225318.91
1546225318.94
1546225318.97
1546225319.01
1546225319.04
1546225319.07
1546225319.11
1546225319.14
1546225319.17
1546225319.21
1546225319.24
1546225319.27
1546225319.31
1546225319.34
1546225319.37
1546225319.41
1546225319.44
1546225319.47
1546225319.51
1546225319.54
1546225319.57
1546225319.61
1546225319.64
1546225319.67
1546225319.71
1546225319.74
1546225319.77
1546225319.81
1546225319.84
1546225319.87
1546225319.91
1546225319.94
1546225319.97
1546225320.01
1546225320.04
1546225320.07
1546225320.11
1546225320.14
1546225320.17
1546225320.21
1546225320.24
1546225320.27
1546225320.31
1546225320.34
1546225320.37
1546225320.41
1546225320.44
1546225320.47
1546225320.51
1546225320.54
1546225320.57
1546225320.61
1546225320.64
1546225320.67
1546225320.71
1546225320.74
1546225320.77
1546225320.81
1546225320.84
1546225320.87
1546225320.91
1546225320.94
1546225320.97
1546225321.01
1546225321.04
1546225321.07
1546225321.11
1546225321.14
1546225321.17
1546225321.21
1546225321.24
1546225321.27
1546225321.31
1546225321.34
1546225321.37
1546225321.41
1546225321.44
1546225321.47
1546225321.51
1546225321.54
1546225321.57
1546225321.61
1546225321.64
1546225321.67
1546225321.71
1546225321.74
1546225321.77
1546225321.81
1546225321.84
1546225321.87
1546225321.91
1546225321.94
1546225321.97
1546225322.01
1546225322.04
1546225322.07
1546225322.11
1546225322.14
1546225322.17
1546225322.21
1546225322.24
1546225322.27
1546225322.31
1546225322.34
1546225322.37
1546225322.41
1546225322.44
1546225322.47
1546225322.51
1546225322.54
1546225322.57
1546225322.61
1546225322.64
1546225322.67
1546225322.71
1546225322.74
1546225322.77
1546225322.81
1546225322.84
1546225322.87
1546225322.91
1546225322.94
1546225322.97
1546225323.01
1546225323.04
1546225323.07
1546225323.11
1546225323.14
1546225323.17
1546225323.21
1546225323.24
1546225323.27
1546225323.31
1546225323.34
1546225323.37
1546225323.41
1546225323.44
1546225323.47
1546225323.51
1546225323.54
1546225323.57
1546225323.61
1546225323.64
1546225323.67
1546225323.71
1546225323.74
1546225323.77
1546225323.81
1546225323.84
1546225323.87
1546225323.91
1546225323.94
1546225323.97
1546225324.01
1546225324.04
1546225324.07
1546225324.11
1546225324.14
1546225324.17
1546225324.21
1546225324.24
1546225324.27
1546225324.31
1546225324.34
1546225324.37
1546225324.41
1546225324.44
1546225324.47
1546225324.51
1546225324.54
1546225324.57
1546225324.61
1546225324.64
1546225324.67
1546225324.71
1546225324.74
1546225324.77
1546225324.81
1546225324.84
1546225324.87
1546225324.91
1546225324.94
1546225324.97
1546225325.01
1546225325.04
1546225325.07
1546225325.11
1546225325.14
1546225325.17
1546225325.21
1546225325.24
1546225325.27
1546225325.31
1546225325.34
1546225325.37
1546225325.41
1546225325.44
1546225325.47
1546225325.51
1546225325.54
1546225325.57
1546225325.61
1546225325.64
1546225325.67
1546225325.71
1546225325.74
1546225325.77
1546225325.81
1546225325.84
1546225325.87
1546225325.91
1546225325.94
1546225325.97
1546225326.01
1546225326.04
1546225326.07
1546225326.11
1546225326.14
1546225326.17
1546225326.21
1546225326.24
1546225326.27
1546225326.31
1546225326.34
1546225326.37
1546225326.41
1546225326.44
1546225326.47
1546225326.51
1546225326.54
1546225326.57
1546225326.61
1546225326.64
1546225326.67
1546225326.71
1546225326.74
1546225326.77
1546225326.81
1546225326.84
1546225326.87
1546225326.91
1546225326.94
1546225326.97
1546225327.01
1546225327.04
1546225327.07
1546225327.11
1546225327.14
1546225327.17
1546225327.21
1546225327.24
1546225327.27
1546225327.31
1546225327.34
1546225327.37
1546225327.41
1546225327.44
1546225327.47
1546225327.51
1546225327.54
1546225327.57
1546225327.61
1546225327.64
1546225327.67
1546225327.71
1546225327.74
1546225327.77
1546225327.81
1546225327.84
1546225327.87
1546225327.91
1546225327.94
1546225327.97
1546225328.01
1546225328.04
1546225328.07
1546225328.11
1546225328.14
1546225328.17
1546225328.21
1546225328.24
1546225328.27
1546225328.31
1546225328.34
1546225328.37
1546225328.41
1546225328.44
1546225328.47
1546225328.51
1546225328.54
1546225328.58
1546225328.61
1546225328.64
1546225328.68
1546225328.71
1546225328.74
1546225328.77
1546225328.81
1546225328.84
1546225328.88
1546225328.91
1546225328.94
1546225328.97
1546225329.01
1546225329.04
1546225329.08
1546225329.11
1546225329.14
1546225329.18
1546225329.21
1546225329.24
1546225329.27
1546225329.31
1546225329.34
1546225329.38
1546225329.41
1546225329.44
1546225329.47
1546225329.51
1546225329.54
1546225329.58
1546225329.61
1546225329.64
1546225329.67
1546225329.71
1546225329.74
1546225329.77
1546225329.81
1546225329.84
1546225329.87
1546225329.91
1546225329.94
1546225329.98
1546225330.01
1546225330.04
1546225330.08
1546225330.11
1546225330.14
1546225330.17
1546225330.21
1546225330.24
1546225330.28
1546225330.31
1546225330.34
1546225330.37
1546225330.41
1546225330.44
1546225330.47
1546225330.51
1546225330.54
1546225330.57
1546225330.61
1546225330.64
1546225330.67
1546225330.71
1546225330.74
1546225330.78
1546225330.81
1546225330.84
1546225330.88
1546225330.91
1546225330.94
1546225330.97
1546225331.01
1546225331.04
1546225331.08
1546225331.11
1546225331.14
1546225331.18
1546225331.21
1546225331.24
1546225331.28
1546225331.31
1546225331.34
1546225331.38
1546225331.41
1546225331.44
1546225331.48
1546225331.51
1546225331.54
1546225331.58
1546225331.61
1546225331.64
1546225331.68
1546225331.71
1546225331.74
1546225331.78
1546225331.81
1546225331.85
1546225331.88
1546225331.91
1546225331.94
1546225331.98
1546225332.01
1546225332.04
1546225332.08
1546225332.11
1546225332.14
1546225332.18
1546225332.21
1546225332.24
1546225332.28
1546225332.31
1546225332.34
1546225332.38
1546225332.41
1546225332.44
1546225332.48
1546225332.51
1546225332.55
1546225332.58
1546225332.61
1546225332.64
1546225332.68
1546225332.71
1546225332.74
1546225332.78
1546225332.81
1546225332.84
1546225332.87
1546225332.9
1546225332.94
1546225332.97
1546225333.01
1546225333.04
1546225333.07
1546225333.11
1546225333.14
1546225333.17
1546225333.2
1546225333.24
1546225333.27
1546225333.31
1546225333.34
1546225333.37
1546225333.4
1546225333.44
1546225333.47
1546225333.51
1546225333.54
1546225333.57
1546225333.61
1546225333.64
1546225333.67
1546225333.7
1546225333.74
1546225333.77
1546225333.81
1546225333.84
1546225333.87
1546225333.9
1546225333.94
1546225333.97
1546225334.0
1546225334.04
1546225334.07
1546225334.11
1546225334.14
1546225334.17
1546225334.2
1546225334.24
1546225334.27
1546225334.3
1546225334.34
1546225334.37
1546225334.4
1546225334.44
1546225334.47
1546225334.5
1546225334.54
1546225334.57
1546225334.6
1546225334.64
1546225334.67
1546225334.7
1546225334.74
1546225334.77
1546225334.81
1546225334.84
1546225334.87
1546225334.9
1546225334.94
1546225334.97
1546225335.01
1546225335.04
1546225335.07
1546225335.11
1546225335.14
1546225335.17
1546225335.21
1546225335.24
1546225335.27
1546225335.31
1546225335.34
1546225335.37
1546225335.41
1546225335.44
1546225335.47
1546225335.51
1546225335.54
1546225335.57
1546225335.61
1546225335.64
1546225335.67
1546225335.71
1546225335.74
1546225335.77
1546225335.81
1546225335.84
1546225335.87
1546225335.9
1546225335.94
1546225335.97
1546225336.01
1546225336.04
1546225336.07
1546225336.11
1546225336.14
1546225336.17
1546225336.2
1546225336.24
1546225336.27
1546225336.31
1546225336.34
1546225336.37
1546225336.4
1546225336.44
1546225336.47
1546225336.51
1546225336.54
1546225336.57
1546225336.61
1546225336.64
1546225336.67
1546225336.7
1546225336.74
1546225336.77
1546225336.81
1546225336.84
1546225336.87
1546225336.9
1546225336.94
1546225336.97
1546225337.01
1546225337.04
1546225337.07
1546225337.11
1546225337.14
1546225337.17
1546225337.2
1546225337.24
1546225337.27
1546225337.31
1546225337.34
1546225337.37
1546225337.41
1546225337.44
1546225337.47
1546225337.51
1546225337.54
1546225337.57
1546225337.61
1546225337.64
1546225337.67
1546225337.71
1546225337.74
1546225337.77
1546225337.81
1546225337.84
1546225337.87
1546225337.9
1546225337.94
1546225337.97
1546225338.01
1546225338.04
1546225338.07
1546225338.11
1546225338.14
1546225338.17
1546225338.2
1546225338.24
1546225338.27
1546225338.31
1546225338.34
1546225338.37
1546225338.41
1546225338.44
1546225338.47
1546225338.51
1546225338.54
1546225338.57
1546225338.61
1546225338.64
1546225338.67
1546225338.71
1546225338.74
1546225338.77
1546225338.81
1546225338.84
1546225338.87
1546225338.9
1546225338.94
1546225338.97
1546225339.01
1546225339.04
1546225339.07
1546225339.11
1546225339.14
1546225339.17
1546225339.2
1546225339.24
1546225339.27
1546225339.31
1546225339.34
1546225339.37
1546225339.4
1546225339.44
1546225339.47
1546225339.51
1546225339.54
1546225339.57
1546225339.6
1546225339.64
1546225339.67
1546225339.7
1546225339.74
1546225339.77
1546225339.81
1546225339.84
1546225339.87
1546225339.9
1546225339.94
1546225339.97
1546225340.0
1546225340.04
1546225340.07
1546225340.1
1546225340.14
1546225340.17
1546225340.2
1546225340.24
1546225340.27
1546225340.3
1546225340.34
1546225340.37
1546225340.4
1546225340.44
1546225340.47
1546225340.5
1546225340.54
1546225340.57
1546225340.6
1546225340.64
1546225340.67
1546225340.7
1546225340.74
1546225340.77
1546225340.8
1546225340.84
1546225340.87
1546225340.9
1546225340.94
1546225340.97
1546225341.0
1546225341.04
1546225341.07
1546225341.11
1546225341.14
1546225341.17
1546225341.2
1546225341.24
1546225341.27
1546225341.3
1546225341.34
1546225341.37
1546225341.4
1546225341.44
1546225341.47
1546225341.5
1546225341.54
1546225341.57
1546225341.6
1546225341.64
1546225341.67
1546225341.7
1546225341.74
1546225341.77
1546225341.8
1546225341.84
1546225341.87
1546225341.9
1546225341.94
1546225341.97
1546225342.0
1546225342.04
1546225342.07
1546225342.1
1546225342.14
1546225342.17
1546225342.2
1546225342.24
1546225342.27
1546225342.3
1546225342.34
1546225342.37
1546225342.4
1546225342.44
1546225342.47
1546225342.5
1546225342.54
1546225342.57
1546225342.6
1546225342.64
1546225342.67
1546225342.7
1546225342.74
1546225342.77
1546225342.8
1546225342.84
1546225342.87
1546225342.9
1546225342.94
1546225342.97
1546225343.0
1546225343.04
1546225343.07
1546225343.1
1546225343.14
1546225343.17
1546225343.2
1546225343.24
1546225343.27
1546225343.3
1546225343.34
1546225343.37
1546225343.4
1546225343.44
1546225343.47
1546225343.51
1546225343.54
1546225343.57
1546225343.61
1546225343.64
1546225343.67
1546225343.7
1546225343.74
1546225343.77
1546225343.81
1546225343.84
1546225343.87
1546225343.9
1546225343.94
1546225343.97
1546225344.01
1546225344.04
1546225344.07
1546225344.11
1546225344.14
1546225344.17
1546225344.2
1546225344.24
1546225344.27
1546225344.3
1546225344.34
1546225344.37
1546225344.4
1546225344.44
1546225344.47
1546225344.5
1546225344.54
1546225344.57
1546225344.6
1546225344.64
1546225344.67
1546225344.7
1546225344.74
1546225344.77
1546225344.8
1546225344.84
